4 0.90768125 0.8270765625000001 0.9533859375 0.8269374999999999 0.9534796875 0.7829250000000001 0.90768125 0.7825078124999999 0.90768125 0.8270765625000001
4 0.9125609374999999 0.29375312499999995 0.9593046875 0.29537968749999993 0.960525 0.24658125 0.9141874999999999 0.2478015625 0.9125609374999999 0.29375312499999995
4 0.8560609375 0.541703125 0.9031578125 0.540828125 0.9028062499999999 0.49534531249999997 0.8556546875000001 0.49656406249999996 0.8560609375 0.541703125
4 0.737371875 0.4298734375 0.737778125 0.3843281250000001 0.691034375 0.38392187499999997 0.691034375 0.4298734375 0.737371875 0.4298734375
4 0.691034375 0.698846875 0.7356875 0.6991984375 0.7353390625 0.6524890624999999 0.6902203124999999 0.6524890624999999 0.691034375 0.698846875
4 0.47736562499999996 0.8223093750000001 0.5217578125 0.8255593750000001 0.522840625 0.7789812500000001 0.47736562499999996 0.7789812500000001 0.47736562499999996 0.8223093750000001
4 0.04102499999999988 0.8298921874999999 0.08433437500000004 0.832059375 0.08216874999999983 0.7843968750000001 0.039942187499999976 0.78548125 0.04102499999999988 0.8298921874999999
4 0.03019843749999988 0.540675 0.07483125000000007 0.541509375 0.0735062499999999 0.494096875 0.02803281249999993 0.49301249999999996 0.03019843749999988 0.540675
4 0.024784374999999942 0.304534375 0.06804218750000002 0.30294375000000007 0.0670109374999998 0.2557890624999999 0.0237015624999999 0.2557890624999999 0.024784374999999942 0.304534375
4 0.2088484374999999 0.3576109374999999 0.2521578124999999 0.3576109374999999 0.2521578124999999 0.3142828125 0.207765625 0.3142828125 0.2088484374999999 0.3576109374999999
4 0.2478265624999999 0.5363421875 0.2920609375 0.5376296875 0.29113593749999994 0.49301249999999996 0.2478265624999999 0.494096875 0.2478265624999999 0.5363421875
4 0.47890937499999997 0.5343078124999999 0.5238968749999999 0.535034375 0.5240609374999999 0.48708281249999996 0.4799359374999999 0.488109375 0.47890937499999997 0.5343078124999999
3 0.4131609375 0.6341328125 0.40395937499999995 0.6441546874999999 0.396653125 0.6533625 0.3890765625 0.662840625 0.3825812499999999 0.672590625 0.3741921875 0.6823406249999999 0.37229843749999997 0.6864031250000001 0.3714859375 0.6893828125 0.37283906249999993 0.6910078125 0.37473281249999996 0.6912781250000001 0.37852187500000006 0.6910078125 0.38826406249999984 0.69805 0.3969234374999999 0.7040078125 0.4031484375 0.6958828125 0.41722031249999997 0.678278125 0.42885625 0.6617578125 0.44455156249999994 0.6422578125 0.43751562499999996 0.6365703125000001 0.4329156249999999 0.6341328125 0.428315625 0.6303421874999999 0.4261499999999999 0.6246546875 0.4215499999999999 0.6230296875 0.419384375 0.6268203125 0.4131609375 0.6341328125
2 0.19682343749999995 0.5868796875 0.19005781249999978 0.5709 0.1876234374999998 0.5627765625 0.1876234374999998 0.557359375 0.18437499999999996 0.5551921875 0.17923437500000006 0.555734375 0.1773390624999999 0.555734375 0.1765281249999999 0.5608796875 0.183021875 0.5698171875 0.18789374999999986 0.5860671875 0.194659375 0.603671875 0.20142343750000002 0.6218171875 0.2065656249999999 0.63265 0.21062500000000003 0.6464624999999999 0.21619531249999996 0.6490734375 0.21522499999999997 0.6432125 0.21495468750000005 0.6388796875000001 0.21251874999999992 0.6323796875 0.20873124999999998 0.621275 0.20575312500000004 0.6107124999999999 0.2006124999999999 0.598525 0.19682343749999995 0.5868796875