4 0.90768125 0.17292343749999997 0.90768125 0.21749218750000002 0.9534796875 0.217075 0.9533859375 0.1730625 0.90768125 0.17292343749999997
4 0.9125609374999999 0.706246875 0.9141874999999999 0.7521984375 0.960525 0.75341875 0.9593046875 0.7046203125 0.9125609374999999 0.706246875
4 0.8560609375 0.458296875 0.8556546875000001 0.5034359375 0.9028062499999999 0.5046546875 0.9031578125 0.45917187500000006 0.8560609375 0.458296875
4 0.737371875 0.5701265624999999 0.691034375 0.5701265624999999 0.691034375 0.616078125 0.737778125 0.6156718749999999 0.737371875 0.5701265624999999
4 0.691034375 0.301153125 0.6902203124999999 0.3475109375 0.7353390625 0.3475109375 0.7356875 0.3008015625 0.691034375 0.301153125
4 0.47736562499999996 0.177690625 0.47736562499999996 0.22101874999999999 0.522840625 0.22101874999999999 0.5217578125 0.17444062500000002 0.47736562499999996 0.177690625
4 0.04102499999999988 0.1701078125 0.039942187499999976 0.21451875 0.08216874999999983 0.21560312499999998 0.08433437500000004 0.167940625 0.04102499999999988 0.1701078125
4 0.03019843749999988 0.45932500000000004 0.02803281249999993 0.5069875 0.0735062499999999 0.505903125 0.07483125000000007 0.458490625 0.03019843749999988 0.45932500000000004
4 0.024784374999999942 0.695465625 0.0237015624999999 0.7442109375000001 0.0670109374999998 0.7442109375000001 0.06804218750000002 0.6970562499999999 0.024784374999999942 0.695465625
4 0.2088484374999999 0.6423890625 0.207765625 0.6857171875 0.2521578124999999 0.6857171875 0.2521578124999999 0.6423890625 0.2088484374999999 0.6423890625
4 0.2478265624999999 0.46365781250000004 0.2478265624999999 0.505903125 0.29113593749999994 0.5069875 0.2920609375 0.4623703125 0.2478265624999999 0.46365781250000004
4 0.47890937499999997 0.4656921875000001 0.4799359374999999 0.511890625 0.5240609374999999 0.5129171875 0.5238968749999999 0.464965625 0.47890937499999997 0.4656921875000001
0 0.7037037037037037 0.7037037037037037 0.7083333333333334 0.7083333333333334 0.7060185185185185 0.7129629629629629 0.7013888888888888 0.7152777777777778 0.7060185185185185 0.7129629629629629 0.7083333333333334 0.7083333333333334 0.7060185185185185 0.7060185185185185
0 0.6319444444444444 0.6759259259259259 0.6296296296296297 0.6712962962962963 0.6296296296296297 0.6597222222222222 0.6319444444444444 0.6574074074074074 0.6365740740740741 0.6574074074074074 0.6319444444444444 0.6574074074074074 0.6296296296296297 0.6597222222222222 0.6296296296296297 0.6689814814814815 0.6319444444444444 0.6736111111111112
0 0.5717592592592593 0.6666666666666666 0.5694444444444444 0.6620370370370371 0.5717592592592593 0.6574074074074074 0.5787037037037037 0.6574074074074074 0.5787037037037037 0.6736111111111112 0.5763888888888888 0.6736111111111112 0.5787037037037037 0.6689814814814815 0.5787037037037037 0.6597222222222222 0.5763888888888888 0.6574074074074074 0.5717592592592593 0.6574074074074074 0.5694444444444444 0.6597222222222222 0.5740740740740741 0.6666666666666666
0 0.5254629629629629 0.6689814814814815 0.5254629629629629 0.6736111111111112 0.5231481481481481 0.6759259259259259 0.5254629629629629 0.6805555555555556 0.5231481481481481 0.6759259259259259 0.5254629629629629 0.6712962962962963
0 0.4513888888888889 0.6666666666666666 0.46064814814814814 0.6666666666666666 0.46296296296296297 0.6689814814814815 0.46064814814814814 0.6712962962962963 0.46064814814814814 0.6805555555555556 0.46064814814814814 0.6689814814814815 0.4583333333333333 0.6666666666666666 0.4537037037037037 0.6666666666666666 0.4513888888888889 0.6689814814814815 0.4537037037037037 0.6712962962962963 0.4537037037037037 0.6759259259259259 0.4537037037037037 0.6712962962962963 0.4513888888888889 0.6689814814814815
0 0.4027777777777778 0.6736111111111112 0.011574074074074073 0.020833333333333332
0 0.3425925925925926 0.6805555555555556 0.3402777777777778 0.6828703703703703 0.3333333333333333 0.6828703703703703 0.3333333333333333 0.6782407407407407 0.33564814814814814 0.6828703703703703 0.3402777777777778 0.6828703703703703
0 0.26851851851851855 0.6666666666666666 0.2708333333333333 0.6666666666666666 0.2708333333333333 0.6759259259259259 0.2708333333333333 0.6712962962962963 0.26851851851851855 0.6689814814814815 0.2662037037037037 0.6712962962962963 0.2662037037037037 0.6805555555555556 0.2638888888888889 0.6828703703703703 0.2662037037037037 0.6851851851851852 0.2708333333333333 0.6851851851851852 0.27314814814814814 0.6805555555555556 0.27314814814814814 0.6851851851851852 0.2638888888888889 0.6851851851851852 0.2662037037037037 0.6805555555555556 0.2662037037037037 0.6712962962962963 0.26851851851851855 0.6689814814814815