4 0.90768125 0.8270765625000001 0.9533859375 0.8269374999999999 0.9534796875 0.7829250000000001 0.90768125 0.7825078124999999 0.90768125 0.8270765625000001
4 0.9125609374999999 0.29375312499999995 0.9593046875 0.29537968749999993 0.960525 0.24658125 0.9141874999999999 0.2478015625 0.9125609374999999 0.29375312499999995
4 0.8560609375 0.541703125 0.9031578125 0.540828125 0.9028062499999999 0.49534531249999997 0.8556546875000001 0.49656406249999996 0.8560609375 0.541703125
4 0.737371875 0.4298734375 0.737778125 0.3843281250000001 0.691034375 0.38392187499999997 0.691034375 0.4298734375 0.737371875 0.4298734375
4 0.691034375 0.698846875 0.7356875 0.6991984375 0.7353390625 0.6524890624999999 0.6902203124999999 0.6524890624999999 0.691034375 0.698846875
4 0.47736562499999996 0.8223093750000001 0.5217578125 0.8255593750000001 0.522840625 0.7789812500000001 0.47736562499999996 0.7789812500000001 0.47736562499999996 0.8223093750000001
4 0.04102499999999988 0.8298921874999999 0.08433437500000004 0.832059375 0.08216874999999983 0.7843968750000001 0.039942187499999976 0.78548125 0.04102499999999988 0.8298921874999999
4 0.03019843749999988 0.540675 0.07483125000000007 0.541509375 0.0735062499999999 0.494096875 0.02803281249999993 0.49301249999999996 0.03019843749999988 0.540675
4 0.024784374999999942 0.304534375 0.06804218750000002 0.30294375000000007 0.0670109374999998 0.2557890624999999 0.0237015624999999 0.2557890624999999 0.024784374999999942 0.304534375
4 0.2088484374999999 0.3576109374999999 0.2521578124999999 0.3576109374999999 0.2521578124999999 0.3142828125 0.207765625 0.3142828125 0.2088484374999999 0.3576109374999999
4 0.2478265624999999 0.5363421875 0.2920609375 0.5376296875 0.29113593749999994 0.49301249999999996 0.2478265624999999 0.494096875 0.2478265624999999 0.5363421875
4 0.47890937499999997 0.5343078124999999 0.5238968749999999 0.535034375 0.5240609374999999 0.48708281249999996 0.4799359374999999 0.488109375 0.47890937499999997 0.5343078124999999
5 0.5486111111111112 0.38657407407407407 0.5532407407407407 0.3888888888888889 0.5601851851851852 0.39814814814814814 0.5578703703703703 0.4050925925925926 0.5486111111111112 0.41203703703703703 0.5370370370370371 0.4097222222222222 0.5324074074074074 0.40046296296296297 0.5370370370370371 0.3888888888888889 0.5462962962962963 0.38657407407407407
5 0.39814814814814814 0.39351851851851855 0.40046296296296297 0.39351851851851855 0.4027777777777778 0.3888888888888889 0.41435185185185186 0.3888888888888889 0.41898148148148145 0.3958333333333333 0.41898148148148145 0.4050925925925926 0.4097222222222222 0.41203703703703703 0.4027777777777778 0.4097222222222222 0.39814814814814814 0.4050925925925926 0.39814814814814814 0.3958333333333333
5 0.6356781249999999 0.5140625 0.6325531249999999 0.515625 0.629428125 0.521875 0.629428125 0.5296875 0.634115625 0.5359375 0.638196875 0.5362234374999999 0.6441781249999999 0.535703125 0.6530187500000001 0.53258125 0.6535390624999999 0.5250359375 0.652865625 0.5203125 0.6466156249999999 0.5140625 0.6356781249999999 0.5140625
5 0.7129629629629629 0.5416666666666666 0.7245370370370371 0.5393518518518519 0.7291666666666666 0.5416666666666666 0.7337962962962963 0.5486111111111112 0.7314814814814815 0.5555555555555556 0.7268518518518519 0.5601851851851852 0.7175925925925926 0.5625 0.7129629629629629 0.5601851851851852 0.7106481481481481 0.5555555555555556 0.7106481481481481 0.5462962962962963 0.7129629629629629 0.5439814814814815
5 0.5972222222222222 0.6851851851851852 0.02546296296296296 0.02546296296296296
5 0.3425925925925926 0.5648148148148148 0.3472222222222222 0.5694444444444444 0.3472222222222222 0.5787037037037037 0.3449074074074074 0.5787037037037037 0.3425925925925926 0.5833333333333334 0.3287037037037037 0.5833333333333334 0.32407407407407407 0.5763888888888888 0.32407407407407407 0.5717592592592593 0.3287037037037037 0.5648148148148148 0.3333333333333333 0.5625 0.33796296296296297 0.5625 0.3402777777777778 0.5648148148148148
5 0.2013888888888889 0.5902777777777778 0.2037037037037037 0.5949074074074074 0.2037037037037037 0.6041666666666666 0.19444444444444445 0.6087962962962963 0.1875 0.6087962962962963 0.18055555555555555 0.6041666666666666 0.18055555555555555 0.5925925925925926 0.1875 0.5879629629629629 0.19675925925925927 0.5879629629629629 0.19907407407407407 0.5902777777777778
5 0.27546296296296297 0.7384259259259259 0.02546296296296296 0.02546296296296296
5 0.2777777777777778 0.42824074074074076 0.27314814814814814 0.41898148148148145 0.27314814814814814 0.41435185185185186 0.2777777777777778 0.4074074074074074 0.2916666666666667 0.4074074074074074 0.2962962962962963 0.41435185185185186 0.2962962962962963 0.4236111111111111 0.29398148148148145 0.42824074074074076 0.2800925925925926 0.42824074074074076
5 0.24074074074074073 0.4837962962962963 0.24074074074074073 0.49074074074074076 0.24305555555555555 0.4930555555555556 0.2361111111111111 0.5023148148148148 0.22453703703703703 0.5023148148148148 0.2199074074074074 0.4976851851851852 0.2199074074074074 0.4837962962962963 0.22685185185185186 0.4791666666666667 0.2337962962962963 0.4791666666666667 0.23842592592592593 0.4837962962962963