4 0.09231875 0.21749218750000002 0.09231875 0.17292343749999997 0.0466140625 0.1730625 0.0465203125 0.217075 0.09231875 0.21749218750000002
4 0.08581250000000001 0.7521984375 0.08743906250000001 0.706246875 0.04069531250000001 0.7046203125 0.039475 0.75341875 0.08581250000000001 0.7521984375
4 0.14434531250000002 0.5034359375 0.1439390625 0.458296875 0.0968421875 0.45917187500000006 0.09719375000000001 0.5046546875 0.14434531250000002 0.5034359375
4 0.308965625 0.5701265624999999 0.26262812500000005 0.5701265624999999 0.26222187500000005 0.6156718749999999 0.308965625 0.616078125 0.308965625 0.5701265624999999
4 0.3097796875 0.3475109375 0.308965625 0.301153125 0.2643125 0.3008015625 0.2646609375 0.3475109375 0.3097796875 0.3475109375
4 0.522634375 0.22101874999999999 0.522634375 0.177690625 0.4782421875 0.17444062500000002 0.47715937500000005 0.22101874999999999 0.522634375 0.22101874999999999
4 0.9600578125 0.21451875 0.9589750000000001 0.1701078125 0.9156656249999999 0.167940625 0.9178312500000002 0.21560312499999998 0.9600578125 0.21451875
4 0.9719671875000001 0.5069875 0.9698015625000002 0.45932500000000004 0.92516875 0.458490625 0.9264937500000001 0.505903125 0.9719671875000001 0.5069875
4 0.9762984375000001 0.7442109375000001 0.975215625 0.695465625 0.9319578125 0.6970562499999999 0.9329890625000002 0.7442109375000001 0.9762984375000001 0.7442109375000001
4 0.792234375 0.6857171875 0.7911515625000001 0.6423890625 0.7478421875000001 0.6423890625 0.7478421875000001 0.6857171875 0.792234375 0.6857171875
4 0.7521734375000001 0.505903125 0.7521734375000001 0.46365781250000004 0.7079390625 0.4623703125 0.7088640625000001 0.5069875 0.7521734375000001 0.505903125
4 0.5200640625 0.511890625 0.521090625 0.4656921875000001 0.47610312500000007 0.464965625 0.47593906250000007 0.5129171875 0.5200640625 0.511890625
1 0.7875000000000001 0.3671875 0.7890625 0.36875 0.7890625 0.3734375 0.784375 0.38125 0.7828125 0.4 0.7890625 0.4078125 0.8 0.4078125 0.8015625000000001 0.40625 0.80625 0.4 0.80625 0.3828125 0.8093750000000001 0.38125 0.8140625 0.371875 0.8140625 0.353125 0.8093750000000001 0.34687500000000004 0.8031250000000001 0.34375 0.8031250000000001 0.33125000000000004 0.7984375 0.325 0.78125 0.325 0.7796875000000001 0.3265625 0.7781250000000001 0.3296875 0.7781250000000001 0.3453125 0.7828125 0.34687500000000004 0.7875000000000001 0.353125 0.7875000000000001 0.3671875
1 0.6578125 0.37031250000000004 0.665625 0.37812500000000004 0.6796875 0.37812500000000004 0.6890625 0.3734375 0.7375 0.375 0.7453125 0.36875 0.74375 0.353125 0.7109375 0.35 0.7093750000000001 0.3484375 0.6921875000000001 0.3484375 0.690625 0.35 0.68125 0.353125 0.6781250000000001 0.35625 0.6640625 0.35468750000000004 0.659375 0.359375 0.6578125 0.37031250000000004
1 0.5763888888888888 0.35648148148148145 0.5787037037037037 0.3611111111111111 0.5810185185185185 0.35648148148148145 0.5925925925925926 0.35648148148148145 0.5949074074074074 0.3587962962962963 0.5925925925925926 0.35648148148148145 0.5833333333333334 0.35648148148148145 0.5787037037037037 0.3611111111111111 0.5787037037037037 0.36574074074074076 0.5810185185185185 0.3680555555555556 0.5787037037037037 0.3726851851851852 0.5810185185185185 0.3680555555555556 0.5763888888888888 0.3611111111111111 0.5740740740740741 0.36342592592592593 0.5763888888888888 0.3587962962962963
1 0.38425925925925924 0.38657407407407407 0.4050925925925926 0.38657407407407407 0.38657407407407407 0.38657407407407407 0.3819444444444444 0.3912037037037037 0.3819444444444444 0.3958333333333333 0.3819444444444444 0.3912037037037037 0.38425925925925924 0.3888888888888889
1 0.5046296296296297 0.35648148148148145 0.5023148148148148 0.375 0.4976851851851852 0.37962962962962965 0.4861111111111111 0.37962962962962965 0.47685185185185186 0.375 0.4861111111111111 0.37962962962962965 0.4976851851851852 0.37962962962962965 0.5023148148148148 0.375 0.5046296296296297 0.3587962962962963