4 0.09231875 0.8270765625000001 0.09231875 0.7825078124999999 0.0465203125 0.7829250000000001 0.0466140625 0.8269374999999999 0.09231875 0.8270765625000001
4 0.08743906250000001 0.29375312499999995 0.08581250000000001 0.2478015625 0.039475 0.24658125 0.04069531250000001 0.29537968749999993 0.08743906250000001 0.29375312499999995
4 0.1439390625 0.541703125 0.14434531250000002 0.49656406249999996 0.09719375000000001 0.49534531249999997 0.0968421875 0.540828125 0.1439390625 0.541703125
4 0.26262812500000005 0.4298734375 0.308965625 0.4298734375 0.308965625 0.38392187499999997 0.26222187500000005 0.3843281250000001 0.26262812500000005 0.4298734375
4 0.308965625 0.698846875 0.3097796875 0.6524890624999999 0.2646609375 0.6524890624999999 0.2643125 0.6991984375 0.308965625 0.698846875
4 0.522634375 0.8223093750000001 0.522634375 0.7789812500000001 0.47715937500000005 0.7789812500000001 0.4782421875 0.8255593750000001 0.522634375 0.8223093750000001
4 0.9589750000000001 0.8298921874999999 0.9600578125 0.78548125 0.9178312500000002 0.7843968750000001 0.9156656249999999 0.832059375 0.9589750000000001 0.8298921874999999
4 0.9698015625000002 0.540675 0.9719671875000001 0.49301249999999996 0.9264937500000001 0.494096875 0.92516875 0.541509375 0.9698015625000002 0.540675
4 0.975215625 0.304534375 0.9762984375000001 0.2557890624999999 0.9329890625000002 0.2557890624999999 0.9319578125 0.30294375000000007 0.975215625 0.304534375
4 0.7911515625000001 0.3576109374999999 0.792234375 0.3142828125 0.7478421875000001 0.3142828125 0.7478421875000001 0.3576109374999999 0.7911515625000001 0.3576109374999999
4 0.7521734375000001 0.5363421875 0.7521734375000001 0.494096875 0.7088640625000001 0.49301249999999996 0.7079390625 0.5376296875 0.7521734375000001 0.5363421875
4 0.521090625 0.5343078124999999 0.5200640625 0.488109375 0.47593906250000007 0.48708281249999996 0.47610312500000007 0.535034375 0.521090625 0.5343078124999999
1 0.2564875 0.798053125 0.26351874999999997 0.7941484375000001 0.26560156250000005 0.7889390625 0.2637796875 0.7790453125 0.2559671875 0.7712328125 0.250759375 0.7696703125 0.2481546875 0.7639421874999999 0.2463328125 0.7543078125 0.246071875 0.7457140624999999 0.247634375 0.7392046874999999 0.2471140625 0.7321734375 0.246853125 0.7256640625 0.2432078125 0.7194140625000001 0.2385203125 0.71655 0.23227187500000002 0.7152484375 0.22550156250000003 0.7178515625 0.222896875 0.7238406249999999 0.222896875 0.7319140625 0.225240625 0.7394656250000001 0.2265421875 0.74363125 0.2265421875 0.74675625 0.2241984375 0.749359375 0.2223765625 0.7569109374999999 0.2241984375 0.76368125 0.226803125 0.77149375 0.23018750000000002 0.7777421875 0.235396875 0.7811281250000001 0.2393015625 0.782690625 0.2413859375 0.786596875 0.2424265625 0.7920640624999999 0.24555156250000001 0.7951890624999999 0.249978125 0.7979234374999999 0.2564875 0.798053125
1 0.171078125 0.725925 0.17550625 0.7256640625 0.1814953125 0.723059375 0.186703125 0.7178515625 0.18826406250000002 0.713425 0.1872234375 0.7063953125 0.18383750000000004 0.7019687499999999 0.1794109375 0.702228125 0.174725 0.6988437499999999 0.171078125 0.6946765625 0.1663921875 0.686865625 0.162746875 0.6800953125 0.16066249999999999 0.6743671874999999 0.16144375 0.6712421875 0.162746875 0.6662937499999999 0.162746875 0.659003125 0.1593609375 0.6532749999999999 0.15571562500000002 0.64780625 0.14920625 0.645203125 0.14425781250000003 0.64468125 0.1393109375 0.6467640625 0.136446875 0.6532749999999999 0.13774843750000001 0.6595234375 0.14035156250000003 0.6642109374999999 0.14373750000000002 0.667075 0.14425781250000003 0.6717624999999999 0.14165468750000001 0.6769703125 0.1406125 0.682178125 0.14217500000000002 0.6881671875 0.14477968750000003 0.6938953124999999 0.147903125 0.7009265625 0.150246875 0.7053531249999999 0.1546734375 0.7082171875 0.16144375 0.7103015625 0.16300625 0.71420625 0.1637875 0.7178515625 0.16508906250000002 0.721628125 0.171078125 0.725925
1 0.2906 0.6129140624999999 0.2976296875 0.6136953124999999 0.30414062500000005 0.609528125 0.30752500000000005 0.604059375 0.30726406250000005 0.5980703124999999 0.30257812500000003 0.5905203124999999 0.2973703125 0.587134375 0.2864328125 0.584790625 0.2775796875 0.58375 0.27002812500000006 0.5793234374999999 0.2622171875 0.572553125 0.25805 0.567084375 0.25414375 0.5634390625 0.251540625 0.5618765625 0.246853125 0.5595328125 0.2413859375 0.55823125 0.235396875 0.55823125 0.23018750000000002 0.563178125 0.226803125 0.5707296875 0.2304484375 0.5759375 0.2385203125 0.5801031249999999 0.24425000000000002 0.5840093749999999 0.247375 0.588696875 0.253884375 0.5939046875 0.26091406250000004 0.6001546875 0.27002812500000006 0.6035390625 0.27653906250000004 0.6043203125 0.2827875 0.6061437500000001 0.2864328125 0.60991875 0.2906 0.6129140624999999
1 0.3981421875 0.55745 0.4036109375 0.5603140624999999 0.411421875 0.5590124999999999 0.4155890625 0.5553671875 0.41793281250000003 0.5501578125 0.4166296875 0.543909375 0.41402656250000003 0.5387015625 0.40517343749999996 0.53661875 0.4017875 0.5340140624999999 0.39684062500000006 0.5332328125 0.3926734375 0.5316703125 0.38460156250000005 0.52724375 0.3786125000000001 0.5233375 0.37314375000000005 0.5186515625 0.3676765625 0.5165671875 0.365853125 0.5131828125 0.3616875 0.512140625 0.35621875000000003 0.5077140625 0.35231250000000003 0.5061515625 0.3476265625 0.5069328125 0.3429390625 0.5116203125 0.3398140625 0.5178703125 0.3429390625 0.5235984375 0.34892812500000003 0.52880625 0.3517921875 0.5301078124999999 0.3564796875 0.5342749999999999 0.36246875 0.5402640624999999 0.36949843750000005 0.5444296875 0.37522812499999997 0.5472937499999999 0.38356093750000003 0.5509390625 0.3879875 0.5511999999999999 0.3918921875 0.5536734375 0.3981421875 0.55745
1 0.38121718750000005 0.6748875 0.38434218750000004 0.67723125 0.3861640625 0.679834375 0.39241406250000005 0.6811359375 0.39866250000000003 0.6816578125 0.4054328125 0.681396875 0.411421875 0.681396875 0.4155890625 0.680615625 0.4194953125 0.67879375 0.42261875000000004 0.6780124999999999 0.42704531250000005 0.678271875 0.43459687500000005 0.6785328125 0.44110781250000003 0.6754078124999999 0.443971875 0.668378125 0.4429296875000001 0.6610859374999999 0.43954531250000006 0.6564 0.43511875000000005 0.655096875 0.42730625000000005 0.65405625 0.42261875000000004 0.65561875 0.41402656250000003 0.6582218750000001 0.40517343749999996 0.6582218750000001 0.3965796875 0.656659375 0.3908515625 0.656659375 0.38356093750000003 0.65561875 0.37965468750000003 0.651971875 0.3715828125 0.65093125 0.366375 0.652753125 0.36090625 0.6569203125 0.35830156249999995 0.6626484374999999 0.3596046875 0.66941875 0.364290625 0.6741062499999999 0.369759375 0.6750171875 0.38121718750000005 0.6748875