4 0.09231875 0.8270765625000001 0.09231875 0.7825078124999999 0.0465203125 0.7829250000000001 0.0466140625 0.8269374999999999 0.09231875 0.8270765625000001
4 0.08743906250000001 0.29375312499999995 0.08581250000000001 0.2478015625 0.039475 0.24658125 0.04069531250000001 0.29537968749999993 0.08743906250000001 0.29375312499999995
4 0.1439390625 0.541703125 0.14434531250000002 0.49656406249999996 0.09719375000000001 0.49534531249999997 0.0968421875 0.540828125 0.1439390625 0.541703125
4 0.26262812500000005 0.4298734375 0.308965625 0.4298734375 0.308965625 0.38392187499999997 0.26222187500000005 0.3843281250000001 0.26262812500000005 0.4298734375
4 0.308965625 0.698846875 0.3097796875 0.6524890624999999 0.2646609375 0.6524890624999999 0.2643125 0.6991984375 0.308965625 0.698846875
4 0.522634375 0.8223093750000001 0.522634375 0.7789812500000001 0.47715937500000005 0.7789812500000001 0.4782421875 0.8255593750000001 0.522634375 0.8223093750000001
4 0.9589750000000001 0.8298921874999999 0.9600578125 0.78548125 0.9178312500000002 0.7843968750000001 0.9156656249999999 0.832059375 0.9589750000000001 0.8298921874999999
4 0.9698015625000002 0.540675 0.9719671875000001 0.49301249999999996 0.9264937500000001 0.494096875 0.92516875 0.541509375 0.9698015625000002 0.540675
4 0.975215625 0.304534375 0.9762984375000001 0.2557890624999999 0.9329890625000002 0.2557890624999999 0.9319578125 0.30294375000000007 0.975215625 0.304534375
4 0.7911515625000001 0.3576109374999999 0.792234375 0.3142828125 0.7478421875000001 0.3142828125 0.7478421875000001 0.3576109374999999 0.7911515625000001 0.3576109374999999
4 0.7521734375000001 0.5363421875 0.7521734375000001 0.494096875 0.7088640625000001 0.49301249999999996 0.7079390625 0.5376296875 0.7521734375000001 0.5363421875
4 0.521090625 0.5343078124999999 0.5200640625 0.488109375 0.47593906250000007 0.48708281249999996 0.47610312500000007 0.535034375 0.521090625 0.5343078124999999
3 0.6574074074074074 0.4699074074074074 0.6643518518518519 0.47453703703703703 0.6689814814814815 0.4699074074074074 0.6782407407407407 0.4791666666666667 0.6828703703703703 0.4791666666666667 0.6875 0.4837962962962963 0.6921296296296297 0.4837962962962963 0.6921296296296297 0.49074074074074076 0.6851851851851852 0.4976851851851852 0.6805555555555556 0.5185185185185185 0.6759259259259259 0.5231481481481481 0.6759259259259259 0.5300925925925926 0.6712962962962963 0.5347222222222222 0.6712962962962963 0.5439814814814815 0.6643518518518519 0.5555555555555556 0.6388888888888888 0.5509259259259259 0.6296296296296297 0.5439814814814815 0.6226851851851852 0.5439814814814815 0.6180555555555556 0.5393518518518519 0.6203703703703703 0.5277777777777778 0.625 0.5208333333333334 0.625 0.5138888888888888 0.6319444444444444 0.5069444444444444 0.6319444444444444 0.4976851851851852 0.6365740740740741 0.49074074074074076 0.6365740740740741 0.4837962962962963 0.6412037037037037 0.47685185185185186 0.6412037037037037 0.4722222222222222 0.6458333333333334 0.4675925925925926 0.6550925925925926 0.4699074074074074
3 0.6944444444444444 0.2638888888888889 0.6990740740740741 0.26157407407407407 0.7060185185185185 0.25 0.7129629629629629 0.24768518518518517 0.7245370370370371 0.25925925925925924 0.7291666666666666 0.25925925925925924 0.7337962962962963 0.2662037037037037 0.7476851851851852 0.2777777777777778 0.7407407407407407 0.28935185185185186 0.7291666666666666 0.30092592592592593 0.7291666666666666 0.30324074074074076 0.7245370370370371 0.3055555555555556 0.7013888888888888 0.33564814814814814 0.6990740740740741 0.33796296296296297 0.6944444444444444 0.33796296296296297 0.6875 0.3333333333333333 0.6851851851851852 0.3287037037037037 0.6759259259259259 0.32407407407407407 0.6736111111111112 0.3194444444444444 0.6597222222222222 0.30787037037037035 0.6620370370370371 0.30092592592592593 0.6736111111111112 0.28935185185185186 0.6736111111111112 0.28703703703703703 0.6782407407407407 0.2847222222222222 0.6898148148148148 0.26851851851851855 0.6944444444444444 0.2662037037037037
3 0.21064814814814814 0.5023148148148148 0.22685185185185186 0.5138888888888888 0.22685185185185186 0.5162037037037037 0.2152777777777778 0.5324074074074074 0.2152777777777778 0.5370370370370371 0.20601851851851852 0.5462962962962963 0.19212962962962962 0.5694444444444444 0.18518518518518517 0.5787037037037037 0.18055555555555555 0.5810185185185185 0.18055555555555555 0.5833333333333334 0.17824074074074073 0.5833333333333334 0.1712962962962963 0.5740740740740741 0.16203703703703703 0.5694444444444444 0.1597222222222222 0.5671296296296297 0.1597222222222222 0.5625 0.18287037037037038 0.5277777777777778 0.18518518518518517 0.5277777777777778 0.18981481481481483 0.5185185185185185 0.19444444444444445 0.5162037037037037 0.19907407407407407 0.5069444444444444 0.20601851851851852 0.5 0.20833333333333334 0.5023148148148148
3 0.39814814814814814 0.4722222222222222 0.41203703703703703 0.4791666666666667 0.4166666666666667 0.4791666666666667 0.4305555555555556 0.48842592592592593 0.44212962962962965 0.4930555555555556 0.42592592592592593 0.5254629629629629 0.42592592592592593 0.5300925925925926 0.4212962962962963 0.5347222222222222 0.4212962962962963 0.5393518518518519 0.41203703703703703 0.5555555555555556 0.41203703703703703 0.5601851851851852 0.40046296296296297 0.5625 0.38657407407407407 0.5555555555555556 0.3819444444444444 0.5555555555555556 0.36342592592592593 0.5439814814814815 0.36574074074074076 0.5324074074074074 0.37037037037037035 0.5300925925925926 0.37037037037037035 0.5231481481481481 0.375 0.5185185185185185 0.375 0.5138888888888888 0.37962962962962965 0.5115740740740741 0.3819444444444444 0.5 0.38657407407407407 0.49537037037037035 0.38657407407407407 0.49074074074074076 0.3958333333333333 0.47453703703703703
3 0.2037037037037037 0.2013888888888889 0.20833333333333334 0.2013888888888889 0.21296296296296297 0.19675925925925927 0.2199074074074074 0.19675925925925927 0.22453703703703703 0.2013888888888889 0.24537037037037038 0.24305555555555555 0.24768518518518517 0.2523148148148148 0.25462962962962965 0.25925925925925924 0.25462962962962965 0.2662037037037037 0.2569444444444444 0.26851851851851855 0.25462962962962965 0.27314814814814814 0.24074074074074073 0.27546296296296297 0.2361111111111111 0.2800925925925926 0.22685185185185186 0.2800925925925926 0.22685185185185186 0.27314814814814814 0.2222222222222222 0.2708333333333333 0.2222222222222222 0.2662037037037037 0.21296296296296297 0.2523148148148148 0.20833333333333334 0.2361111111111111 0.2037037037037037 0.23148148148148148 0.2037037037037037 0.22685185185185186 0.19444444444444445 0.21296296296296297 0.19444444444444445 0.20833333333333334 0.2037037037037037 0.2037037037037037
2 0.46296296296296297 0.31712962962962965 0.4652777777777778 0.31712962962962965 0.47453703703703703 0.3055555555555556 0.48148148148148145 0.3055555555555556 0.4791666666666667 0.3148148148148148 0.47685185185185186 0.3148148148148148 0.47453703703703703 0.3194444444444444 0.4722222222222222 0.3194444444444444 0.4699074074074074 0.32407407407407407 0.46064814814814814 0.33101851851851855 0.46064814814814814 0.3333333333333333 0.44212962962962965 0.35185185185185186 0.44212962962962965 0.3541666666666667 0.4166666666666667 0.3773148148148148 0.4097222222222222 0.3726851851851852 0.4097222222222222 0.37037037037037035 0.4444444444444444 0.33564814814814814 0.44675925925925924 0.33564814814814814 0.44907407407407407 0.33101851851851855 0.4583333333333333 0.32407407407407407 0.4583333333333333 0.32175925925925924 0.46296296296296297 0.3194444444444444
2 0.06481481481481481 0.41898148148148145 0.06944444444444445 0.4166666666666667 0.07407407407407407 0.41898148148148145 0.07407407407407407 0.4236111111111111 0.07175925925925926 0.42592592592592593 0.07175925925925926 0.46296296296296297 0.06712962962962964 0.47453703703703703 0.06712962962962964 0.5 0.06481481481481481 0.5023148148148148 0.06481481481481481 0.5138888888888888 0.06018518518518518 0.5185185185185185 0.0625 0.4513888888888889 0.06481481481481481 0.44907407407407407 0.06481481481481481 0.4305555555555556 0.06712962962962964 0.42824074074074076 0.06712962962962964 0.4236111111111111 0.06481481481481481 0.4212962962962963
2 0.18055555555555555 0.7245370370370371 0.1712962962962963 0.7453703703703703 0.1712962962962963 0.7546296296296297 0.16666666666666666 0.7615740740740741 0.16666666666666666 0.7708333333333334 0.16203703703703703 0.7777777777777778 0.16203703703703703 0.7870370370370371 0.1574074074074074 0.7939814814814815 0.1574074074074074 0.8032407407407407 0.1527777777777778 0.8101851851851852 0.15046296296296297 0.8194444444444444 0.14583333333333334 0.8194444444444444 0.14583333333333334 0.8171296296296297 0.15046296296296297 0.8055555555555556 0.15046296296296297 0.7939814814814815 0.1550925925925926 0.7893518518518519 0.1550925925925926 0.7824074074074074 0.1597222222222222 0.7754629629629629 0.1597222222222222 0.7662037037037037 0.16898148148148148 0.7407407407407407 0.16898148148148148 0.7268518518518519 0.1712962962962963 0.7245370370370371 0.17824074074074073 0.7245370370370371
2 0.48148148148148145 0.625 0.4837962962962963 0.625 0.4861111111111111 0.6203703703703703 0.5092592592592593 0.5995370370370371 0.5115740740740741 0.5995370370370371 0.5115740740740741 0.6041666666666666 0.47453703703703703 0.6412037037037037 0.4722222222222222 0.6412037037037037 0.4699074074074074 0.6458333333333334 0.4675925925925926 0.6458333333333334 0.4652777777777778 0.6504629629629629 0.46296296296296297 0.6504629629629629 0.46064814814814814 0.6550925925925926 0.4583333333333333 0.6550925925925926 0.4513888888888889 0.6643518518518519 0.44675925925925924 0.6666666666666666 0.44675925925925924 0.6689814814814815 0.44212962962962965 0.6712962962962963 0.4375 0.6666666666666666 0.45601851851851855 0.6481481481481481 0.4583333333333333 0.6481481481481481 0.48148148148148145 0.6273148148148148
2 0.8726851851851852 0.7685185185185185 0.875 0.7685185185185185 0.9050925925925926 0.7384259259259259 0.9120370370370371 0.7384259259259259 0.9120370370370371 0.7407407407407407 0.9074074074074074 0.7430555555555556 0.9074074074074074 0.7476851851851852 0.9050925925925926 0.7476851851851852 0.9027777777777778 0.7523148148148148 0.9004629629629629 0.7523148148148148 0.8981481481481481 0.7569444444444444 0.8912037037037037 0.7615740740740741 0.8888888888888888 0.7662037037037037 0.8865740740740741 0.7662037037037037 0.8842592592592593 0.7708333333333334 0.8819444444444444 0.7708333333333334 0.8796296296296297 0.7754629629629629 0.8773148148148148 0.7754629629629629 0.8449074074074074 0.8101851851851852 0.8402777777777778 0.8032407407407407 0.8402777777777778 0.7986111111111112 0.8726851851851852 0.7708333333333334
5 0.10648148148148148 0.6574074074074074 0.1111111111111111 0.6550925925925926 0.12037037037037036 0.6550925925925926 0.125 0.6574074074074074 0.12962962962962962 0.6643518518518519 0.12268518518518519 0.6736111111111112 0.11805555555555555 0.6759259259259259 0.1087962962962963 0.6759259259259259 0.10416666666666667 0.6689814814814815 0.10416666666666667 0.6620370370370371 0.10648148148148148 0.6597222222222222
5 0.6458333333333334 0.7569444444444444 0.02546296296296296 0.02546296296296296
5 0.5300925925925926 0.3449074074074074 0.027777777777777776 0.02546296296296296
5 0.5856481481481481 0.5879629629629629 0.5856481481481481 0.5925925925925926 0.5879629629629629 0.5949074074074074 0.5856481481481481 0.5972222222222222 0.5856481481481481 0.6018518518518519 0.5810185185185185 0.6064814814814815 0.5694444444444444 0.6064814814814815 0.5648148148148148 0.5995370370370371 0.5648148148148148 0.5902777777777778 0.5740740740740741 0.5833333333333334 0.5833333333333334 0.5879629629629629
5 0.8865740740740741 0.5763888888888888 0.8842592592592593 0.5717592592592593 0.8842592592592593 0.5625 0.8912037037037037 0.5555555555555556 0.9004629629629629 0.5555555555555556 0.9074074074074074 0.5694444444444444 0.9004629629629629 0.5787037037037037 0.8912037037037037 0.5787037037037037 0.8888888888888888 0.5763888888888888
1 0.8495370370370371 0.625 0.8495370370370371 0.6365740740740741 0.8449074074074074 0.6412037037037037 0.8379629629629629 0.6412037037037037 0.8263888888888888 0.6504629629629629 0.8194444444444444 0.6504629629629629 0.8171296296296297 0.6527777777777778 0.8032407407407407 0.6527777777777778 0.8009259259259259 0.6504629629629629 0.7708333333333334 0.6504629629629629 0.7662037037037037 0.6435185185185185 0.7685185185185185 0.6342592592592593 0.7754629629629629 0.6296296296296297 0.8171296296296297 0.6296296296296297 0.8287037037037037 0.6203703703703703 0.8425925925925926 0.6203703703703703 0.8472222222222222 0.625
1 0.1875 0.22453703703703703 0.19212962962962962 0.23148148148148148 0.19675925925925927 0.2337962962962963 0.19675925925925927 0.24768518518518517 0.18518518518518517 0.25925925925925924 0.18518518518518517 0.26157407407407407 0.18981481481481483 0.2638888888888889 0.19212962962962962 0.26851851851851855 0.2013888888888889 0.27314814814814814 0.20601851851851852 0.2777777777777778 0.2037037037037037 0.2800925925925926 0.1875 0.2708333333333333 0.18287037037037038 0.2708333333333333 0.18287037037037038 0.26851851851851855 0.17824074074074073 0.2662037037037037 0.17824074074074073 0.25925925925925924 0.1875 0.24768518518518517 0.1875 0.23842592592592593 0.18518518518518517 0.2337962962962963 0.17592592592592593 0.22685185185185186 0.16435185185185186 0.22916666666666666 0.1574074074074074 0.24074074074074073 0.14814814814814814 0.24537037037037038 0.1412037037037037 0.24074074074074073 0.13657407407407407 0.24074074074074073 0.13194444444444445 0.2361111111111111 0.13194444444444445 0.2337962962962963 0.1388888888888889 0.2337962962962963 0.14351851851851852 0.23842592592592593 0.14814814814814814 0.23842592592592593 0.1550925925925926 0.22685185185185186 0.16203703703703703 0.2222222222222222 0.16666666666666666 0.22453703703703703 0.18518518518518517 0.22453703703703703
1 0.33796296296296297 0.7129629629629629 0.3449074074074074 0.7106481481481481 0.3541666666666667 0.7152777777777778 0.35648148148148145 0.7453703703703703 0.3611111111111111 0.7546296296296297 0.3680555555555556 0.7546296296296297 0.38657407407407407 0.7384259259259259 0.3912037037037037 0.7384259259259259 0.39351851851851855 0.7361111111111112 0.4074074074074074 0.7384259259259259 0.4074074074074074 0.7407407407407407 0.41203703703703703 0.7430555555555556 0.41203703703703703 0.7546296296296297 0.4074074074074074 0.7615740740740741 0.40046296296296297 0.7615740740740741 0.3958333333333333 0.7569444444444444 0.3912037037037037 0.7569444444444444 0.3888888888888889 0.7615740740740741 0.38657407407407407 0.7615740740740741 0.38425925925925924 0.7662037037037037 0.3726851851851852 0.7754629629629629 0.35648148148148145 0.7754629629629629 0.35648148148148145 0.7731481481481481 0.35185185185185186 0.7708333333333334 0.3472222222222222 0.7638888888888888 0.3472222222222222 0.75 0.34953703703703703 0.7476851851851852 0.3472222222222222 0.7430555555555556 0.34953703703703703 0.7407407407407407 0.34953703703703703 0.7361111111111112 0.3425925925925926 0.7314814814814815 0.3425925925925926 0.7245370370370371 0.33796296296296297 0.7222222222222222 0.33796296296296297 0.7152777777777778
1 0.86875 0.425 0.8734375000000001 0.4203125 0.8765625 0.409375 0.8812500000000001 0.40312499999999996 0.8875000000000001 0.3999999999999999 0.8921875 0.3890625 0.8921875 0.3734375 0.8848671875000002 0.3610046875 0.884375 0.34843749999999996 0.878125 0.34375 0.8718750000000001 0.34375 0.8640625000000001 0.35 0.8640625000000001 0.359375 0.8694265625 0.37139687499999996 0.8697234375000001 0.38416562499999996 0.8667546875 0.39247968749999995 0.862596875 0.3954499999999999 0.8566578125 0.4010906249999999 0.8551734375000001 0.40257656249999996 0.8546875 0.41093749999999996 0.853125 0.4171875 0.8546875 0.421875 0.8625 0.42656249999999996 0.8640625000000001 0.42656249999999996 0.86875 0.425
1 0.32123750000000006 0.47413749999999993 0.32913906249999997 0.47201093749999995 0.34646093750000007 0.47474531249999996 0.35625 0.475 0.3640625 0.47343749999999996 0.37031250000000004 0.46562499999999996 0.37031250000000004 0.4453125 0.36562500000000003 0.4359375 0.359375 0.4296875 0.359375 0.425 0.368646875 0.41183593749999997 0.36378437500000005 0.4091 0.359375 0.41874999999999996 0.35223593750000004 0.422471875 0.3484375 0.428125 0.354971875 0.4355406249999999 0.3640890625 0.4449625 0.36378437500000005 0.45711874999999996 0.3607453125 0.46441249999999995 0.3567953125 0.46836406249999996 0.3513234375 0.468971875 0.3449421875 0.46805937499999994 0.3391671875 0.46623593750000003 0.33430468750000003 0.46410937499999994 0.33065781250000004 0.4638046875 0.3230609375 0.46714843749999996 0.3125 0.4796875 0.3125 0.4875 0.3125 0.48906249999999996 0.32123750000000006 0.47413749999999993
0 0.1875 0.4375 0.18981481481481483 0.4375 0.1875 0.44907407407407407 0.19212962962962962 0.4513888888888889 0.19212962962962962 0.4537037037037037 0.18055555555555555 0.4513888888888889 0.18287037037037038 0.4444444444444444 0.18981481481481483 0.4398148148148148
0 0.3587962962962963 0.6273148148148148 0.3611111111111111 0.625 0.3587962962962963 0.6319444444444444 0.35185185185185186 0.6365740740740741 0.35185185185185186 0.6319444444444444 0.3541666666666667 0.6296296296296297 0.35648148148148145 0.6319444444444444 0.3587962962962963 0.6296296296296297
0 0.5949074074074074 0.3449074074074074 0.020833333333333332 0.013888888888888888
0 0.8194444444444444 0.47453703703703703 0.8240740740740741 0.4722222222222222 0.8310185185185185 0.46064814814814814 0.8287037037037037 0.4722222222222222 0.8263888888888888 0.4675925925925926 0.8194444444444444 0.47685185185185186 0.8240740740740741 0.48148148148148145 0.8263888888888888 0.4791666666666667 0.8217592592592593 0.48148148148148145 0.8171296296296297 0.47685185185185186
0 0.9212962962962963 0.6898148148148148 0.9259259259259259 0.6805555555555556 0.9282407407407407 0.6805555555555556 0.9305555555555556 0.6851851851851852 0.9259259259259259 0.6828703703703703 0.9212962962962963 0.6875 0.9236111111111112 0.6898148148148148