3 0.5380625 0.36421250000000005 0.53133125 0.365175 0.5284453124999999 0.3715875 0.511778125 0.38024687500000004 0.54928125 0.4501546875 0.5685125 0.43989218750000003 0.5749234375 0.438609375 0.5771671875 0.43283750000000004 0.594796875 0.42610312499999997 0.5552890625 0.3534953125 0.5380625 0.36421250000000005
2 0.7703046874999999 0.4061234375000001 0.7685609375 0.4061234375000001 0.7678624999999999 0.406296875 0.767165625 0.40664687499999996 0.76594375 0.40699531250000004 0.76385 0.40769375 0.676103125 0.4003640625 0.6734859375 0.40071249999999997 0.6720906249999999 0.402109375 0.6727890624999999 0.404203125 0.6731374999999999 0.40542500000000004 0.67523125 0.4057734375 0.76594375 0.41292968750000003 0.76594375 0.4134531250000001 0.76594375 0.41450000000000004 0.7657703124999999 0.4157218750000001 0.76611875 0.4172921875 0.7680374999999999 0.41659531250000004 0.770828125 0.41502343750000004 0.7723984375 0.4131046875 0.772921875 0.41188281250000003 0.7732703125 0.4099625 0.772921875 0.4075187500000001 0.772225 0.40542500000000004 0.7703046874999999 0.4061234375000001
0 0.8856265624999999 0.4077125 0.8847437499999999 0.410953125 0.8847437499999999 0.41330937500000003 0.8847437499999999 0.41802343750000004 0.8847437499999999 0.4192015625 0.8856265624999999 0.42332500000000006 0.883565625 0.424209375 0.8832703125 0.426271875 0.8868046875 0.426271875 0.8888656250000001 0.42568281250000006 0.8923984374999999 0.424503125 0.8950484375000001 0.42332500000000006 0.8950484375000001 0.42185312500000005 0.893871875 0.420084375 0.89269375 0.420084375 0.8909265624999999 0.420084375 0.8906328125 0.417728125 0.8897484375 0.41478281250000004 0.8876484374999999 0.406903125 0.8856265624999999 0.4077125
5 0.8912037037037037 0.28935185185185186 0.8958333333333334 0.2962962962962963 0.9027777777777778 0.2962962962962963 0.9097222222222222 0.2916666666666667 0.9050925925925926 0.2962962962962963 0.8935185185185185 0.2962962962962963 0.8888888888888888 0.28935185185185186
5 0.3449074074074074 0.3726851851851852 0.35648148148148145 0.37037037037037035 0.36342592592592593 0.375 0.36574074074074076 0.38657407407407407 0.35648148148148145 0.3958333333333333 0.3449074074074074 0.3958333333333333 0.3402777777777778 0.3888888888888889 0.3449074074074074 0.3958333333333333 0.35648148148148145 0.3958333333333333 0.36574074074074076 0.38425925925925924 0.36342592592592593 0.375 0.35648148148148145 0.37037037037037035 0.3472222222222222 0.3726851851851852
5 0.11342592592592593 0.2847222222222222 0.11805555555555555 0.2824074074074074 0.12731481481481483 0.2824074074074074 0.13194444444444445 0.2847222222222222 0.13194444444444445 0.28703703703703703 0.12731481481481483 0.2824074074074074 0.11805555555555555 0.2824074074074074 0.11574074074074074 0.2847222222222222
5 0.1087962962962963 0.5694444444444444 0.1111111111111111 0.5694444444444444 0.10648148148148148 0.5740740740740741 0.10648148148148148 0.5879629629629629 0.1087962962962963 0.5902777777777778 0.10648148148148148 0.5879629629629629 0.10648148148148148 0.5740740740740741 0.1087962962962963 0.5717592592592593
5 0.6620370370370371 0.5740740740740741 0.6620370370370371 0.5856481481481481 0.6597222222222222 0.5902777777777778 0.6481481481481481 0.5925925925925926 0.6550925925925926 0.5925925925925926 0.6620370370370371 0.5856481481481481 0.6620370370370371 0.5763888888888888
0 0.49537037037037035 0.3055555555555556 0.5023148148148148 0.30324074074074076 0.5 0.3101851851851852 0.4930555555555556 0.31712962962962965 0.49537037037037035 0.32175925925925924 0.49074074074074076 0.32175925925925924 0.4837962962962963 0.31712962962962965 0.4837962962962963 0.3148148148148148 0.49074074074074076 0.3101851851851852 0.4861111111111111 0.3148148148148148 0.4861111111111111 0.31712962962962965 0.49074074074074076 0.3194444444444444 0.49537037037037035 0.3125 0.5 0.3101851851851852 0.4976851851851852 0.3055555555555556
0 0.6782407407407407 0.6828703703703703 0.6828703703703703 0.6828703703703703 0.6898148148148148 0.6875 0.6898148148148148 0.6898148148148148 0.6875 0.6898148148148148 0.6782407407407407 0.7013888888888888 0.6875 0.6898148148148148 0.6875 0.6875 0.6805555555555556 0.6828703703703703 0.6759259259259259 0.6944444444444444 0.6782407407407407 0.6851851851851852
0 0.10416666666666667 0.6875 0.10416666666666667 0.6990740740740741 0.09953703703703703 0.6967592592592593 0.09953703703703703 0.6921296296296297 0.10185185185185185 0.6967592592592593 0.10416666666666667 0.6944444444444444 0.10416666666666667 0.6898148148148148
0 0.14351851851851852 0.2662037037037037 0.14583333333333334 0.2662037037037037 0.14351851851851852 0.26851851851851855 0.14583333333333334 0.2708333333333333 0.1388888888888889 0.27546296296296297 0.13425925925925927 0.27314814814814814 0.13657407407407407 0.2708333333333333 0.13657407407407407 0.27314814814814814 0.1412037037037037 0.27546296296296297 0.14583333333333334 0.2708333333333333 0.1412037037037037 0.26851851851851855
2 0.18981481481481483 0.2152777777777778 0.19444444444444445 0.21064814814814814 0.2013888888888889 0.2199074074074074 0.2199074074074074 0.22916666666666666 0.2013888888888889 0.2199074074074074 0.19444444444444445 0.21064814814814814 0.19212962962962962 0.21296296296296297
2 0.1087962962962963 0.4027777777777778 0.1111111111111111 0.41203703703703703 0.1087962962962963 0.4074074074074074 0.10648148148148148 0.41203703703703703 0.10648148148148148 0.4050925925925926 0.10416666666666667 0.4027777777777778 0.10648148148148148 0.39814814814814814 0.10416666666666667 0.40046296296296297 0.10648148148148148 0.4050925925925926
2 0.37037037037037035 0.5740740740740741 0.3726851851851852 0.5740740740740741 0.36342592592592593 0.5787037037037037 0.3611111111111111 0.5833333333333334 0.36342592592592593 0.5856481481481481 0.37037037037037035 0.5856481481481481 0.37962962962962965 0.5995370370370371 0.3912037037037037 0.6064814814814815 0.39351851851851855 0.6134259259259259 0.39814814814814814 0.6180555555555556 0.39351851851851855 0.6111111111111112 0.38425925925925924 0.6018518518518519 0.3819444444444444 0.6018518518518519 0.3773148148148148 0.5949074074074074 0.375 0.5949074074074074 0.37037037037037035 0.5856481481481481 0.36342592592592593 0.5856481481481481 0.3611111111111111 0.5833333333333334 0.3611111111111111 0.5810185185185185 0.3680555555555556 0.5763888888888888
2 0.8958333333333334 0.6527777777777778 0.8981481481481481 0.6527777777777778 0.8935185185185185 0.6550925925925926 0.8935185185185185 0.6620370370370371 0.8819444444444444 0.6828703703703703 0.8819444444444444 0.6875 0.8796296296296297 0.6898148148148148 0.8796296296296297 0.6875 0.8888888888888888 0.6712962962962963 0.8888888888888888 0.6666666666666666 0.8935185185185185 0.6620370370370371 0.8935185185185185 0.6550925925925926
3 0.7916666666666666 0.6759259259259259 0.7939814814814815 0.6759259259259259 0.7893518518518519 0.6782407407407407 0.7893518518518519 0.6828703703703703 0.7870370370370371 0.6851851851851852 0.7870370370370371 0.6990740740740741 0.7870370370370371 0.6828703703703703 0.7893518518518519 0.6782407407407407
3 0.2852640625 0.5966734375 0.28049999999999997 0.5966734375 0.2768578125 0.6005984375 0.2771374999999999 0.6011593750000002 0.26200624999999994 0.6134937500000001 0.3043187499999999 0.6788125 0.32253281249999993 0.668440625 0.3272953125 0.666196875 0.3300984374999999 0.6639546875000001 0.348871875 0.649096875 0.30202499999999993 0.5855187500000001 0.2852640625 0.5966734375
3 0.7332984375 0.20450312499999998 0.7277125 0.20562187500000004 0.725478125 0.20562187500000004 0.7243609375 0.2114890625 0.70955625 0.22266718750000003 0.7550859375 0.2866609375 0.7726828124999999 0.27296718750000004 0.7768734375 0.2726890625 0.7813421875000001 0.2710125 0.78385625 0.2687765625 0.785253125 0.26570156250000004 0.7981015625 0.25424531250000004 0.7480656250000001 0.19126875000000002 0.7332984375 0.20450312499999998
3 0.3191859374999999 0.1699625 0.30221718749999993 0.185 0.35094531249999994 0.2495140625 0.36330937499999993 0.23835781250000002 0.37227812499999996 0.23641718750000001 0.37300624999999993 0.2308390625 0.3238328124999999 0.164928125 0.3191859374999999 0.1699625
1 0.2777777777777778 0.36574074074074076 0.2800925925925926 0.36574074074074076 0.2800925925925926 0.37037037037037035 0.27314814814814814 0.3680555555555556 0.2638888888888889 0.3773148148148148 0.25925925925925924 0.3773148148148148 0.2662037037037037 0.375 0.26851851851851855 0.37037037037037035 0.27546296296296297 0.3680555555555556
1 0.6069359375 0.216925 0.6088859375 0.2159484375 0.6125437499999999 0.21472968750000002 0.6137625 0.2137546875 0.61644375 0.21058437500000002 0.6166874999999999 0.20692500000000003 0.6166874999999999 0.2025359375 0.6157125 0.200096875 0.6137625 0.19619531250000002 0.6074234375 0.19399999999999998 0.6049859375 0.19424375000000002 0.6020609375 0.1944875 0.6005984375 0.19521875000000002 0.5969421874999999 0.1971703125 0.5937718750000001 0.19887812500000002 0.590846875 0.1986328125 0.58936875 0.19618125 0.586753125 0.195134375 0.5843109375 0.19548281250000002 0.5811703125 0.196575 0.5754890625 0.19838906250000002 0.5606187499999999 0.20473125 0.55964375 0.2081453125 0.55915625 0.21399843750000003 0.55428125 0.2154609375 0.55038125 0.2174125 0.544775 0.2193640625 0.5398984375 0.222290625 0.5362421875 0.2269234375 0.5377046874999999 0.2320453125 0.5406296875 0.23814218750000002 0.5445296875 0.2432640625 0.5540375 0.24106875000000003 0.5654953125 0.23350781249999997 0.5698828125000001 0.23033749999999997 0.5698828125000001 0.2261921875 0.5742703125 0.223265625 0.5769515625 0.2210703125 0.580853125 0.21985156250000001 0.586946875 0.2174125 0.592796875 0.2154609375 0.5962109375 0.2159484375 0.5986484375000001 0.216925 0.599125 0.220171875 0.6069359375 0.216925
1 0.40809843749999997 0.4324906250000001 0.4067484375 0.42901875000000006 0.403471875 0.4278609375 0.40231406249999996 0.42631875 0.3974937499999999 0.42612500000000003 0.39248124999999995 0.426896875 0.3892031249999999 0.4294046875 0.387275 0.43345468750000005 0.38746875000000003 0.4427140625 0.38785312499999997 0.44772968750000003 0.38746875000000003 0.44965781250000003 0.38611874999999996 0.45332343750000004 0.3851546875 0.45505937500000004 0.38534687500000003 0.4577593750000001 0.38496093749999993 0.4602671875 0.3843828124999999 0.46316093750000004 0.38476875 0.46817656250000006 0.38476875 0.47145625 0.38496093749999993 0.47396250000000006 0.38534687500000003 0.47820625 0.38650468749999994 0.481871875 0.38766093749999997 0.4857296875 0.3901671874999999 0.48842968750000004 0.3901671874999999 0.49209531250000005 0.3901671874999999 0.49344531250000007 0.3901671874999999 0.496725 0.3901671874999999 0.5013546875 0.390553125 0.5036687500000001 0.3920953124999999 0.5069484375000001 0.39652968749999995 0.5111921875000001 0.39903593749999994 0.5119640625 0.4050140625 0.511384375 0.408484375 0.50945625 0.41234062499999996 0.5065625 0.41253281249999996 0.5003890625 0.4121484374999999 0.49383125 0.41156875 0.4872734375 0.40925624999999993 0.477628125 0.4082921875 0.46701875000000004 0.40867656249999995 0.4539015625000001 0.41022031249999996 0.4483078125 0.4098343749999999 0.44464375000000006 0.41024687499999996 0.43669375 0.40809843749999997 0.4324906250000001
1 0.5967812499999999 0.6548828125 0.5965984374999999 0.6530546875000001 0.5951359375 0.6519578125000001 0.59148125 0.652140625 0.5838062500000001 0.6519578125000001 0.5810656249999999 0.6493984374999999 0.5810656249999999 0.6457421875 0.5814296875 0.6386125 0.5821609375 0.6325781250000001 0.5816125000000001 0.6249 0.5808828125 0.62124375 0.5779578124999999 0.6179531250000001 0.5752171875 0.6137484375 0.57083125 0.6119187500000001 0.5596843749999999 0.6093593749999999 0.5562109375000001 0.6106390625000001 0.5523734375 0.6132 0.5481703125 0.6157593750000001 0.5450640625 0.6185015625 0.5436015624999999 0.6219750000000001 0.54250625 0.6247171875 0.5415921875 0.63075 0.5397640625 0.6366015625000001 0.5384859375 0.6382468750000001 0.53483125 0.6386125 0.5300796874999999 0.636784375 0.5255109375 0.634225 0.5225859374999999 0.634590625 0.5236828124999999 0.63934375 0.5381203124999999 0.64519375 0.5401296874999999 0.6440968750000001 0.5430546875 0.6413546875 0.544515625 0.634590625 0.5456125 0.627459375 0.548353125 0.6214265625000001 0.5609625 0.6157593750000001 0.5706484374999999 0.6185015625 0.5779578124999999 0.625996875 0.578140625 0.6312984375 0.577409375 0.6426343750000001 0.5768625 0.6526890625 0.5827093750000001 0.6565296875 0.5947703125000001 0.656346875 0.5967812499999999 0.6548828125
1 0.8087796875000001 0.5385187499999999 0.8039234375 0.5408578125 0.8003265625 0.543015625 0.7954703125 0.5449953125000001 0.7918734375 0.5457156249999999 0.7866578125000001 0.5433765625000001 0.7841406249999999 0.53761875 0.7810828125 0.5313203125 0.7747890625000001 0.527903125 0.7677750000000001 0.5268234375 0.7591421875000001 0.526103125 0.7533875 0.5275421875 0.7483515625 0.5318609375000001 0.7463734375 0.537978125 0.7454734375000001 0.548234375 0.7467328125 0.5505734375000001 0.7472718749999999 0.5547109375 0.7481718749999999 0.5599296875 0.74943125 0.563528125 0.7496109375000001 0.5653265625000001 0.7478125 0.56640625 0.7411578124999999 0.5705453125000001 0.738459375 0.5721640625000001 0.7372015625 0.5745031250000001 0.7393593749999999 0.5759421875 0.7427765625 0.5745031250000001 0.7467328125 0.5734234375 0.75086875 0.5709046875 0.7548265624999999 0.5687453125 0.7568046875 0.5671265625 0.75734375 0.564246875 0.7566249999999999 0.56226875 0.7533875 0.5572296875 0.752128125 0.554171875 0.7510484374999999 0.5493140625 0.7506890625000001 0.5462546875000001 0.7503296875 0.5426562500000001 0.750509375 0.5390578125000001 0.7526671875 0.5343796875 0.7560843749999999 0.5320406249999999 0.7586031249999999 0.5306015625 0.76291875 0.529521875 0.7701125 0.5300609374999999 0.77406875 0.5318609375000001 0.776228125 0.5352796875000001 0.778925 0.5370781250000001 0.7809031249999999 0.5421171875 0.7832421875000001 0.546975 0.7875578124999999 0.5502125000000001 0.7918734375 0.549853125 0.7970890625 0.548953125 0.801765625 0.546975 0.8050031249999999 0.5455359375 0.81153125 0.5402546875 0.8087796875000001 0.5385187499999999
4 0.9076921874999999 0.1713046875 0.9071453125 0.21953906250000002 0.9542625 0.2189921875 0.9543625 0.17107031250000002 0.9076921874999999 0.1713046875
4 0.475415625 0.17733437500000002 0.47596249999999996 0.2222796875 0.5225328124999999 0.2222796875 0.521984375 0.17623750000000002 0.475415625 0.17733437500000002
4 0.7356578125 0.30066250000000005 0.6912796875 0.3017578125 0.6912796875 0.34834843750000005 0.7367546875 0.347253125 0.7356578125 0.30066250000000005
4 0.8545484375 0.4579734375 0.855096875 0.50346875 0.9027625 0.5051125000000001 0.9022140625 0.458521875 0.8545484375 0.4579734375
4 0.47815468749999995 0.4672921875 0.47760624999999995 0.5084015625 0.524725 0.50895 0.523996875 0.46599687500000003 0.47815468749999995 0.4672921875
4 0.6907328125 0.56995625 0.6912796875 0.61545 0.7373015625 0.6159984374999999 0.7367546875 0.5705046874999999 0.6907328125 0.56995625
4 0.911528125 0.7053421875 0.913171875 0.7519328125000001 0.9608375 0.7508375 0.9597421875000001 0.705890625 0.911528125 0.7053421875
4 0.023317187499999937 0.699578125 0.023317187499999937 0.7432765625000001 0.06964374999999998 0.7439390625000001 0.06898124999999995 0.7002406250000001 0.023317187499999937 0.699578125
4 0.2523015625 0.6413140625000001 0.20928437499999997 0.6419765625000001 0.2072984374999999 0.6863374999999999 0.2509781249999999 0.6869984375 0.2523015625 0.6413140625000001
4 0.2476687499999999 0.4618859375 0.2470062499999999 0.5042609375 0.292009375 0.5049218750000001 0.2906859375 0.4612234375 0.2476687499999999 0.4618859375
4 0.028612499999999947 0.45961250000000003 0.02927343749999996 0.5039734375 0.07295312500000006 0.5046359375 0.07427656249999996 0.45961250000000003 0.028612499999999947 0.45961250000000003
4 0.03920156249999996 0.1702765625 0.03920156249999996 0.21596093750000003 0.08354218749999995 0.21596093750000003 0.08354218749999995 0.168290625 0.03920156249999996 0.1702765625