4 0.09231875 0.17292343749999997 0.0466140625 0.1730625 0.0465203125 0.217075 0.09231875 0.21749218750000002 0.09231875 0.17292343749999997
4 0.08743906250000001 0.706246875 0.04069531250000001 0.7046203125 0.039475 0.75341875 0.08581250000000001 0.7521984375 0.08743906250000001 0.706246875
4 0.1439390625 0.458296875 0.0968421875 0.45917187500000006 0.09719375000000001 0.5046546875 0.14434531250000002 0.5034359375 0.1439390625 0.458296875
4 0.26262812500000005 0.5701265624999999 0.26222187500000005 0.6156718749999999 0.308965625 0.616078125 0.308965625 0.5701265624999999 0.26262812500000005 0.5701265624999999
4 0.308965625 0.301153125 0.2643125 0.3008015625 0.2646609375 0.3475109375 0.3097796875 0.3475109375 0.308965625 0.301153125
4 0.522634375 0.177690625 0.4782421875 0.17444062500000002 0.47715937500000005 0.22101874999999999 0.522634375 0.22101874999999999 0.522634375 0.177690625
4 0.9589750000000001 0.1701078125 0.9156656249999999 0.167940625 0.9178312500000002 0.21560312499999998 0.9600578125 0.21451875 0.9589750000000001 0.1701078125
4 0.9698015625000002 0.45932500000000004 0.92516875 0.458490625 0.9264937500000001 0.505903125 0.9719671875000001 0.5069875 0.9698015625000002 0.45932500000000004
4 0.975215625 0.695465625 0.9319578125 0.6970562499999999 0.9329890625000002 0.7442109375000001 0.9762984375000001 0.7442109375000001 0.975215625 0.695465625
4 0.7911515625000001 0.6423890625 0.7478421875000001 0.6423890625 0.7478421875000001 0.6857171875 0.792234375 0.6857171875 0.7911515625000001 0.6423890625
4 0.7521734375000001 0.46365781250000004 0.7079390625 0.4623703125 0.7088640625000001 0.5069875 0.7521734375000001 0.505903125 0.7521734375000001 0.46365781250000004
4 0.521090625 0.4656921875000001 0.47610312500000007 0.464965625 0.47593906250000007 0.5129171875 0.5200640625 0.511890625 0.521090625 0.4656921875000001
1 0.1465890625 0.3414671875 0.14761562500000003 0.335646875 0.14966875000000002 0.32982812499999997 0.1513796875 0.32640312499999996 0.15377500000000002 0.32297968749999995 0.155828125 0.318871875 0.1561703125 0.3154484375 0.1561703125 0.3109984375 0.150353125 0.30723125 0.14590468750000002 0.30552031250000006 0.1404296875 0.305178125 0.13324375 0.30723125 0.13187500000000002 0.30962812500000003 0.12879375 0.316475 0.12913593750000002 0.3209265625 0.12913593750000002 0.32400781250000005 0.1270828125 0.32982812499999997 0.12537187500000002 0.3332515625 0.1246875 0.34215156250000006 0.1246875 0.3483140625 0.12331875000000002 0.35447656250000004 0.12605625 0.3623515625 0.1298203125 0.3640625 0.1308484375 0.365775 0.1308484375 0.37262187500000005 0.13016406250000004 0.3767296875 0.131190625 0.38254999999999995 0.13427031250000002 0.38528906250000006 0.14077187500000002 0.389396875 0.1520640625 0.38426249999999995 0.15386562500000003 0.3646515625 0.14761562500000003 0.35653125 0.14590468750000002 0.3500265625 0.1465890625 0.3414671875
1 0.36525781249999995 0.39829843750000005 0.3700484375 0.39384843750000004 0.37620781250000007 0.39076718750000006 0.383053125 0.38357812500000005 0.38681718750000005 0.3763875 0.3916078125 0.37262187500000005 0.39708281250000005 0.37091093750000004 0.4011890625 0.37091093750000004 0.40529531250000006 0.36817187500000004 0.40700624999999996 0.36714375000000005 0.41111406250000004 0.36269375 0.4179578125 0.35687343750000006 0.42001093750000007 0.351053125 0.4183 0.34694531250000005 0.412140625 0.34420625 0.4087171875 0.341809375 0.40461093750000005 0.341809375 0.396740625 0.3462609375 0.396740625 0.3483140625 0.38887031250000004 0.35173906250000003 0.384421875 0.3513953125 0.3806578125000001 0.35345000000000004 0.3748390625 0.357215625 0.3679953125 0.361325 0.36525781249999995 0.36714375000000005 0.36080937500000004 0.3715953125 0.359440625 0.37433437500000005 0.3563609375 0.377415625 0.35157031250000004 0.38015468750000003 0.34780625000000004 0.383234375 0.34609375000000003 0.38528906250000006 0.344725 0.38871250000000007 0.34609375000000003 0.3931640625 0.35122812500000006 0.39761406250000003 0.3570453125 0.4020640625 0.36525781249999995 0.39829843750000005
1 0.49827343749999997 0.2896171875 0.4993000000000001 0.2957796875 0.4993000000000001 0.30228437500000005 0.49758906250000007 0.30776093749999994 0.4965625 0.31597812499999994 0.498615625 0.322825 0.49758906250000007 0.32727656250000003 0.49827343749999997 0.3320687500000001 0.5003265625000001 0.33515000000000006 0.5037484375 0.3396015625 0.5105937500000001 0.340628125 0.5129890625 0.340628125 0.516753125 0.3378890625 0.5191484375000001 0.3337812500000001 0.5191484375000001 0.3279609375 0.51880625 0.32214062500000007 0.51880625 0.3173484375 0.5191484375000001 0.31221250000000006 0.5205171875 0.30947343749999995 0.5218859375 0.30125625 0.5215437500000001 0.2964640625 0.522228125 0.29167031250000003 0.520859375 0.28448125 0.519490625 0.279003125 0.5184640625000001 0.27695000000000003 0.5191484375000001 0.274553125 0.5191484375000001 0.26873281250000003 0.51880625 0.2635984375 0.51606875 0.26120156250000004 0.509909375 0.25640781250000005 0.5051171875 0.257778125 0.50066875 0.259146875 0.4968453125 0.2668765625 0.49793125 0.27695000000000003 0.49758906250000007 0.28208437500000005 0.49827343749999997 0.2896171875
1 0.579675 0.6283859374999999 0.5830421875 0.6317546875 0.5897765625 0.6337203125000002 0.5951078125000001 0.6331593750000001 0.599878125 0.629228125 0.6043671875000001 0.6247375000000001 0.6113828125 0.6233328124999999 0.618396875 0.6208062500000001 0.6209234375000001 0.6185609375000001 0.6265343750000001 0.6135078125 0.632428125 0.6084546875000001 0.63635625 0.6059281249999999 0.6394421875 0.6028406249999999 0.6411265625 0.5969453125 0.645615625 0.5918921875 0.6509468749999999 0.5879625 0.649825 0.5775765625 0.6439312500000001 0.573084375 0.640284375 0.5725234375000001 0.6335500000000001 0.5744875 0.6293406250000001 0.5772953125 0.627096875 0.579821875 0.624290625 0.5823484375 0.6203625 0.5857171875 0.6198000000000001 0.5890859375 0.6186781250000001 0.592734375 0.6130656250000001 0.5969453125 0.6088578124999999 0.6011562500000002 0.6015625 0.6050859375000001 0.5945468749999999 0.6070515624999999 0.5793953125 0.616315625 0.5777109375 0.6177187500000001 0.57743125 0.6236140625000002 0.579675 0.6283859374999999
1 0.9277031250000001 0.592590625 0.9255765625000001 0.6005656250000001 0.9218562500000002 0.6066812500000002 0.9197296875 0.610403125 0.9157437500000001 0.611996875 0.91468125 0.6125296875000001 0.9122890625000001 0.6146562500000001 0.9106953125000001 0.6202390624999999 0.9104296875000001 0.625290625 0.9106953125000001 0.6279484375000001 0.9128218750000001 0.6316703124999999 0.9162765625000001 0.633796875 0.9221218750000001 0.6356578125000001 0.9274359375000001 0.6351265625000001 0.9319546875000001 0.6306078125000001 0.9343453125000001 0.6234296875 0.935675 0.6181125 0.935675 0.6151875000000001 0.93726875 0.61173125 0.9388624999999999 0.61066875 0.9465687500000001 0.606946875 0.9473671875000002 0.6050859375000001 0.9476328125000001 0.5992375000000001 0.9489609375000001 0.592590625 0.9492265625 0.5883375000000001 0.9478984375 0.58089375 0.9460375000000001 0.5777031250000001 0.9420515625000001 0.5745125 0.938065625 0.5715874999999999 0.9388624999999999 0.5652078125000001 0.9393953125000001 0.5609546875000001 0.9383312500000002 0.555903125 0.9340796875000001 0.5529781250000001 0.9277031250000001 0.5505859375000001 0.9226531250000001 0.5508515625 0.9186671875000001 0.5535109375 0.916009375 0.559890625 0.9170734375000001 0.5683984375 0.9178703125000001 0.574778125 0.9234500000000002 0.5782343750000001 0.92796875 0.5864765625000001 0.9277031250000001 0.592590625