4 0.90768125 0.8270765625000001 0.9533859375 0.8269374999999999 0.9534796875 0.7829250000000001 0.90768125 0.7825078124999999 0.90768125 0.8270765625000001
4 0.9125609374999999 0.29375312499999995 0.9593046875 0.29537968749999993 0.960525 0.24658125 0.9141874999999999 0.2478015625 0.9125609374999999 0.29375312499999995
4 0.8560609375 0.541703125 0.9031578125 0.540828125 0.9028062499999999 0.49534531249999997 0.8556546875000001 0.49656406249999996 0.8560609375 0.541703125
4 0.737371875 0.4298734375 0.737778125 0.3843281250000001 0.691034375 0.38392187499999997 0.691034375 0.4298734375 0.737371875 0.4298734375
4 0.691034375 0.698846875 0.7356875 0.6991984375 0.7353390625 0.6524890624999999 0.6902203124999999 0.6524890624999999 0.691034375 0.698846875
4 0.47736562499999996 0.8223093750000001 0.5217578125 0.8255593750000001 0.522840625 0.7789812500000001 0.47736562499999996 0.7789812500000001 0.47736562499999996 0.8223093750000001
4 0.04102499999999988 0.8298921874999999 0.08433437500000004 0.832059375 0.08216874999999983 0.7843968750000001 0.039942187499999976 0.78548125 0.04102499999999988 0.8298921874999999
4 0.03019843749999988 0.540675 0.07483125000000007 0.541509375 0.0735062499999999 0.494096875 0.02803281249999993 0.49301249999999996 0.03019843749999988 0.540675
4 0.024784374999999942 0.304534375 0.06804218750000002 0.30294375000000007 0.0670109374999998 0.2557890624999999 0.0237015624999999 0.2557890624999999 0.024784374999999942 0.304534375
4 0.2088484374999999 0.3576109374999999 0.2521578124999999 0.3576109374999999 0.2521578124999999 0.3142828125 0.207765625 0.3142828125 0.2088484374999999 0.3576109374999999
4 0.2478265624999999 0.5363421875 0.2920609375 0.5376296875 0.29113593749999994 0.49301249999999996 0.2478265624999999 0.494096875 0.2478265624999999 0.5363421875
4 0.47890937499999997 0.5343078124999999 0.5238968749999999 0.535034375 0.5240609374999999 0.48708281249999996 0.4799359374999999 0.488109375 0.47890937499999997 0.5343078124999999
5 0.3402777777777778 0.6041666666666666 0.3472222222222222 0.6087962962962963 0.3449074074074074 0.6180555555555556 0.3472222222222222 0.6111111111111112 0.3425925925925926 0.6064814814814815
5 0.25 0.5995370370370371 0.25925925925925924 0.5949074074074074 0.2638888888888889 0.5949074074074074 0.2708333333333333 0.5995370370370371 0.2708333333333333 0.6041666666666666 0.2662037037037037 0.5972222222222222 0.25925925925925924 0.5949074074074074 0.25 0.6018518518518519
0 0.3247109375 0.6421156250000001 0.32234843750000003 0.64364375 0.32415468749999987 0.6453125 0.32873906249999996 0.6455890625 0.3341578124999999 0.6469796875 0.3351296875 0.648646875 0.33804687499999997 0.6483687499999999 0.33957499999999996 0.6468406250000001 0.3390203125 0.6422546875 0.337075 0.6425328124999999 0.33499062499999993 0.6429499999999999 0.331240625 0.6429499999999999 0.32748906250000004 0.6422546875 0.3247109375 0.6421156250000001
0 0.24263281249999993 0.6458671874999999 0.24027031249999992 0.6446171875 0.2374921874999999 0.6451734375 0.23610312499999989 0.6492031249999999 0.23679843749999996 0.6508703124999999 0.23957656249999998 0.651565625 0.24165937499999993 0.6529546875 0.2461062499999999 0.6554562500000001 0.24818906249999997 0.657403125 0.251940625 0.6580968749999999 0.25152343749999995 0.6543453124999999 0.247634375 0.652678125 0.24402187499999994 0.6501765624999999 0.24374999999999988 0.646875 0.24263281249999993 0.6458671874999999