4 0.09231875 0.17292343749999997 0.0466140625 0.1730625 0.0465203125 0.217075 0.09231875 0.21749218750000002 0.09231875 0.17292343749999997
4 0.08743906250000001 0.706246875 0.04069531250000001 0.7046203125 0.039475 0.75341875 0.08581250000000001 0.7521984375 0.08743906250000001 0.706246875
4 0.1439390625 0.458296875 0.0968421875 0.45917187500000006 0.09719375000000001 0.5046546875 0.14434531250000002 0.5034359375 0.1439390625 0.458296875
4 0.26262812500000005 0.5701265624999999 0.26222187500000005 0.6156718749999999 0.308965625 0.616078125 0.308965625 0.5701265624999999 0.26262812500000005 0.5701265624999999
4 0.308965625 0.301153125 0.2643125 0.3008015625 0.2646609375 0.3475109375 0.3097796875 0.3475109375 0.308965625 0.301153125
4 0.522634375 0.177690625 0.4782421875 0.17444062500000002 0.47715937500000005 0.22101874999999999 0.522634375 0.22101874999999999 0.522634375 0.177690625
4 0.9589750000000001 0.1701078125 0.9156656249999999 0.167940625 0.9178312500000002 0.21560312499999998 0.9600578125 0.21451875 0.9589750000000001 0.1701078125
4 0.9698015625000002 0.45932500000000004 0.92516875 0.458490625 0.9264937500000001 0.505903125 0.9719671875000001 0.5069875 0.9698015625000002 0.45932500000000004
4 0.975215625 0.695465625 0.9319578125 0.6970562499999999 0.9329890625000002 0.7442109375000001 0.9762984375000001 0.7442109375000001 0.975215625 0.695465625
4 0.7911515625000001 0.6423890625 0.7478421875000001 0.6423890625 0.7478421875000001 0.6857171875 0.792234375 0.6857171875 0.7911515625000001 0.6423890625
4 0.7521734375000001 0.46365781250000004 0.7079390625 0.4623703125 0.7088640625000001 0.5069875 0.7521734375000001 0.505903125 0.7521734375000001 0.46365781250000004
4 0.521090625 0.4656921875000001 0.47610312500000007 0.464965625 0.47593906250000007 0.5129171875 0.5200640625 0.511890625 0.521090625 0.4656921875000001
1 0.3644625 0.32943906250000005 0.35990000000000005 0.3394015625000001 0.3574125000000001 0.3477046875 0.35533750000000003 0.35309999999999997 0.3536796875 0.361403125 0.3536796875 0.36638437500000004 0.355753125 0.3717796875 0.361975 0.37510000000000004 0.36985468750000006 0.372609375 0.37607656250000004 0.3643078125000001 0.37897968750000005 0.353515625 0.38022500000000004 0.34604375000000004 0.3856156250000001 0.3369109375 0.39391250000000005 0.32570312500000004 0.39930312500000004 0.320721875 0.4034515625 0.3128359375 0.4017921875 0.30287343749999995 0.3976453125 0.2978921875 0.3875703125 0.2970984375 0.3793953125 0.305778125 0.37234375000000003 0.3144953125 0.3644625 0.32943906250000005
1 0.576409375 0.3842328125 0.5743359375 0.38838437500000006 0.5743359375 0.39253437500000005 0.575165625 0.39544062500000005 0.57806875 0.40000625000000006 0.58263125 0.4012515625 0.585534375 0.40249687500000003 0.5905125 0.40042187500000004 0.5975625 0.39710156250000006 0.6066875 0.39087500000000003 0.620790625 0.37966718750000006 0.6332328125000001 0.3717796875 0.6423578125 0.36596875 0.64775 0.360571875 0.6485796875000001 0.3543453125 0.64775 0.3472890625 0.6377953125 0.3427234375 0.6311593750000001 0.34313750000000004 0.6257671875 0.34853437500000006 0.6187156250000001 0.35393125000000003 0.6050296875000001 0.36264843750000003 0.5880734375000001 0.37494687500000007 0.5834609375 0.3788359375 0.576825 0.38298750000000004 0.576409375 0.3842328125
5 0.5625 0.35185185185185186 0.5648148148148148 0.35185185185185186 0.5601851851851852 0.35648148148148145 0.5601851851851852 0.36574074074074076 0.5601851851851852 0.35648148148148145 0.5625 0.3541666666666667
5 0.41898148148148145 0.30787037037037035 0.42592592592592593 0.30324074074074076 0.4351851851851852 0.3055555555555556 0.42824074074074076 0.30324074074074076 0.41898148148148145 0.3101851851851852