4 0.90768125 0.8270765625000001 0.9533859375 0.8269374999999999 0.9534796875 0.7829250000000001 0.90768125 0.7825078124999999 0.90768125 0.8270765625000001
4 0.9125609374999999 0.29375312499999995 0.9593046875 0.29537968749999993 0.960525 0.24658125 0.9141874999999999 0.2478015625 0.9125609374999999 0.29375312499999995
4 0.8560609375 0.541703125 0.9031578125 0.540828125 0.9028062499999999 0.49534531249999997 0.8556546875000001 0.49656406249999996 0.8560609375 0.541703125
4 0.737371875 0.4298734375 0.737778125 0.3843281250000001 0.691034375 0.38392187499999997 0.691034375 0.4298734375 0.737371875 0.4298734375
4 0.691034375 0.698846875 0.7356875 0.6991984375 0.7353390625 0.6524890624999999 0.6902203124999999 0.6524890624999999 0.691034375 0.698846875
4 0.47736562499999996 0.8223093750000001 0.5217578125 0.8255593750000001 0.522840625 0.7789812500000001 0.47736562499999996 0.7789812500000001 0.47736562499999996 0.8223093750000001
4 0.04102499999999988 0.8298921874999999 0.08433437500000004 0.832059375 0.08216874999999983 0.7843968750000001 0.039942187499999976 0.78548125 0.04102499999999988 0.8298921874999999
4 0.03019843749999988 0.540675 0.07483125000000007 0.541509375 0.0735062499999999 0.494096875 0.02803281249999993 0.49301249999999996 0.03019843749999988 0.540675
4 0.024784374999999942 0.304534375 0.06804218750000002 0.30294375000000007 0.0670109374999998 0.2557890624999999 0.0237015624999999 0.2557890624999999 0.024784374999999942 0.304534375
4 0.2088484374999999 0.3576109374999999 0.2521578124999999 0.3576109374999999 0.2521578124999999 0.3142828125 0.207765625 0.3142828125 0.2088484374999999 0.3576109374999999
4 0.2478265624999999 0.5363421875 0.2920609375 0.5376296875 0.29113593749999994 0.49301249999999996 0.2478265624999999 0.494096875 0.2478265624999999 0.5363421875
4 0.47890937499999997 0.5343078124999999 0.5238968749999999 0.535034375 0.5240609374999999 0.48708281249999996 0.4799359374999999 0.488109375 0.47890937499999997 0.5343078124999999
2 0.034722222222222224 0.42824074074074076 0.037037037037037035 0.42592592592592593 0.037037037037037035 0.39814814814814814 0.03935185185185185 0.3958333333333333 0.03935185185185185 0.38657407407407407 0.041666666666666664 0.38425925925925924 0.041666666666666664 0.35648148148148145 0.04398148148148148 0.35185185185185186 0.04861111111111111 0.35185185185185186 0.04861111111111111 0.38657407407407407 0.046296296296296294 0.3888888888888889 0.046296296296296294 0.4027777777777778 0.04398148148148148 0.4050925925925926 0.04398148148148148 0.4398148148148148 0.041666666666666664 0.44212962962962965 0.04398148148148148 0.4444444444444444 0.03935185185185185 0.4537037037037037 0.032407407407407406 0.44907407407407407 0.032407407407407406 0.44212962962962965 0.037037037037037035 0.4305555555555556
2 0.10185185185185185 0.28703703703703703 0.10648148148148148 0.2916666666666667 0.1111111111111111 0.2916666666666667 0.11805555555555555 0.2962962962962963 0.12268518518518519 0.2962962962962963 0.12962962962962962 0.30092592592592593 0.14583333333333334 0.3055555555555556 0.15046296296296297 0.3101851851851852 0.1736111111111111 0.3194444444444444 0.1736111111111111 0.32407407407407407 0.16435185185185186 0.3194444444444444 0.1574074074074074 0.3194444444444444 0.1527777777777778 0.3148148148148148 0.14814814814814814 0.3148148148148148 0.1412037037037037 0.3101851851851852 0.13657407407407407 0.3101851851851852 0.13194444444444445 0.3055555555555556 0.12268518518518519 0.30324074074074076 0.11574074074074074 0.2986111111111111 0.1111111111111111 0.2986111111111111 0.10648148148148148 0.29398148148148145 0.09953703703703703 0.29398148148148145 0.09259259259259259 0.28935185185185186 0.08333333333333333 0.28935185185185186 0.08333333333333333 0.2824074074074074 0.08564814814814815 0.2800925925925926 0.09490740740740741 0.28703703703703703 0.09953703703703703 0.28703703703703703
2 0.3287037037037037 0.39351851851851855 0.3287037037037037 0.3958333333333333 0.3333333333333333 0.39814814814814814 0.3402777777777778 0.4074074074074074 0.36574074074074076 0.42592592592592593 0.36574074074074076 0.42824074074074076 0.38657407407407407 0.44675925925925924 0.3888888888888889 0.44675925925925924 0.3912037037037037 0.4513888888888889 0.38425925925925924 0.44907407407407407 0.36574074074074076 0.4351851851851852 0.3611111111111111 0.42824074074074076 0.3472222222222222 0.41898148148148145 0.3333333333333333 0.4050925925925926 0.33101851851851855 0.4050925925925926 0.3287037037037037 0.40046296296296297 0.32175925925925924 0.3958333333333333 0.31712962962962965 0.3958333333333333 0.31712962962962965 0.3888888888888889 0.3194444444444444 0.38657407407407407 0.32175925925925924 0.38657407407407407 0.3263888888888889 0.39351851851851855
2 0.5810185185185185 0.46064814814814814 0.5856481481481481 0.46064814814814814 0.6041666666666666 0.44675925925925924 0.6111111111111112 0.4444444444444444 0.6180555555555556 0.4375 0.6226851851851852 0.4375 0.6319444444444444 0.4305555555555556 0.6342592592592593 0.43287037037037035 0.6319444444444444 0.4398148148148148 0.6203703703703703 0.4444444444444444 0.5949074074074074 0.46296296296296297 0.5833333333333334 0.4675925925925926 0.5740740740740741 0.47685185185185186 0.5694444444444444 0.47685185185185186 0.5625 0.48148148148148145 0.5578703703703703 0.48842592592592593 0.5509259259259259 0.4861111111111111 0.5509259259259259 0.4791666666666667 0.5555555555555556 0.4791666666666667 0.5648148148148148 0.47453703703703703 0.5671296296296297 0.4699074074074074 0.5810185185185185 0.46296296296296297
2 0.8541666666666666 0.2916666666666667 0.8541666666666666 0.29398148148148145 0.8472222222222222 0.2986111111111111 0.8425925925925926 0.2986111111111111 0.8379629629629629 0.30324074074074076 0.8310185185185185 0.30324074074074076 0.8240740740740741 0.3101851851851852 0.8194444444444444 0.3101851851851852 0.8148148148148148 0.3148148148148148 0.8078703703703703 0.3148148148148148 0.8032407407407407 0.3194444444444444 0.7962962962962963 0.3194444444444444 0.7916666666666666 0.32407407407407407 0.7870370370370371 0.32407407407407407 0.7662037037037037 0.33564814814814814 0.7592592592592593 0.3333333333333333 0.7638888888888888 0.3263888888888889 0.7731481481481481 0.3263888888888889 0.7777777777777778 0.32175925925925924 0.7824074074074074 0.32175925925925924 0.8055555555555556 0.3101851851851852 0.8101851851851852 0.3101851851851852 0.8148148148148148 0.3055555555555556 0.8194444444444444 0.3055555555555556 0.8449074074074074 0.2916666666666667 0.8518518518518519 0.2916666666666667
2 0.8796296296296297 0.4375 0.8796296296296297 0.42824074074074076 0.8842592592592593 0.4212962962962963 0.8842592592592593 0.41435185185185186 0.8888888888888888 0.4097222222222222 0.8888888888888888 0.4027777777777778 0.8935185185185185 0.3958333333333333 0.8935185185185185 0.3888888888888889 0.9027777777777778 0.37037037037037035 0.9027777777777778 0.36342592592592593 0.9074074074074074 0.35648148148148145 0.9097222222222222 0.3425925925925926 0.9166666666666666 0.3425925925925926 0.9189814814814815 0.3472222222222222 0.9143518518518519 0.35185185185185186 0.9143518518518519 0.35648148148148145 0.9097222222222222 0.36342592592592593 0.9097222222222222 0.37037037037037035 0.9050925925925926 0.375 0.9050925925925926 0.3819444444444444 0.9004629629629629 0.3888888888888889 0.9004629629629629 0.3958333333333333 0.8912037037037037 0.41203703703703703 0.8912037037037037 0.41898148148148145 0.8819444444444444 0.4375
2 0.8842592592592593 0.6550925925925926 0.02546296296296296 0.09953703703703703
2 0.7824074074074074 0.7199074074074074 0.7893518518518519 0.7245370370370371 0.7916666666666666 0.7291666666666666 0.8101851851851852 0.7407407407407407 0.8217592592592593 0.7523148148148148 0.8333333333333334 0.7592592592592593 0.8356481481481481 0.7638888888888888 0.8495370370370371 0.7731481481481481 0.8541666666666666 0.7731481481481481 0.8518518518518519 0.7800925925925926 0.8472222222222222 0.7800925925925926 0.8379629629629629 0.7708333333333334 0.8356481481481481 0.7708333333333334 0.8333333333333334 0.7662037037037037 0.8240740740740741 0.7592592592592593 0.8171296296296297 0.7569444444444444 0.8148148148148148 0.7523148148148148 0.8055555555555556 0.7476851851851852 0.7847222222222222 0.7291666666666666 0.7777777777777778 0.7268518518518519 0.7708333333333334 0.7152777777777778 0.7754629629629629 0.7152777777777778 0.7800925925925926 0.7199074074074074
2 0.6041666666666666 0.7314814814814815 0.09027777777777778 0.05092592592592592