4 0.09231875 0.8270765625000001 0.09231875 0.7825078124999999 0.0465203125 0.7829250000000001 0.0466140625 0.8269374999999999 0.09231875 0.8270765625000001
4 0.08743906250000001 0.29375312499999995 0.08581250000000001 0.2478015625 0.039475 0.24658125 0.04069531250000001 0.29537968749999993 0.08743906250000001 0.29375312499999995
4 0.1439390625 0.541703125 0.14434531250000002 0.49656406249999996 0.09719375000000001 0.49534531249999997 0.0968421875 0.540828125 0.1439390625 0.541703125
4 0.26262812500000005 0.4298734375 0.308965625 0.4298734375 0.308965625 0.38392187499999997 0.26222187500000005 0.3843281250000001 0.26262812500000005 0.4298734375
4 0.308965625 0.698846875 0.3097796875 0.6524890624999999 0.2646609375 0.6524890624999999 0.2643125 0.6991984375 0.308965625 0.698846875
4 0.522634375 0.8223093750000001 0.522634375 0.7789812500000001 0.47715937500000005 0.7789812500000001 0.4782421875 0.8255593750000001 0.522634375 0.8223093750000001
4 0.9589750000000001 0.8298921874999999 0.9600578125 0.78548125 0.9178312500000002 0.7843968750000001 0.9156656249999999 0.832059375 0.9589750000000001 0.8298921874999999
4 0.9698015625000002 0.540675 0.9719671875000001 0.49301249999999996 0.9264937500000001 0.494096875 0.92516875 0.541509375 0.9698015625000002 0.540675
4 0.975215625 0.304534375 0.9762984375000001 0.2557890624999999 0.9329890625000002 0.2557890624999999 0.9319578125 0.30294375000000007 0.975215625 0.304534375
4 0.7911515625000001 0.3576109374999999 0.792234375 0.3142828125 0.7478421875000001 0.3142828125 0.7478421875000001 0.3576109374999999 0.7911515625000001 0.3576109374999999
4 0.7521734375000001 0.5363421875 0.7521734375000001 0.494096875 0.7088640625000001 0.49301249999999996 0.7079390625 0.5376296875 0.7521734375000001 0.5363421875
4 0.521090625 0.5343078124999999 0.5200640625 0.488109375 0.47593906250000007 0.48708281249999996 0.47610312500000007 0.535034375 0.521090625 0.5343078124999999
1 0.375 0.6041666666666666 0.37962962962962965 0.5995370370370371 0.3958333333333333 0.5995370370370371 0.40046296296296297 0.6018518518518519 0.3958333333333333 0.6018518518518519 0.39351851851851855 0.5995370370370371 0.3819444444444444 0.5995370370370371 0.3773148148148148 0.6018518518518519
1 0.6111111111111112 0.5324074074074074 0.6203703703703703 0.5277777777777778 0.625 0.5300925925925926 0.6226851851851852 0.5277777777777778 0.6157407407407407 0.5300925925925926 0.6041666666666666 0.5416666666666666 0.6041666666666666 0.5439814814814815 0.5995370370370371 0.5462962962962963 0.5995370370370371 0.5486111111111112 0.5879629629629629 0.5555555555555556 0.5856481481481481 0.5601851851851852 0.5810185185185185 0.5601851851851852 0.5902777777777778 0.5555555555555556 0.5925925925925926 0.5509259259259259 0.5949074074074074 0.5509259259259259 0.6111111111111112 0.5347222222222222
2 0.47406093750000006 0.540784375 0.49194531250000006 0.563971875 0.504140625 0.5771937500000001 0.5112546875 0.5853296874999999 0.5141 0.5885843749999999 0.5179609375 0.58919375 0.5173515625000001 0.5851265625000001 0.5155218750000001 0.5812609375 0.5090187500000001 0.5735328125 0.47995468750000003 0.53610625 0.47304531250000004 0.52715625 0.46715000000000007 0.5208499999999999 0.4624765625000001 0.5143421874999999 0.46064687500000007 0.513121875 0.46064687500000007 0.5102734375 0.4584109375 0.50925625 0.456175 0.51068125 0.45414375 0.5121046874999999 0.4529234375 0.5143421874999999 0.4519078125 0.516171875 0.45211093750000003 0.518409375 0.4533296875 0.5194265625 0.45759843750000007 0.519834375 0.4582078125 0.5214609375 0.460240625 0.524309375 0.465728125 0.5297999999999999 0.47406093750000006 0.540784375
2 0.49563750000000006 0.6697156249999999 0.514615625 0.6700625 0.5449328125 0.6713374999999999 0.55476875 0.67156875 0.5617109375 0.6718000000000001 0.5650671875 0.6723796875 0.567034375 0.6730734374999999 0.5688859375 0.6741156249999999 0.5714312500000001 0.674 0.5721250000000001 0.6723796875 0.5724734375 0.6697156249999999 0.5716625 0.6674 0.5693484375 0.6670515625 0.56691875 0.6665890625 0.5635625000000001 0.6674 0.5599750000000001 0.6672843749999999 0.55476875 0.6671671875 0.5433125000000001 0.6670515625 0.5250296875000001 0.6664734375 0.506746875 0.666125 0.4961000000000001 0.666125 0.47932187500000006 0.665546875 0.474809375 0.6650828124999999 0.47099062500000005 0.6665890625 0.4744625 0.669253125 0.47966875000000003 0.6691359375 0.49563750000000006 0.6697156249999999