4 0.09231875 0.21749218750000002 0.09231875 0.17292343749999997 0.0466140625 0.1730625 0.0465203125 0.217075 0.09231875 0.21749218750000002
4 0.08581250000000001 0.7521984375 0.08743906250000001 0.706246875 0.04069531250000001 0.7046203125 0.039475 0.75341875 0.08581250000000001 0.7521984375
4 0.14434531250000002 0.5034359375 0.1439390625 0.458296875 0.0968421875 0.45917187500000006 0.09719375000000001 0.5046546875 0.14434531250000002 0.5034359375
4 0.308965625 0.5701265624999999 0.26262812500000005 0.5701265624999999 0.26222187500000005 0.6156718749999999 0.308965625 0.616078125 0.308965625 0.5701265624999999
4 0.3097796875 0.3475109375 0.308965625 0.301153125 0.2643125 0.3008015625 0.2646609375 0.3475109375 0.3097796875 0.3475109375
4 0.522634375 0.22101874999999999 0.522634375 0.177690625 0.4782421875 0.17444062500000002 0.47715937500000005 0.22101874999999999 0.522634375 0.22101874999999999
4 0.9600578125 0.21451875 0.9589750000000001 0.1701078125 0.9156656249999999 0.167940625 0.9178312500000002 0.21560312499999998 0.9600578125 0.21451875
4 0.9719671875000001 0.5069875 0.9698015625000002 0.45932500000000004 0.92516875 0.458490625 0.9264937500000001 0.505903125 0.9719671875000001 0.5069875
4 0.9762984375000001 0.7442109375000001 0.975215625 0.695465625 0.9319578125 0.6970562499999999 0.9329890625000002 0.7442109375000001 0.9762984375000001 0.7442109375000001
4 0.792234375 0.6857171875 0.7911515625000001 0.6423890625 0.7478421875000001 0.6423890625 0.7478421875000001 0.6857171875 0.792234375 0.6857171875
4 0.7521734375000001 0.505903125 0.7521734375000001 0.46365781250000004 0.7079390625 0.4623703125 0.7088640625000001 0.5069875 0.7521734375000001 0.505903125
4 0.5200640625 0.511890625 0.521090625 0.4656921875000001 0.47610312500000007 0.464965625 0.47593906250000007 0.5129171875 0.5200640625 0.511890625
3 0.4652777777777778 0.6018518518518519 0.4675925925925926 0.6064814814814815 0.4791666666666667 0.6111111111111112 0.48148148148148145 0.6157407407407407 0.4930555555555556 0.6203703703703703 0.5 0.6296296296296297 0.5231481481481481 0.6458333333333334 0.5231481481481481 0.6527777777777778 0.5185185185185185 0.6550925925925926 0.5138888888888888 0.6666666666666666 0.5046296296296297 0.6759259259259259 0.5046296296296297 0.6805555555555556 0.4976851851851852 0.6851851851851852 0.49074074074074076 0.6851851851851852 0.48842592592592593 0.6805555555555556 0.4837962962962963 0.6805555555555556 0.47685185185185186 0.6759259259259259 0.47685185185185186 0.6736111111111112 0.4675925925925926 0.6689814814814815 0.46296296296296297 0.6620370370370371 0.45601851851851855 0.6597222222222222 0.44907407407407407 0.6527777777777778 0.4444444444444444 0.6527777777777778 0.44212962962962965 0.6481481481481481 0.4375 0.6481481481481481 0.43287037037037035 0.6412037037037037 0.4398148148148148 0.6319444444444444 0.4444444444444444 0.6296296296296297 0.4444444444444444 0.625 0.44907407407407407 0.6157407407407407 0.4513888888888889 0.6157407407407407 0.4583333333333333 0.6041666666666666 0.46296296296296297 0.6018518518518519
3 0.7430555555555556 0.3888888888888889 0.7453703703703703 0.3912037037037037 0.7569444444444444 0.3912037037037037 0.7638888888888888 0.3958333333333333 0.7731481481481481 0.3958333333333333 0.7800925925925926 0.40046296296296297 0.7893518518518519 0.40046296296296297 0.7916666666666666 0.4027777777777778 0.8009259259259259 0.4027777777777778 0.8055555555555556 0.4050925925925926 0.8055555555555556 0.41203703703703703 0.8009259259259259 0.4212962962962963 0.8009259259259259 0.4351851851851852 0.7986111111111112 0.4375 0.7962962962962963 0.4537037037037037 0.7939814814814815 0.45601851851851855 0.7893518518518519 0.45601851851851855 0.7824074074074074 0.4513888888888889 0.7731481481481481 0.4513888888888889 0.7638888888888888 0.44675925925925924 0.7569444444444444 0.44675925925925924 0.7476851851851852 0.44212962962962965 0.7384259259259259 0.44212962962962965 0.7175925925925926 0.43287037037037035 0.7175925925925926 0.42824074074074076 0.7222222222222222 0.4212962962962963 0.7222222222222222 0.4097222222222222 0.7268518518518519 0.40046296296296297 0.7268518518518519 0.3912037037037037 0.7314814814814815 0.38657407407407407 0.7384259259259259 0.38657407407407407 0.7407407407407407 0.3888888888888889
3 0.38425925925925924 0.19444444444444445 0.3888888888888889 0.19444444444444445 0.3912037037037037 0.19907407407407407 0.40046296296296297 0.2037037037037037 0.4305555555555556 0.23148148148148148 0.4398148148148148 0.2361111111111111 0.44675925925925924 0.24305555555555555 0.44212962962962965 0.2523148148148148 0.4351851851851852 0.2569444444444444 0.4305555555555556 0.2662037037037037 0.42592592592592593 0.26851851851851855 0.41435185185185186 0.2824074074074074 0.41203703703703703 0.2824074074074074 0.4027777777777778 0.27314814814814814 0.40046296296296297 0.27314814814814814 0.39351851851851855 0.2638888888888889 0.3912037037037037 0.2638888888888889 0.3773148148148148 0.25 0.37037037037037035 0.24768518518518517 0.37037037037037035 0.24537037037037038 0.35648148148148145 0.2337962962962963 0.35648148148148145 0.22685185185185186 0.36574074074074076 0.2175925925925926 0.3680555555555556 0.21064814814814814 0.38425925925925924 0.19675925925925927
3 0.6504629629629629 0.22685185185185186 0.6620370370370371 0.22685185185185186 0.6689814814814815 0.23148148148148148 0.6736111111111112 0.23148148148148148 0.6782407407407407 0.2361111111111111 0.6759259259259259 0.25 0.6712962962962963 0.2569444444444444 0.6712962962962963 0.2708333333333333 0.6620370370370371 0.2847222222222222 0.6620370370370371 0.29398148148148145 0.6597222222222222 0.2962962962962963 0.6574074074074074 0.30787037037037035 0.6550925925925926 0.3101851851851852 0.6481481481481481 0.3101851851851852 0.6412037037037037 0.3055555555555556 0.6319444444444444 0.3055555555555556 0.6296296296296297 0.30324074074074076 0.6296296296296297 0.2986111111111111 0.6319444444444444 0.2962962962962963 0.6319444444444444 0.28703703703703703 0.6365740740740741 0.2824074074074074 0.6365740740740741 0.27314814814814814 0.6412037037037037 0.2662037037037037 0.6412037037037037 0.25925925925925924 0.6435185185185185 0.2569444444444444 0.6435185185185185 0.25 0.6458333333333334 0.24768518518518517 0.6504629629629629 0.22916666666666666
3 0.05787037037037037 0.4861111111111111 0.06944444444444445 0.4861111111111111 0.0787037037037037 0.48148148148148145 0.08564814814814815 0.48148148148148145 0.08796296296296297 0.4861111111111111 0.08796296296296297 0.49537037037037035 0.09027777777777778 0.4976851851851852 0.09027777777777778 0.5231481481481481 0.09490740740740741 0.5347222222222222 0.09490740740740741 0.5509259259259259 0.09722222222222222 0.5532407407407407 0.09722222222222222 0.5625 0.09490740740740741 0.5648148148148148 0.08796296296296297 0.5648148148148148 0.08564814814814815 0.5671296296296297 0.06712962962962964 0.5671296296296297 0.06481481481481481 0.5625 0.06481481481481481 0.5509259259259259 0.0625 0.5486111111111112 0.0625 0.5300925925925926 0.06018518518518518 0.5277777777777778 0.06018518518518518 0.5115740740740741 0.05787037037037037 0.5092592592592593 0.05787037037037037 0.48842592592592593
2 0.13657407407407407 0.27546296296296297 0.13425925925925927 0.2824074074074074 0.13194444444444445 0.2824074074074074 0.12962962962962962 0.28703703703703703 0.12268518518518519 0.2916666666666667 0.11342592592592593 0.3055555555555556 0.1111111111111111 0.3055555555555556 0.09490740740740741 0.32407407407407407 0.09490740740740741 0.3263888888888889 0.09027777777777778 0.3287037037037037 0.08796296296296297 0.33564814814814814 0.08564814814814815 0.33564814814814814 0.0763888888888889 0.3449074074074074 0.0763888888888889 0.34953703703703703 0.06944444444444445 0.34953703703703703 0.06944444444444445 0.3472222222222222 0.06481481481481481 0.3449074074074074 0.08333333333333333 0.3263888888888889 0.08333333333333333 0.32407407407407407 0.09259259259259259 0.31712962962962965 0.10185185185185185 0.30324074074074076 0.10416666666666667 0.30324074074074076 0.12731481481481483 0.2777777777777778 0.13425925925925927 0.27546296296296297
2 0.49074074074074076 0.36342592592592593 0.4930555555555556 0.36342592592592593 0.5046296296296297 0.375 0.5231481481481481 0.4027777777777778 0.5277777777777778 0.4050925925925926 0.5324074074074074 0.41435185185185186 0.5532407407407407 0.4375 0.5509259259259259 0.44212962962962965 0.5439814814814815 0.44212962962962965 0.5439814814814815 0.4375 0.5370370370370371 0.4305555555555556 0.5347222222222222 0.4236111111111111 0.5300925925925926 0.4212962962962963 0.5208333333333334 0.4050925925925926 0.5115740740740741 0.39814814814814814 0.5092592592592593 0.3912037037037037 0.4976851851851852 0.37962962962962965 0.49074074074074076 0.36574074074074076
2 0.24074074074074073 0.6157407407407407 0.24537037037037038 0.6134259259259259 0.24537037037037038 0.6087962962962963 0.26157407407407407 0.5856481481481481 0.2662037037037037 0.5740740740740741 0.27314814814814814 0.5671296296296297 0.2824074074074074 0.5486111111111112 0.28703703703703703 0.5439814814814815 0.2916666666666667 0.5439814814814815 0.28703703703703703 0.5555555555555556 0.26851851851851855 0.5833333333333334 0.26851851851851855 0.5879629629629629 0.25462962962962965 0.6064814814814815 0.25462962962962965 0.6111111111111112 0.24537037037037038 0.6226851851851852 0.24305555555555555 0.6296296296296297 0.23842592592592593 0.6296296296296297 0.2361111111111111 0.6273148148148148 0.2361111111111111 0.6226851851851852 0.24074074074074073 0.6180555555555556
2 0.8032407407407407 0.5069444444444444 0.8125 0.5115740740740741 0.7962962962962963 0.5439814814814815 0.7962962962962963 0.5509259259259259 0.7870370370370371 0.5671296296296297 0.7870370370370371 0.5717592592592593 0.7777777777777778 0.5879629629629629 0.7777777777777778 0.5925925925925926 0.7731481481481481 0.5995370370370371 0.7708333333333334 0.5995370370370371 0.7708333333333334 0.5879629629629629 0.7754629629629629 0.5833333333333334 0.7754629629629629 0.5787037037037037 0.7847222222222222 0.5601851851851852 0.7847222222222222 0.5532407407407407 0.7893518518518519 0.5486111111111112 0.7893518518518519 0.5439814814814815 0.7962962962962963 0.5324074074074074 0.7962962962962963 0.5254629629629629 0.8032407407407407 0.5162037037037037 0.8032407407407407 0.5092592592592593
2 0.9004629629629629 0.2175925925925926 0.9074074074074074 0.2175925925925926 0.9074074074074074 0.23148148148148148 0.9027777777777778 0.23842592592592593 0.9027777777777778 0.24768518518518517 0.8981481481481481 0.2569444444444444 0.8981481481481481 0.2638888888888889 0.8935185185185185 0.2708333333333333 0.8935185185185185 0.2800925925925926 0.8888888888888888 0.28935185185185186 0.8888888888888888 0.2962962962962963 0.8865740740740741 0.2986111111111111 0.8842592592592593 0.3101851851851852 0.8796296296296297 0.3125 0.8819444444444444 0.28935185185185186 0.8865740740740741 0.2824074074074074 0.8865740740740741 0.2708333333333333 0.8912037037037037 0.2638888888888889 0.8912037037037037 0.25462962962962965 0.8958333333333334 0.24537037037037038 0.8958333333333334 0.2337962962962963 0.8981481481481481 0.23148148148148148 0.9004629629629629 0.2199074074074074
5 0.5995370370370371 0.6851851851851852 0.6087962962962963 0.6921296296296297 0.6087962962962963 0.7037037037037037 0.6018518518518519 0.7106481481481481 0.5972222222222222 0.7106481481481481 0.5879629629629629 0.7037037037037037 0.5879629629629629 0.6898148148148148 0.5972222222222222 0.6851851851851852
5 0.8634259259259259 0.5995370370370371 0.8726851851851852 0.6064814814814815 0.8726851851851852 0.6180555555555556 0.8703703703703703 0.6180555555555556 0.8680555555555556 0.6226851851851852 0.8564814814814815 0.6226851851851852 0.8518518518518519 0.6180555555555556 0.8518518518518519 0.6041666666666666 0.8541666666666666 0.6018518518518519 0.8611111111111112 0.6018518518518519
5 0.44916875000000006 0.38329062500000005 0.4539296875 0.3809093750000001 0.45562968750000005 0.37886875000000003 0.45625000000000004 0.3734375 0.45625000000000004 0.3671875 0.45156250000000003 0.3609375 0.45 0.3609375 0.4390625 0.36250000000000004 0.434375 0.36875 0.43593750000000003 0.38125 0.44062500000000004 0.384375 0.44916875000000006 0.38329062500000005
5 0.17824074074074073 0.3472222222222222 0.18518518518518517 0.35648148148148145 0.18518518518518517 0.3611111111111111 0.18055555555555555 0.3680555555555556 0.16666666666666666 0.3680555555555556 0.16203703703703703 0.3611111111111111 0.16435185185185186 0.35185185185185186 0.16898148148148148 0.3472222222222222 0.17592592592592593 0.3472222222222222
5 0.33125000000000004 0.6984375 0.34218750000000003 0.7 0.35000000000000003 0.6953125 0.3515625 0.690625 0.35228125000000005 0.6857781250000001 0.35120625 0.679865625 0.3484375 0.675 0.34375 0.671875 0.34218750000000003 0.671875 0.33437500000000003 0.671875 0.3296875 0.675 0.325 0.6828125 0.325 0.6890625 0.33125000000000004 0.6984375
1 0.18287037037037038 0.7268518518518519 0.19444444444444445 0.7222222222222222 0.19907407407407407 0.7175925925925926 0.2037037037037037 0.7175925925925926 0.2013888888888889 0.7245370370370371 0.19907407407407407 0.7245370370370371 0.1875 0.7361111111111112 0.19675925925925927 0.75 0.19675925925925927 0.7638888888888888 0.18981481481481483 0.7708333333333334 0.18518518518518517 0.7731481481481481 0.16435185185185186 0.7731481481481481 0.16203703703703703 0.7754629629629629 0.1550925925925926 0.7708333333333334 0.14814814814814814 0.7592592592592593 0.14351851851851852 0.7592592592592593 0.1388888888888889 0.7638888888888888 0.13194444444444445 0.7638888888888888 0.13657407407407407 0.7569444444444444 0.14583333333333334 0.7523148148148148 0.15046296296296297 0.7523148148148148 0.1574074074074074 0.7569444444444444 0.1574074074074074 0.7592592592592593 0.16898148148148148 0.7708333333333334 0.18055555555555555 0.7685185185185185 0.18518518518518517 0.7638888888888888 0.18518518518518517 0.7592592592592593 0.1875 0.7569444444444444 0.18518518518518517 0.7546296296296297 0.18518518518518517 0.7476851851851852 0.17824074074074073 0.7384259259259259 0.17824074074074073 0.7314814814814815 0.18287037037037038 0.7291666666666666
1 0.59964375 0.4724953125 0.6028578125 0.48030312500000005 0.6051531250000001 0.4862734375 0.6051531250000001 0.49546093750000003 0.604234375 0.50235 0.6078125000000001 0.509375 0.609375 0.5171875 0.6140625000000001 0.5218750000000001 0.6218750000000001 0.5234375 0.6296875000000001 0.51875 0.6312500000000001 0.5140625000000001 0.628125 0.5062500000000001 0.628125 0.48281250000000003 0.6234375000000001 0.47500000000000003 0.6218750000000001 0.46718750000000003 0.6156250000000001 0.4609375 0.6125 0.446875 0.6078125000000001 0.4421875 0.6062500000000001 0.4421875 0.6000000000000001 0.44062500000000004 0.59375 0.44375000000000003 0.5906250000000001 0.45 0.595053125 0.4665234375 0.59964375 0.4724953125
1 0.8356481481481481 0.7222222222222222 0.8449074074074074 0.7268518518518519 0.8541666666666666 0.7361111111111112 0.8541666666666666 0.7384259259259259 0.8587962962962963 0.7407407407407407 0.8564814814814815 0.7638888888888888 0.8657407407407407 0.7708333333333334 0.8657407407407407 0.7754629629629629 0.8564814814814815 0.7754629629629629 0.8472222222222222 0.7685185185185185 0.8425925925925926 0.7592592592592593 0.8425925925925926 0.7546296296296297 0.8472222222222222 0.7453703703703703 0.8472222222222222 0.7361111111111112 0.8425925925925926 0.7314814814814815 0.8310185185185185 0.7337962962962963 0.8148148148148148 0.7546296296296297 0.8055555555555556 0.7476851851851852 0.8009259259259259 0.7476851851851852 0.7916666666666666 0.7430555555555556 0.7870370370370371 0.7384259259259259 0.7893518518518519 0.7361111111111112 0.7939814814814815 0.7407407407407407 0.8055555555555556 0.7430555555555556 0.8125 0.7361111111111112 0.8125 0.7314814814814815 0.8217592592592593 0.7222222222222222 0.8333333333333334 0.7222222222222222
1 0.18906250000000002 0.1984375 0.18906250000000002 0.209375 0.19843750000000002 0.2265625 0.19843750000000002 0.234375 0.1921875 0.24375000000000002 0.1921875 0.2484375 0.19607812500000002 0.2436046875 0.199990625 0.23933437500000002 0.20603593750000002 0.23292968750000004 0.20817031250000004 0.2311515625 0.2014125 0.2197640625 0.1982125 0.21158125 0.19892343750000002 0.20054999999999998 0.20354687500000002 0.1952140625 0.21208281250000002 0.193790625 0.2191953125 0.19699218750000003 0.2234375 0.2015625 0.22968750000000002 0.20468750000000002 0.23555625 0.20553281250000002 0.24017968750000002 0.20482031250000002 0.2423140625 0.20375312500000003 0.24266875 0.203040625 0.24337968750000002 0.20161874999999999 0.2484375 0.1984375 0.25312500000000004 0.1921875 0.2515625 0.1875 0.2484375 0.1859375 0.246875 0.1859375 0.2328125 0.1984375 0.21406250000000002 0.1859375 0.2 0.1859375 0.1921875 0.1921875 0.18906250000000002 0.1984375
1 0.7742125000000001 0.249759375 0.7777765625 0.2540890625 0.7823578125 0.258671875 0.7841390625000001 0.26172812500000003 0.7833765625 0.2688578125 0.7800671875 0.27115 0.7810843749999999 0.2734421875 0.7846484375000001 0.277515625 0.7866843750000001 0.2828625 0.7912656250000002 0.2866828125 0.7966109375000001 0.287446875 0.8055203125 0.286428125 0.808828125 0.282353125 0.8093375 0.27649687500000003 0.808828125 0.2714046875 0.8055203125 0.26732968749999997 0.8004296875 0.26325624999999997 0.7999203125000001 0.25994531249999997 0.8017015625000001 0.25612656250000004 0.8019562499999999 0.25256093749999997 0.8019562499999999 0.24925 0.79915625 0.2426296875 0.7930484375 0.23830156250000004 0.7897390625 0.23524531250000003 0.7877031250000001 0.23269843750000002 0.7828671875000001 0.23015312500000001 0.7770125000000001 0.2298984375 0.77345 0.231934375 0.7686124999999999 0.2306625 0.7683593750000001 0.2278609375 0.7650500000000001 0.2248046875 0.758178125 0.22124062500000002 0.7497781250000001 0.222259375 0.7439234375 0.2278609375 0.7439234375 0.23600937500000002 0.7523234375000001 0.2461953125 0.7502875000000001 0.24644999999999997 0.7546140625 0.2467046875 0.7597046875000001 0.2456859375 0.7653046875000001 0.24594062500000002 0.76963125 0.246959375 0.7742125000000001 0.249759375
0 0.15046296296296297 0.5 0.1550925925925926 0.5023148148148148 0.1574074074074074 0.5 0.1550925925925926 0.5046296296296297 0.1574074074074074 0.5092592592592593 0.16203703703703703 0.5115740740740741 0.16203703703703703 0.5185185185185185 0.1527777777777778 0.5069444444444444 0.1550925925925926 0.5023148148148148 0.1527777777777778 0.5 0.15046296296296297 0.5023148148148148
0 0.2916666666666667 0.39351851851851855 0.29398148148148145 0.39814814814814814 0.2962962962962963 0.3958333333333333 0.2916666666666667 0.40046296296296297 0.29398148148148145 0.4027777777777778 0.2986111111111111 0.4027777777777778 0.29398148148148145 0.4027777777777778 0.2916666666666667 0.40046296296296297 0.29398148148148145 0.39814814814814814 0.2916666666666667 0.3958333333333333 0.2847222222222222 0.39814814814814814 0.2847222222222222 0.3958333333333333 0.28703703703703703 0.39814814814814814 0.28935185185185186 0.3958333333333333
0 0.26851851851851855 0.7245370370370371 0.27314814814814814 0.7337962962962963 0.2777777777777778 0.7361111111111112 0.2777777777777778 0.7407407407407407 0.27314814814814814 0.7430555555555556 0.26851851851851855 0.7407407407407407 0.27314814814814814 0.7430555555555556 0.2777777777777778 0.7384259259259259 0.2708333333333333 0.7291666666666666 0.26851851851851855 0.7337962962962963 0.2662037037037037 0.7268518518518519
0 0.8819444444444444 0.6597222222222222 0.8865740740740741 0.6597222222222222 0.8912037037037037 0.6643518518518519 0.8865740740740741 0.6759259259259259 0.8819444444444444 0.6782407407407407 0.8865740740740741 0.6759259259259259 0.8912037037037037 0.6666666666666666 0.8912037037037037 0.6643518518518519 0.8842592592592593 0.6597222222222222 0.8819444444444444 0.6620370370370371 0.8819444444444444 0.6736111111111112 0.8819444444444444 0.6620370370370371
0 0.5810185185185185 0.23148148148148148 0.5833333333333334 0.23148148148148148 0.5833333333333334 0.2361111111111111 0.5787037037037037 0.24074074074074073 0.5763888888888888 0.2361111111111111 0.5787037037037037 0.24074074074074073 0.5833333333333334 0.2337962962962963