4 0.90768125 0.17292343749999997 0.90768125 0.21749218750000002 0.9534796875 0.217075 0.9533859375 0.1730625 0.90768125 0.17292343749999997
4 0.9125609374999999 0.706246875 0.9141874999999999 0.7521984375 0.960525 0.75341875 0.9593046875 0.7046203125 0.9125609374999999 0.706246875
4 0.8560609375 0.458296875 0.8556546875000001 0.5034359375 0.9028062499999999 0.5046546875 0.9031578125 0.45917187500000006 0.8560609375 0.458296875
4 0.737371875 0.5701265624999999 0.691034375 0.5701265624999999 0.691034375 0.616078125 0.737778125 0.6156718749999999 0.737371875 0.5701265624999999
4 0.691034375 0.301153125 0.6902203124999999 0.3475109375 0.7353390625 0.3475109375 0.7356875 0.3008015625 0.691034375 0.301153125
4 0.47736562499999996 0.177690625 0.47736562499999996 0.22101874999999999 0.522840625 0.22101874999999999 0.5217578125 0.17444062500000002 0.47736562499999996 0.177690625
4 0.04102499999999988 0.1701078125 0.039942187499999976 0.21451875 0.08216874999999983 0.21560312499999998 0.08433437500000004 0.167940625 0.04102499999999988 0.1701078125
4 0.03019843749999988 0.45932500000000004 0.02803281249999993 0.5069875 0.0735062499999999 0.505903125 0.07483125000000007 0.458490625 0.03019843749999988 0.45932500000000004
4 0.024784374999999942 0.695465625 0.0237015624999999 0.7442109375000001 0.0670109374999998 0.7442109375000001 0.06804218750000002 0.6970562499999999 0.024784374999999942 0.695465625
4 0.2088484374999999 0.6423890625 0.207765625 0.6857171875 0.2521578124999999 0.6857171875 0.2521578124999999 0.6423890625 0.2088484374999999 0.6423890625
4 0.2478265624999999 0.46365781250000004 0.2478265624999999 0.505903125 0.29113593749999994 0.5069875 0.2920609375 0.4623703125 0.2478265624999999 0.46365781250000004
4 0.47890937499999997 0.4656921875000001 0.4799359374999999 0.511890625 0.5240609374999999 0.5129171875 0.5238968749999999 0.464965625 0.47890937499999997 0.4656921875000001
3 0.7083333333333334 0.26157407407407407 0.7083333333333334 0.2662037037037037 0.7129629629629629 0.26851851851851855 0.7129629629629629 0.27546296296296297 0.7106481481481481 0.2777777777777778 0.7129629629629629 0.2800925925925926 0.7129629629629629 0.28703703703703703 0.7083333333333334 0.28703703703703703 0.7060185185185185 0.28935185185185186 0.6944444444444444 0.28935185185185186 0.6921296296296297 0.2916666666666667 0.6689814814814815 0.2916666666666667 0.6574074074074074 0.2962962962962963 0.6319444444444444 0.2962962962962963 0.6296296296296297 0.29398148148148145 0.6319444444444444 0.28935185185185186 0.6296296296296297 0.27314814814814814 0.6319444444444444 0.2708333333333333 0.6481481481481481 0.26851851851851855 0.6504629629629629 0.2662037037037037 0.6712962962962963 0.2662037037037037 0.6736111111111112 0.2638888888888889 0.6828703703703703 0.2638888888888889 0.6851851851851852 0.26157407407407407 0.7060185185185185 0.26157407407407407
3 0.7916666666666666 0.3912037037037037 0.8009259259259259 0.38657407407407407 0.8194444444444444 0.40046296296296297 0.8287037037037037 0.4166666666666667 0.8333333333333334 0.41898148148148145 0.8333333333333334 0.42592592592592593 0.8310185185185185 0.42592592592592593 0.8287037037037037 0.4305555555555556 0.8263888888888888 0.4305555555555556 0.8240740740740741 0.4351851851851852 0.8217592592592593 0.4351851851851852 0.8194444444444444 0.4398148148148148 0.8148148148148148 0.44212962962962965 0.8125 0.44675925925925924 0.7824074074074074 0.47453703703703703 0.7731481481481481 0.47453703703703703 0.7731481481481481 0.4722222222222222 0.7685185185185185 0.4699074074074074 0.7615740740740741 0.46064814814814814 0.7592592592592593 0.46064814814814814 0.7546296296296297 0.4513888888888889 0.7453703703703703 0.44212962962962965 0.7453703703703703 0.4375 0.7476851851851852 0.4375 0.75 0.43287037037037035 0.7523148148148148 0.43287037037037035 0.7546296296296297 0.42824074074074076 0.7615740740740741 0.4236111111111111 0.7638888888888888 0.41898148148148145 0.7662037037037037 0.41898148148148145 0.7870370370370371 0.3958333333333333 0.7916666666666666 0.39351851851851855
3 0.7199074074074074 0.6319444444444444 0.7569444444444444 0.6319444444444444 0.7592592592592593 0.6342592592592593 0.7708333333333334 0.6342592592592593 0.7708333333333334 0.7037037037037037 0.7662037037037037 0.7152777777777778 0.7384259259259259 0.7152777777777778 0.7361111111111112 0.7129629629629629 0.7199074074074074 0.7129629629629629 0.7152777777777778 0.7106481481481481 0.7152777777777778 0.6875 0.7175925925925926 0.6851851851851852 0.7175925925925926 0.6435185185185185 0.7199074074074074 0.6412037037037037 0.7199074074074074 0.6342592592592593
3 0.5115740740740741 0.6504629629629629 0.5115740740740741 0.6759259259259259 0.5092592592592593 0.6782407407407407 0.4722222222222222 0.6782407407407407 0.4699074074074074 0.6759259259259259 0.4537037037037037 0.6759259259259259 0.4513888888888889 0.6782407407407407 0.4444444444444444 0.6782407407407407 0.44212962962962965 0.6759259259259259 0.4305555555555556 0.6759259259259259 0.4305555555555556 0.6643518518518519 0.42824074074074076 0.6620370370370371 0.42824074074074076 0.6504629629629629 0.43287037037037035 0.6504629629629629 0.4351851851851852 0.6481481481481481 0.44212962962962965 0.6481481481481481 0.4444444444444444 0.6504629629629629 0.44907407407407407 0.6481481481481481 0.5092592592592593 0.6504629629629629
3 0.12037037037037036 0.6944444444444444 0.125 0.6921296296296297 0.12962962962962962 0.6944444444444444 0.1412037037037037 0.6944444444444444 0.15046296296296297 0.6990740740740741 0.1597222222222222 0.6990740740740741 0.16666666666666666 0.7037037037037037 0.17824074074074073 0.7037037037037037 0.18055555555555555 0.7060185185185185 0.19675925925925927 0.7083333333333334 0.19907407407407407 0.7106481481481481 0.19907407407407407 0.7222222222222222 0.19444444444444445 0.7291666666666666 0.19444444444444445 0.7361111111111112 0.18518518518518517 0.7384259259259259 0.17592592592592593 0.7337962962962963 0.16435185185185186 0.7337962962962963 0.1550925925925926 0.7291666666666666 0.14814814814814814 0.7291666666666666 0.14583333333333334 0.7268518518518519 0.1388888888888889 0.7268518518518519 0.13657407407407407 0.7245370370370371 0.11342592592592593 0.7199074074074074 0.11342592592592593 0.7129629629629629 0.11805555555555555 0.7060185185185185 0.11805555555555555 0.6990740740740741 0.12037037037037036 0.6967592592592593