4 0.09231875 0.21749218750000002 0.09231875 0.17292343749999997 0.0466140625 0.1730625 0.0465203125 0.217075 0.09231875 0.21749218750000002
4 0.08581250000000001 0.7521984375 0.08743906250000001 0.706246875 0.04069531250000001 0.7046203125 0.039475 0.75341875 0.08581250000000001 0.7521984375
4 0.14434531250000002 0.5034359375 0.1439390625 0.458296875 0.0968421875 0.45917187500000006 0.09719375000000001 0.5046546875 0.14434531250000002 0.5034359375
4 0.308965625 0.5701265624999999 0.26262812500000005 0.5701265624999999 0.26222187500000005 0.6156718749999999 0.308965625 0.616078125 0.308965625 0.5701265624999999
4 0.3097796875 0.3475109375 0.308965625 0.301153125 0.2643125 0.3008015625 0.2646609375 0.3475109375 0.3097796875 0.3475109375
4 0.522634375 0.22101874999999999 0.522634375 0.177690625 0.4782421875 0.17444062500000002 0.47715937500000005 0.22101874999999999 0.522634375 0.22101874999999999
4 0.9600578125 0.21451875 0.9589750000000001 0.1701078125 0.9156656249999999 0.167940625 0.9178312500000002 0.21560312499999998 0.9600578125 0.21451875
4 0.9719671875000001 0.5069875 0.9698015625000002 0.45932500000000004 0.92516875 0.458490625 0.9264937500000001 0.505903125 0.9719671875000001 0.5069875
4 0.9762984375000001 0.7442109375000001 0.975215625 0.695465625 0.9319578125 0.6970562499999999 0.9329890625000002 0.7442109375000001 0.9762984375000001 0.7442109375000001
4 0.792234375 0.6857171875 0.7911515625000001 0.6423890625 0.7478421875000001 0.6423890625 0.7478421875000001 0.6857171875 0.792234375 0.6857171875
4 0.7521734375000001 0.505903125 0.7521734375000001 0.46365781250000004 0.7079390625 0.4623703125 0.7088640625000001 0.5069875 0.7521734375000001 0.505903125
4 0.5200640625 0.511890625 0.521090625 0.4656921875000001 0.47610312500000007 0.464965625 0.47593906250000007 0.5129171875 0.5200640625 0.511890625
2 0.09259259259259259 0.5370370370370371 0.09490740740740741 0.5393518518518519 0.09490740740740741 0.5509259259259259 0.09027777777777778 0.5625 0.09027777777777778 0.5717592592592593 0.08564814814814815 0.5787037037037037 0.08564814814814815 0.5902777777777778 0.08333333333333333 0.5925925925925926 0.08564814814814815 0.5972222222222222 0.08101851851851852 0.6018518518518519 0.08101851851851852 0.6087962962962963 0.0763888888888889 0.6203703703703703 0.0763888888888889 0.6365740740740741 0.07407407407407407 0.6388888888888888 0.06944444444444445 0.6388888888888888 0.06481481481481481 0.6365740740740741 0.0625 0.6319444444444444 0.06944444444444445 0.6203703703703703 0.06944444444444445 0.6111111111111112 0.07407407407407407 0.6018518518518519 0.07407407407407407 0.5925925925925926 0.0787037037037037 0.5833333333333334 0.08333333333333333 0.5578703703703703 0.09027777777777778 0.5393518518518519
2 0.2361111111111111 0.6759259259259259 0.23842592592592593 0.6782407407407407 0.23842592592592593 0.6828703703703703 0.2222222222222222 0.6851851851851852 0.21064814814814814 0.6921296296296297 0.2013888888888889 0.6921296296296297 0.19444444444444445 0.6967592592592593 0.1875 0.6967592592592593 0.17824074074074073 0.7013888888888888 0.1550925925925926 0.7060185185185185 0.15046296296296297 0.7106481481481481 0.1412037037037037 0.7106481481481481 0.1412037037037037 0.7083333333333334 0.14814814814814814 0.7037037037037037 0.1527777777777778 0.7037037037037037 0.1597222222222222 0.6990740740740741 0.16666666666666666 0.6990740740740741 0.1736111111111111 0.6944444444444444 0.1875 0.6921296296296297 0.19444444444444445 0.6875 0.2013888888888889 0.6875 0.20833333333333334 0.6828703703703703 0.2175925925925926 0.6828703703703703 0.22453703703703703 0.6782407407407407 0.2337962962962963 0.6759259259259259
2 0.08796296296296297 0.29398148148148145 0.09027777777777778 0.29398148148148145 0.09490740740740741 0.30324074074074076 0.09490740740740741 0.30787037037037035 0.09953703703703703 0.3125 0.09953703703703703 0.32175925925925924 0.10416666666666667 0.3263888888888889 0.10416666666666667 0.3333333333333333 0.1087962962962963 0.33796296296296297 0.1087962962962963 0.3449074074074074 0.11805555555555555 0.36342592592592593 0.11805555555555555 0.37037037037037035 0.12268518518518519 0.375 0.12268518518518519 0.3819444444444444 0.12731481481481483 0.38657407407407407 0.125 0.3888888888888889 0.11805555555555555 0.3888888888888889 0.11574074074074074 0.38657407407407407 0.11574074074074074 0.375 0.1111111111111111 0.3680555555555556 0.1111111111111111 0.3611111111111111 0.10648148148148148 0.3541666666666667 0.10185185185185185 0.33564814814814814 0.09722222222222222 0.3287037037037037 0.09722222222222222 0.32175925925925924 0.09259259259259259 0.31712962962962965 0.09259259259259259 0.30787037037037035 0.08796296296296297 0.30324074074074076 0.08796296296296297 0.2962962962962963
2 0.38657407407407407 0.26851851851851855 0.08796296296296297 0.05555555555555555
2 0.1597222222222222 0.23148148148148148 0.16203703703703703 0.23842592592592593 0.1712962962962963 0.24768518518518517 0.18055555555555555 0.26157407407407407 0.19907407407407407 0.2800925925925926 0.21064814814814814 0.2962962962962963 0.2152777777777778 0.2986111111111111 0.2199074074074074 0.3055555555555556 0.2199074074074074 0.3101851851851852 0.2175925925925926 0.3101851851851852 0.2175925925925926 0.30787037037037035 0.21296296296296297 0.3055555555555556 0.20601851851851852 0.2962962962962963 0.2037037037037037 0.2962962962962963 0.19444444444444445 0.2824074074074074 0.1875 0.2777777777777778 0.16435185185185186 0.24768518518518517 0.1550925925925926 0.23842592592592593 0.15046296296296297 0.23842592592592593 0.15046296296296297 0.2361111111111111 0.1574074074074074 0.23148148148148148
2 0.7037037037037037 0.19907407407407407 0.7060185185185185 0.2013888888888889 0.6967592592592593 0.20601851851851852 0.6736111111111112 0.20601851851851852 0.6666666666666666 0.21064814814814814 0.6226851851851852 0.21064814814814814 0.6134259259259259 0.2152777777777778 0.6087962962962963 0.2152777777777778 0.6041666666666666 0.21064814814814814 0.6041666666666666 0.20833333333333334 0.6111111111111112 0.2037037037037037 0.6597222222222222 0.2037037037037037 0.6620370370370371 0.2013888888888889 0.7013888888888888 0.19907407407407407
2 0.7662037037037037 0.19907407407407407 0.7685185185185185 0.2013888888888889 0.7847222222222222 0.2013888888888889 0.7870370370370371 0.19907407407407407 0.8425925925925926 0.19907407407407407 0.8449074074074074 0.19675925925925927 0.8518518518518519 0.19675925925925927 0.8541666666666666 0.19907407407407407 0.8611111111111112 0.19907407407407407 0.8587962962962963 0.20601851851851852 0.8032407407407407 0.20601851851851852 0.7962962962962963 0.21064814814814814 0.7615740740740741 0.21064814814814814 0.7615740740740741 0.2037037037037037 0.7638888888888888 0.2013888888888889
2 0.4351851851851852 0.5 0.4398148148148148 0.5 0.44675925925925924 0.5092592592592593 0.44675925925925924 0.5138888888888888 0.4444444444444444 0.5138888888888888 0.4444444444444444 0.5069444444444444 0.4375 0.5 0.4351851851851852 0.5046296296296297 0.42824074074074076 0.5092592592592593 0.4305555555555556 0.5092592592592593 0.4351851851851852 0.5023148148148148
2 0.5949074074074074 0.5370370370370371 0.6597222222222222 0.5856481481481481 0.6712962962962963 0.5879629629629629 0.6712962962962963 0.5972222222222222 0.6666666666666666 0.5995370370370371 0.6597222222222222 0.5902777777777778 0.625 0.5671296296296297 0.6157407407407407 0.5601851851851852 0.6134259259259259 0.5555555555555556 0.6064814814814815 0.5532407407407407 0.5972222222222222 0.5462962962962963 0.5925925925925926 0.5393518518518519