4 0.09231875 0.17292343749999997 0.0466140625 0.1730625 0.0465203125 0.217075 0.09231875 0.21749218750000002 0.09231875 0.17292343749999997
4 0.08743906250000001 0.706246875 0.04069531250000001 0.7046203125 0.039475 0.75341875 0.08581250000000001 0.7521984375 0.08743906250000001 0.706246875
4 0.1439390625 0.458296875 0.0968421875 0.45917187500000006 0.09719375000000001 0.5046546875 0.14434531250000002 0.5034359375 0.1439390625 0.458296875
4 0.26262812500000005 0.5701265624999999 0.26222187500000005 0.6156718749999999 0.308965625 0.616078125 0.308965625 0.5701265624999999 0.26262812500000005 0.5701265624999999
4 0.308965625 0.301153125 0.2643125 0.3008015625 0.2646609375 0.3475109375 0.3097796875 0.3475109375 0.308965625 0.301153125
4 0.522634375 0.177690625 0.4782421875 0.17444062500000002 0.47715937500000005 0.22101874999999999 0.522634375 0.22101874999999999 0.522634375 0.177690625
4 0.9589750000000001 0.1701078125 0.9156656249999999 0.167940625 0.9178312500000002 0.21560312499999998 0.9600578125 0.21451875 0.9589750000000001 0.1701078125
4 0.9698015625000002 0.45932500000000004 0.92516875 0.458490625 0.9264937500000001 0.505903125 0.9719671875000001 0.5069875 0.9698015625000002 0.45932500000000004
4 0.975215625 0.695465625 0.9319578125 0.6970562499999999 0.9329890625000002 0.7442109375000001 0.9762984375000001 0.7442109375000001 0.975215625 0.695465625
4 0.7911515625000001 0.6423890625 0.7478421875000001 0.6423890625 0.7478421875000001 0.6857171875 0.792234375 0.6857171875 0.7911515625000001 0.6423890625
4 0.7521734375000001 0.46365781250000004 0.7079390625 0.4623703125 0.7088640625000001 0.5069875 0.7521734375000001 0.505903125 0.7521734375000001 0.46365781250000004
4 0.521090625 0.4656921875000001 0.47610312500000007 0.464965625 0.47593906250000007 0.5129171875 0.5200640625 0.511890625 0.521090625 0.4656921875000001
1 0.38504062499999997 0.5823703125 0.38681875000000004 0.5898484375 0.3878875 0.5980375000000001 0.39215781250000004 0.6094312500000001 0.396428125 0.612990625 0.40532656250000004 0.6115671875000002 0.41137656250000004 0.6076500000000001 0.4131546875 0.5983937500000001 0.4135109375 0.5898484375 0.409240625 0.5788109375 0.4049703125 0.564925 0.40319062499999997 0.558871875 0.4017671875 0.55139375 0.40141093750000006 0.546765625 0.39963125000000005 0.5389328125 0.39393750000000005 0.5318109375 0.3864640625 0.5314546875 0.3804140625 0.5343031250000001 0.37649843750000006 0.5392890625 0.37685468750000006 0.547834375 0.37933125 0.5543390625 0.38076875000000004 0.564925 0.38254843750000006 0.57418125 0.38504062499999997 0.5823703125
1 0.45301562500000003 0.5845078125 0.46191250000000006 0.5862875000000001 0.46831875 0.5841515625000001 0.47116562500000003 0.5837953125 0.48326562500000003 0.5834390625 0.4946546875 0.5802343750000001 0.502484375 0.579878125 0.5163640625000001 0.57525 0.5284640625 0.5709765625000001 0.5327359375000001 0.5613640625 0.5320234375 0.557446875 0.5288203125000001 0.55210625 0.51885625 0.5499703125000001 0.5138734375 0.5517500000000001 0.5078234375 0.5542421875 0.4964343750000001 0.5570906250000001 0.4889609375 0.5592281250000001 0.4825546875 0.5610078125 0.4700984375 0.5610078125 0.4633359375000001 0.5620765624999999 0.4587093750000001 0.5631437499999999 0.4519484375000001 0.5670609375 0.4476765625 0.5745375 0.44874531250000005 0.581303125 0.45301562500000003 0.5845078125
1 0.6747375 0.57418125 0.67971875 0.580946875 0.6875484375 0.580946875 0.695378125 0.5820140625 0.701784375 0.5823703125 0.7110375 0.5837953125 0.7199359375000001 0.5837953125 0.7291890625 0.5834390625 0.7391531250000001 0.5827265625 0.7444921875 0.580590625 0.752321875 0.5788109375 0.763709375 0.573825 0.7622859375 0.5674171875 0.7597953125000001 0.5610078125 0.751609375 0.5578031250000001 0.7444921875 0.558159375 0.7334593749999999 0.5599390625 0.7231375 0.5602953125000001 0.7131734375000001 0.5606515625 0.7064109375000001 0.5606515625 0.6989375000000001 0.5599390625 0.6921750000000001 0.558871875 0.6843453125000001 0.558515625 0.6780140625000001 0.562309375 0.6782953125 0.56243125 0.6754484374999999 0.567771875 0.6747375 0.57418125
1 0.6032015625 0.5620765624999999 0.6071171875 0.5724015625000001 0.608896875 0.579878125 0.6074734375 0.5887796875000001 0.6071171875 0.5923406250000001 0.608896875 0.5987484375000001 0.61174375 0.6048015625 0.6188609375 0.6072937500000001 0.6274031250000001 0.6044453125000001 0.6313171875000001 0.597325 0.6316734375 0.58593125 0.6291828125000001 0.580946875 0.6281140625 0.5724015625000001 0.6281140625 0.5606515625 0.626690625 0.55353125 0.6217093750000001 0.546765625 0.6188609375 0.5442734375 0.6170828125000001 0.535728125 0.6135234375 0.5296750000000001 0.6078296875000001 0.5264703125 0.6032015625 0.525046875 0.5960843750000001 0.5282515625 0.5951343750000001 0.5384015625 0.5964406250000001 0.547834375 0.59964375 0.553175 0.6032015625 0.5620765624999999
1 0.8441703125000001 0.5775484375 0.842646875 0.586190625 0.8406140625000001 0.5928 0.8370562500000001 0.5968671875 0.8355328125 0.5989 0.8340078125 0.6057640625 0.8342625 0.608559375 0.836803125 0.6133890625 0.8393437499999999 0.6151687500000002 0.846965625 0.61821875 0.8515390625000001 0.6172015625 0.8556046875000001 0.6138984375 0.8566203125 0.61059375 0.8563671875000002 0.6022046875 0.8578921875000001 0.5933078125000001 0.8639890625 0.591275 0.8662765625000001 0.584665625 0.8670390625000001 0.57500625 0.8665296875 0.5696671875 0.86424375 0.5635671875 0.8622109375000001 0.5582296875 0.8591625 0.5561953125 0.8556046875000001 0.554925 0.85535 0.5417062500000001 0.8533187500000001 0.5384015625 0.8479828125 0.5345890625 0.8439171875 0.5338265625 0.8390890625000001 0.5353515625 0.8350234375 0.5386562500000001 0.8327375000000001 0.54399375 0.8327375000000001 0.5500953125 0.8327375000000001 0.5567046875 0.8350234375 0.5587375 0.84010625 0.5650921875 0.8434093750000001 0.5704296875 0.8441703125000001 0.5775484375