4 0.90768125 0.17292343749999997 0.90768125 0.21749218750000002 0.9534796875 0.217075 0.9533859375 0.1730625 0.90768125 0.17292343749999997
4 0.9125609374999999 0.706246875 0.9141874999999999 0.7521984375 0.960525 0.75341875 0.9593046875 0.7046203125 0.9125609374999999 0.706246875
4 0.8560609375 0.458296875 0.8556546875000001 0.5034359375 0.9028062499999999 0.5046546875 0.9031578125 0.45917187500000006 0.8560609375 0.458296875
4 0.737371875 0.5701265624999999 0.691034375 0.5701265624999999 0.691034375 0.616078125 0.737778125 0.6156718749999999 0.737371875 0.5701265624999999
4 0.691034375 0.301153125 0.6902203124999999 0.3475109375 0.7353390625 0.3475109375 0.7356875 0.3008015625 0.691034375 0.301153125
4 0.47736562499999996 0.177690625 0.47736562499999996 0.22101874999999999 0.522840625 0.22101874999999999 0.5217578125 0.17444062500000002 0.47736562499999996 0.177690625
4 0.04102499999999988 0.1701078125 0.039942187499999976 0.21451875 0.08216874999999983 0.21560312499999998 0.08433437500000004 0.167940625 0.04102499999999988 0.1701078125
4 0.03019843749999988 0.45932500000000004 0.02803281249999993 0.5069875 0.0735062499999999 0.505903125 0.07483125000000007 0.458490625 0.03019843749999988 0.45932500000000004
4 0.024784374999999942 0.695465625 0.0237015624999999 0.7442109375000001 0.0670109374999998 0.7442109375000001 0.06804218750000002 0.6970562499999999 0.024784374999999942 0.695465625
4 0.2088484374999999 0.6423890625 0.207765625 0.6857171875 0.2521578124999999 0.6857171875 0.2521578124999999 0.6423890625 0.2088484374999999 0.6423890625
4 0.2478265624999999 0.46365781250000004 0.2478265624999999 0.505903125 0.29113593749999994 0.5069875 0.2920609375 0.4623703125 0.2478265624999999 0.46365781250000004
4 0.47890937499999997 0.4656921875000001 0.4799359374999999 0.511890625 0.5240609374999999 0.5129171875 0.5238968749999999 0.464965625 0.47890937499999997 0.4656921875000001
1 0.7546296296296297 0.7222222222222222 0.7592592592592593 0.7268518518518519 0.7800925925925926 0.7361111111111112 0.8055555555555556 0.7361111111111112 0.8148148148148148 0.7407407407407407 0.8194444444444444 0.7453703703703703 0.8194444444444444 0.7546296296296297 0.8148148148148148 0.7592592592592593 0.7731481481481481 0.7592592592592593 0.7708333333333334 0.7569444444444444 0.7546296296296297 0.7546296296296297 0.7476851851851852 0.7430555555555556 0.7407407407407407 0.7430555555555556 0.7337962962962963 0.7384259259259259 0.7337962962962963 0.7245370370370371 0.7361111111111112 0.7222222222222222 0.7523148148148148 0.7222222222222222
1 0.6203703703703703 0.6319444444444444 0.6273148148148148 0.6365740740740741 0.6273148148148148 0.6481481481481481 0.6226851851851852 0.6550925925925926 0.6226851851851852 0.6712962962962963 0.6111111111111112 0.6944444444444444 0.6111111111111112 0.7013888888888888 0.6041666666666666 0.7106481481481481 0.5902777777777778 0.7106481481481481 0.5856481481481481 0.6990740740740741 0.5972222222222222 0.6759259259259259 0.5995370370370371 0.6597222222222222 0.6041666666666666 0.6550925925925926 0.6041666666666666 0.6388888888888888 0.6111111111111112 0.6319444444444444 0.6180555555555556 0.6319444444444444
1 0.6273148148148148 0.28935185185185186 0.6365740740740741 0.2962962962962963 0.6388888888888888 0.3287037037037037 0.6412037037037037 0.33101851851851855 0.6388888888888888 0.3449074074074074 0.6365740740740741 0.3472222222222222 0.6365740740740741 0.37037037037037035 0.6319444444444444 0.3726851851851852 0.6203703703703703 0.3726851851851852 0.6157407407407407 0.36342592592592593 0.6157407407407407 0.3125 0.6134259259259259 0.3101851851851852 0.6134259259259259 0.2986111111111111 0.6180555555555556 0.2916666666666667 0.625 0.28935185185185186
1 0.2037037037037037 0.3611111111111111 0.20833333333333334 0.3680555555555556 0.20833333333333334 0.37962962962962965 0.2175925925925926 0.3888888888888889 0.22453703703703703 0.3912037037037037 0.22916666666666666 0.38657407407407407 0.22916666666666666 0.3819444444444444 0.23148148148148148 0.37962962962962965 0.22916666666666666 0.375 0.23148148148148148 0.3726851851851852 0.2337962962962963 0.3611111111111111 0.24074074074074073 0.3611111111111111 0.24537037037037038 0.35648148148148145 0.26157407407407407 0.35648148148148145 0.26157407407407407 0.3611111111111111 0.2569444444444444 0.36342592592592593 0.24537037037037038 0.36342592592592593 0.24305555555555555 0.36574074074074076 0.24537037037037038 0.37037037037037035 0.24305555555555555 0.3726851851851852 0.24074074074074073 0.3888888888888889 0.22685185185185186 0.4027777777777778 0.2199074074074074 0.4027777777777778 0.2175925925925926 0.40046296296296297 0.20601851851851852 0.39814814814814814 0.19675925925925927 0.38657407407407407 0.19675925925925927 0.3819444444444444 0.19444444444444445 0.37962962962962965 0.18287037037037038 0.37962962962962965 0.17592592592592593 0.37037037037037035 0.18981481481481483 0.3611111111111111 0.2013888888888889 0.3611111111111111
1 0.16898148148148148 0.47685185185185186 0.16898148148148148 0.4791666666666667 0.16435185185185186 0.4791666666666667 0.1550925925925926 0.4861111111111111 0.1550925925925926 0.5069444444444444 0.14583333333333334 0.5231481481481481 0.1412037037037037 0.5231481481481481 0.1388888888888889 0.5254629629629629 0.125 0.5254629629629629 0.12268518518518519 0.5231481481481481 0.11805555555555555 0.5231481481481481 0.11342592592592593 0.5162037037037037 0.10648148148148148 0.5115740740740741 0.10185185185185185 0.5138888888888888 0.08796296296296297 0.5138888888888888 0.08564814814814815 0.5115740740740741 0.08796296296296297 0.5115740740740741 0.09027777777777778 0.5069444444444444 0.09490740740740741 0.5069444444444444 0.1087962962962963 0.49537037037037035 0.11342592592592593 0.49537037037037035 0.12962962962962962 0.5162037037037037 0.1388888888888889 0.5162037037037037 0.14351851851851852 0.5115740740740741 0.14351851851851852 0.49537037037037035 0.1388888888888889 0.49074074074074076 0.1388888888888889 0.4837962962962963 0.16203703703703703 0.4699074074074074 0.16435185185185186 0.4699074074074074 0.16435185185185186 0.47453703703703703 0.16666666666666666 0.47685185185185186