3 0.4250765625 0.438609375 0.4314875 0.43989218750000003 0.45071875 0.4501546875 0.488221875 0.38024687500000004 0.47155468750000007 0.3715875 0.46866875 0.365175 0.46193750000000006 0.36421250000000005 0.4447109375 0.3534953125 0.405203125 0.42610312499999997 0.42283281250000004 0.43283750000000004 0.4250765625 0.438609375
2 0.22707812500000005 0.41188281250000003 0.2276015625 0.4131046875 0.229171875 0.41502343750000004 0.23196250000000002 0.41659531250000004 0.23388125 0.4172921875 0.23422968750000003 0.4157218750000001 0.23405625000000002 0.41450000000000004 0.23405625000000002 0.4134531250000001 0.23405625000000002 0.41292968750000003 0.32476875000000005 0.4057734375 0.32686250000000006 0.40542500000000004 0.3272109375 0.404203125 0.32790937500000006 0.402109375 0.32651406250000004 0.40071249999999997 0.32389687500000003 0.4003640625 0.23615 0.40769375 0.23405625000000002 0.40699531250000004 0.23283437500000004 0.40664687499999996 0.23213750000000002 0.406296875 0.23143906250000001 0.4061234375000001 0.2296953125 0.4061234375000001 0.22777500000000003 0.40542500000000004 0.22707812500000005 0.4075187500000001 0.2267296875 0.4099625 0.22707812500000005 0.41188281250000003
0 0.10907343750000001 0.420084375 0.10730625 0.420084375 0.106128125 0.420084375 0.1049515625 0.42185312500000005 0.1049515625 0.42332500000000006 0.1076015625 0.424503125 0.11113437500000002 0.42568281250000006 0.11319531249999999 0.426271875 0.1167296875 0.426271875 0.11643437500000002 0.424209375 0.11437343750000001 0.42332500000000006 0.11525625 0.4192015625 0.11525625 0.41802343750000004 0.11525625 0.41330937500000003 0.11525625 0.410953125 0.11437343750000001 0.4077125 0.11235156250000002 0.406903125 0.11025156250000002 0.41478281250000004 0.10936718750000002 0.417728125 0.10907343750000001 0.420084375
5 0.08796296296296297 0.27546296296296297 0.09490740740740741 0.2708333333333333 0.09953703703703703 0.2708333333333333 0.1087962962962963 0.2777777777777778 0.09953703703703703 0.2708333333333333 0.09259259259259259 0.27314814814814814 0.08796296296296297 0.2777777777777778
5 0.6574074074074074 0.3888888888888889 0.6527777777777778 0.3958333333333333 0.6412037037037037 0.3958333333333333 0.6319444444444444 0.38657407407407407 0.6342592592592593 0.375 0.6412037037037037 0.37037037037037035 0.6527777777777778 0.3726851851851852 0.6481481481481481 0.3726851851851852 0.6458333333333334 0.37037037037037035 0.6365740740740741 0.3726851851851852 0.6319444444444444 0.38425925925925924 0.6412037037037037 0.3958333333333333 0.6527777777777778 0.3958333333333333 0.6550925925925926 0.3912037037037037
5 0.8657407407407407 0.2847222222222222 0.8703703703703703 0.2824074074074074 0.8796296296296297 0.2824074074074074 0.8842592592592593 0.2847222222222222 0.8796296296296297 0.2824074074074074 0.8703703703703703 0.2824074074074074 0.8657407407407407 0.28703703703703703
5 0.8865740740740741 0.5694444444444444 0.8888888888888888 0.5694444444444444 0.8912037037037037 0.5740740740740741 0.8912037037037037 0.5879629629629629 0.8888888888888888 0.5902777777777778 0.8912037037037037 0.5879629629629629 0.8912037037037037 0.5740740740740741 0.8888888888888888 0.5717592592592593
5 0.33564814814814814 0.5740740740740741 0.33564814814814814 0.5856481481481481 0.3425925925925926 0.5925925925925926 0.34953703703703703 0.5925925925925926 0.33796296296296297 0.5902777777777778 0.33564814814814814 0.5856481481481481 0.33564814814814814 0.5763888888888888
0 0.49537037037037035 0.30324074074074076 0.5023148148148148 0.3055555555555556 0.5 0.3055555555555556 0.4976851851851852 0.3101851851851852 0.5023148148148148 0.3125 0.5069444444444444 0.3194444444444444 0.5115740740740741 0.31712962962962965 0.5069444444444444 0.3101851851851852 0.5138888888888888 0.3148148148148148 0.5138888888888888 0.31712962962962965 0.5069444444444444 0.32175925925925924 0.5023148148148148 0.32175925925925924 0.5046296296296297 0.31712962962962965 0.49537037037037035 0.3055555555555556
0 0.30787037037037035 0.6875 0.3148148148148148 0.6828703703703703 0.3194444444444444 0.6828703703703703 0.3194444444444444 0.6898148148148148 0.32175925925925924 0.6921296296296297 0.32175925925925924 0.6944444444444444 0.3194444444444444 0.6921296296296297 0.3194444444444444 0.6851851851851852 0.31712962962962965 0.6828703703703703 0.3101851851851852 0.6875 0.3194444444444444 0.7013888888888888 0.3148148148148148 0.6944444444444444 0.30787037037037035 0.6898148148148148
0 0.8935185185185185 0.6875 0.8935185185185185 0.6944444444444444 0.8958333333333334 0.6967592592592593 0.8981481481481481 0.6944444444444444 0.8981481481481481 0.6921296296296297 0.8981481481481481 0.6967592592592593 0.8935185185185185 0.6990740740740741 0.8935185185185185 0.6898148148148148
0 0.8518518518518519 0.2662037037037037 0.8564814814814815 0.26851851851851855 0.8518518518518519 0.2708333333333333 0.8564814814814815 0.27546296296296297 0.8587962962962963 0.27546296296296297 0.8611111111111112 0.2708333333333333 0.8634259259259259 0.27314814814814814 0.8564814814814815 0.27546296296296297 0.8518518518518519 0.2708333333333333 0.8541666666666666 0.26851851851851855
2 0.7777777777777778 0.22916666666666666 0.7962962962962963 0.2199074074074074 0.8032407407407407 0.21064814814814814 0.8101851851851852 0.2199074074074074 0.8032407407407407 0.21064814814814814 0.7962962962962963 0.2199074074074074 0.7800925925925926 0.22685185185185186
2 0.8912037037037037 0.39814814814814814 0.8935185185185185 0.40046296296296297 0.8912037037037037 0.41203703703703703 0.8888888888888888 0.4074074074074074 0.8865740740740741 0.41203703703703703 0.8888888888888888 0.4027777777777778 0.8912037037037037 0.4050925925925926 0.8935185185185185 0.40046296296296297
2 0.625 0.5740740740740741 0.6342592592592593 0.5787037037037037 0.6365740740740741 0.5833333333333334 0.6342592592592593 0.5856481481481481 0.6273148148148148 0.5856481481481481 0.6226851851851852 0.5949074074074074 0.6203703703703703 0.5949074074074074 0.5995370370370371 0.6180555555555556 0.6041666666666666 0.6134259259259259 0.6064814814814815 0.6064814814814815 0.6157407407407407 0.6018518518518519 0.6273148148148148 0.5856481481481481 0.6342592592592593 0.5856481481481481 0.6365740740740741 0.5833333333333334 0.6365740740740741 0.5810185185185185 0.6273148148148148 0.5740740740740741
2 0.09953703703703703 0.6527777777777778 0.10416666666666667 0.6550925925925926 0.10416666666666667 0.6620370370370371 0.1087962962962963 0.6666666666666666 0.1087962962962963 0.6712962962962963 0.11805555555555555 0.6898148148148148 0.10416666666666667 0.6620370370370371 0.10416666666666667 0.6550925925925926 0.10185185185185185 0.6527777777777778
3 0.2037037037037037 0.6759259259259259 0.20601851851851852 0.6759259259259259 0.21064814814814814 0.6828703703703703 0.21064814814814814 0.6990740740740741 0.21064814814814814 0.6851851851851852 0.20601851851851852 0.6759259259259259
3 0.6727046875 0.666196875 0.6774671875000001 0.668440625 0.69568125 0.6788125 0.7379937500000001 0.6134937500000001 0.7228625000000001 0.6011593750000002 0.7231421875 0.6005984375 0.7195 0.5966734375 0.7147359375 0.5966734375 0.6979750000000001 0.5855187500000001 0.6511281250000001 0.649096875 0.6699015625000001 0.6639546875000001 0.6727046875 0.666196875
3 0.21614375 0.2687765625 0.21865781250000002 0.2710125 0.22312656250000001 0.2726890625 0.22731718750000005 0.27296718750000004 0.24491406250000003 0.2866609375 0.29044375 0.22266718750000003 0.27563906250000003 0.2114890625 0.274521875 0.20562187500000004 0.27228750000000007 0.20562187500000004 0.2667015625 0.20450312499999998 0.251934375 0.19126875000000002 0.20189843750000003 0.25424531250000004 0.214746875 0.26570156250000004 0.21614375 0.2687765625
3 0.6366906250000001 0.23835781250000002 0.6490546875000001 0.2495140625 0.6977828125000001 0.185 0.6808140625000001 0.1699625 0.6761671875 0.164928125 0.62699375 0.2308390625 0.6277218750000001 0.23641718750000001 0.6366906250000001 0.23835781250000002
1 0.7175925925925926 0.36574074074074076 0.7291666666666666 0.37037037037037035 0.7314814814814815 0.375 0.7384259259259259 0.3773148148148148 0.7337962962962963 0.3773148148148148 0.7245370370370371 0.3680555555555556 0.7199074074074074 0.37037037037037035 0.7175925925925926 0.37037037037037035 0.7175925925925926 0.3680555555555556
1 0.40720312500000005 0.2154609375 0.413053125 0.2174125 0.4191468750000001 0.21985156250000001 0.4230484375 0.2210703125 0.4257296875 0.223265625 0.4301171875 0.2261921875 0.4301171875 0.23033749999999997 0.4345046875000001 0.23350781249999997 0.4459625 0.24106875000000003 0.4554703125 0.2432640625 0.45937031250000004 0.23814218750000002 0.4622953125000001 0.2320453125 0.46375781250000003 0.2269234375 0.46010156249999995 0.222290625 0.45522500000000005 0.2193640625 0.44961875 0.2174125 0.44571875 0.2154609375 0.44084375000000003 0.21399843750000003 0.44035625 0.2081453125 0.43938125 0.20473125 0.4245109375000001 0.19838906250000002 0.4188296875 0.196575 0.4156890625 0.19548281250000002 0.41324687500000007 0.195134375 0.41063125 0.19618125 0.409153125 0.1986328125 0.40622812500000005 0.19887812500000002 0.40305781250000006 0.1971703125 0.3994015625 0.19521875000000002 0.39793906250000005 0.1944875 0.3950140625 0.19424375000000002 0.3925765625 0.19399999999999998 0.3862375 0.19619531250000002 0.3842875 0.200096875 0.3833125 0.2025359375 0.3833125 0.20692500000000003 0.38355625000000004 0.21058437500000002 0.3862375 0.2137546875 0.38745625 0.21472968750000002 0.3911140625 0.2159484375 0.3930640625000001 0.216925 0.40087500000000004 0.220171875 0.40135156250000004 0.216925 0.4037890625 0.2159484375 0.40720312500000005 0.2154609375
1 0.5913234375 0.4539015625000001 0.5917078125 0.46701875000000004 0.5907437500000001 0.477628125 0.5884312500000001 0.4872734375 0.5878515625 0.49383125 0.5874671875 0.5003890625 0.587659375 0.5065625 0.591515625 0.50945625 0.5949859375000001 0.511384375 0.6009640625000001 0.5119640625 0.6034703125 0.5111921875000001 0.6079046875000002 0.5069484375000001 0.6094468749999999 0.5036687500000001 0.6098328125000001 0.5013546875 0.6098328125000001 0.496725 0.6098328125000001 0.49344531250000007 0.6098328125000001 0.49209531250000005 0.6098328125000001 0.48842968750000004 0.6123390625 0.4857296875 0.6134953125000001 0.481871875 0.614653125 0.47820625 0.6150390625000001 0.47396250000000006 0.61523125 0.47145625 0.61523125 0.46817656250000006 0.6156171875 0.46316093750000004 0.6150390625000001 0.4602671875 0.614653125 0.4577593750000001 0.6148453125000001 0.45505937500000004 0.61388125 0.45332343750000004 0.61253125 0.44965781250000003 0.612146875 0.44772968750000003 0.61253125 0.4427140625 0.6127250000000001 0.43345468750000005 0.610796875 0.4294046875 0.60751875 0.426896875 0.6025062500000001 0.42612500000000003 0.5976859375000001 0.42631875 0.596528125 0.4278609375 0.5932515625 0.42901875000000006 0.5919015625 0.4324906250000001 0.5897531250000001 0.43669375 0.590165625 0.44464375000000006 0.5897796875 0.4483078125 0.5913234375 0.4539015625000001
1 0.42259062500000005 0.6426343750000001 0.42185937500000004 0.6312984375 0.42204218750000005 0.625996875 0.42935156250000006 0.6185015625 0.43903749999999997 0.6157593750000001 0.451646875 0.6214265625000001 0.4543875 0.627459375 0.455484375 0.634590625 0.4569453125 0.6413546875 0.45987031250000004 0.6440968750000001 0.4618796875000001 0.64519375 0.47631718750000007 0.63934375 0.47741406250000007 0.634590625 0.4744890625 0.634225 0.46992031250000005 0.636784375 0.4651687500000001 0.6386125 0.4615140625000001 0.6382468750000001 0.46023593749999997 0.6366015625000001 0.4584078125 0.63075 0.45749375000000003 0.6247171875 0.4563984375000001 0.6219750000000001 0.45493593750000005 0.6185015625 0.4518296875 0.6157593750000001 0.4476265625 0.6132 0.4437890625 0.6106390625000001 0.4403156250000001 0.6093593749999999 0.42916875000000004 0.6119187500000001 0.42478281250000005 0.6137484375 0.42204218750000005 0.6179531250000001 0.4191171875000001 0.62124375 0.41838749999999997 0.6249 0.41783906249999997 0.6325781250000001 0.4185703125 0.6386125 0.418934375 0.6457421875 0.418934375 0.6493984374999999 0.41619375 0.6519578125000001 0.40851875000000004 0.652140625 0.4048640625 0.6519578125000001 0.4034015625000001 0.6530546875000001 0.40321875 0.6548828125 0.4052296875 0.656346875 0.41729062499999997 0.6565296875 0.4231375 0.6526890625 0.42259062500000005 0.6426343750000001
1 0.20291093750000003 0.548953125 0.2081265625 0.549853125 0.2124421875 0.5502125000000001 0.2167578125 0.546975 0.21909687500000002 0.5421171875 0.22107500000000002 0.5370781250000001 0.22377187500000004 0.5352796875000001 0.22593125000000003 0.5318609375000001 0.2298875 0.5300609374999999 0.23708125 0.529521875 0.241396875 0.5306015625 0.243915625 0.5320406249999999 0.24733281250000003 0.5343796875 0.24949062500000002 0.5390578125000001 0.2496703125 0.5426562500000001 0.2493109375 0.5462546875000001 0.24895156250000003 0.5493140625 0.24787187500000002 0.554171875 0.2466125 0.5572296875 0.243375 0.56226875 0.24265625000000005 0.564246875 0.2431953125 0.5671265625 0.24517343750000004 0.5687453125 0.24913125 0.5709046875 0.25326718750000005 0.5734234375 0.2572234375 0.5745031250000001 0.260640625 0.5759421875 0.26279843750000004 0.5745031250000001 0.261540625 0.5721640625000001 0.25884218750000004 0.5705453125000001 0.2521875 0.56640625 0.2503890625 0.5653265625000001 0.25056875 0.563528125 0.251828125 0.5599296875 0.252728125 0.5547109375 0.25326718750000005 0.5505734375000001 0.2545265625 0.548234375 0.2536265625 0.537978125 0.25164843750000004 0.5318609375000001 0.2466125 0.5275421875 0.24085781250000002 0.526103125 0.23222500000000001 0.5268234375 0.22521093749999999 0.527903125 0.2189171875 0.5313203125 0.21585937500000002 0.53761875 0.2133421875 0.5433765625000001 0.2081265625 0.5457156249999999 0.2045296875 0.5449953125000001 0.19967343750000002 0.543015625 0.19607656250000002 0.5408578125 0.19122031250000002 0.5385187499999999 0.18846875000000002 0.5402546875 0.19499687500000001 0.5455359375 0.19823437500000002 0.546975 0.20291093750000003 0.548953125
4 0.0923078125 0.1713046875 0.0456375 0.17107031250000002 0.0457375 0.2189921875 0.0928546875 0.21953906250000002 0.0923078125 0.1713046875
4 0.524584375 0.17733437500000002 0.47801562500000006 0.17623750000000002 0.4774671875 0.2222796875 0.5240375 0.2222796875 0.524584375 0.17733437500000002
4 0.26434218750000005 0.30066250000000005 0.26324531250000005 0.347253125 0.3087203125 0.34834843750000005 0.3087203125 0.3017578125 0.26434218750000005 0.30066250000000005
4 0.14545156250000002 0.4579734375 0.09778593749999999 0.458521875 0.09723749999999999 0.5051125000000001 0.14490312500000002 0.50346875 0.14545156250000002 0.4579734375
4 0.5218453125000001 0.4672921875 0.476003125 0.46599687500000003 0.475275 0.50895 0.52239375 0.5084015625 0.5218453125000001 0.4672921875
4 0.30926718750000004 0.56995625 0.26324531250000005 0.5705046874999999 0.26269843750000005 0.6159984374999999 0.3087203125 0.61545 0.30926718750000004 0.56995625
4 0.088471875 0.7053421875 0.0402578125 0.705890625 0.0391625 0.7508375 0.086828125 0.7519328125000001 0.088471875 0.7053421875
4 0.9766828125000001 0.699578125 0.93101875 0.7002406250000001 0.93035625 0.7439390625000001 0.9766828125000001 0.7432765625000001 0.9766828125000001 0.699578125
4 0.7476984375 0.6413140625000001 0.7490218750000002 0.6869984375 0.7927015625000001 0.6863374999999999 0.790715625 0.6419765625000001 0.7476984375 0.6413140625000001
4 0.7523312500000001 0.4618859375 0.7093140625 0.4612234375 0.707990625 0.5049218750000001 0.7529937500000001 0.5042609375 0.7523312500000001 0.4618859375
4 0.9713875000000001 0.45961250000000003 0.9257234375000001 0.45961250000000003 0.9270468749999999 0.5046359375 0.9707265625 0.5039734375 0.9713875000000001 0.45961250000000003
4 0.9607984375 0.1702765625 0.9164578125 0.168290625 0.9164578125 0.21596093750000003 0.9607984375 0.21596093750000003 0.9607984375 0.1702765625