4 0.09231875 0.8270765625000001 0.09231875 0.7825078124999999 0.0465203125 0.7829250000000001 0.0466140625 0.8269374999999999 0.09231875 0.8270765625000001
4 0.08743906250000001 0.29375312499999995 0.08581250000000001 0.2478015625 0.039475 0.24658125 0.04069531250000001 0.29537968749999993 0.08743906250000001 0.29375312499999995
4 0.1439390625 0.541703125 0.14450937500000002 0.5166984375 0.12038437500000002 0.4937140625 0.09719375000000001 0.49534531249999997 0.0968421875 0.540828125 0.1439390625 0.541703125
4 0.26262812500000005 0.4298734375 0.308965625 0.4298734375 0.308965625 0.38392187499999997 0.26222187500000005 0.3843281250000001 0.26262812500000005 0.4298734375
4 0.308965625 0.698846875 0.3097796875 0.6524890624999999 0.2646609375 0.6524890624999999 0.2643125 0.6991984375 0.308965625 0.698846875
4 0.522634375 0.8223093750000001 0.522634375 0.7789812500000001 0.47715937500000005 0.7789812500000001 0.4782421875 0.8255593750000001 0.522634375 0.8223093750000001
4 0.9589750000000001 0.8298921874999999 0.9600578125 0.78548125 0.9178312500000002 0.7843968750000001 0.9156656249999999 0.832059375 0.9589750000000001 0.8298921874999999
4 0.9698015625000002 0.540675 0.9719671875000001 0.49301249999999996 0.9264937500000001 0.494096875 0.92516875 0.541509375 0.9698015625000002 0.540675
4 0.975215625 0.304534375 0.9762984375000001 0.2557890624999999 0.9329890625000002 0.2557890624999999 0.9319578125 0.30294375000000007 0.975215625 0.304534375
4 0.7911515625000001 0.3576109374999999 0.792234375 0.3142828125 0.7478421875000001 0.3142828125 0.7478421875000001 0.3576109374999999 0.7911515625000001 0.3576109374999999
4 0.7521734375000001 0.5363421875 0.7521734375000001 0.494096875 0.7088640625000001 0.49301249999999996 0.7079390625 0.5376296875 0.7521734375000001 0.5363421875
4 0.521090625 0.5343078124999999 0.5200640625 0.488109375 0.47593906250000007 0.48708281249999996 0.47610312500000007 0.535034375 0.521090625 0.5343078124999999
3 0.17592592592592593 0.7361111111111112 0.17824074074074073 0.7384259259259259 0.18518518518518517 0.7384259259259259 0.18981481481481483 0.7430555555555556 0.19675925925925927 0.7430555555555556 0.20601851851851852 0.75 0.21064814814814814 0.75 0.2175925925925926 0.7546296296296297 0.2337962962962963 0.7592592592592593 0.23842592592592593 0.7638888888888888 0.2337962962962963 0.7708333333333334 0.22916666666666666 0.7939814814814815 0.22453703703703703 0.7986111111111112 0.22453703703703703 0.8032407407407407 0.2199074074074074 0.8101851851851852 0.2152777777777778 0.8101851851851852 0.20601851851851852 0.8032407407407407 0.19907407407407407 0.8032407407407407 0.1574074074074074 0.7847222222222222 0.15046296296296297 0.7847222222222222 0.14583333333333334 0.7800925925925926 0.1527777777777778 0.7615740740740741 0.15046296296296297 0.7592592592592593 0.1574074074074074 0.7523148148148148 0.16203703703703703 0.7384259259259259 0.16666666666666666 0.7337962962962963 0.1712962962962963 0.7337962962962963 0.1736111111111111 0.7361111111111112
3 0.8958333333333334 0.7060185185185185 0.8981481481481481 0.7106481481481481 0.8981481481481481 0.7361111111111112 0.8935185185185185 0.7407407407407407 0.8958333333333334 0.7430555555555556 0.8958333333333334 0.7546296296296297 0.8912037037037037 0.7546296296296297 0.8888888888888888 0.7569444444444444 0.8194444444444444 0.7569444444444444 0.8194444444444444 0.7430555555555556 0.8171296296296297 0.7407407407407407 0.8171296296296297 0.7106481481481481 0.8217592592592593 0.7060185185185185 0.8680555555555556 0.7060185185185185 0.8703703703703703 0.7037037037037037 0.875 0.7060185185185185 0.8888888888888888 0.7060185185185185 0.8912037037037037 0.7037037037037037 0.8935185185185185 0.7060185185185185
3 0.6342592592592593 0.5462962962962963 0.08333333333333333 0.032407407407407406
3 0.8240740740740741 0.2986111111111111 0.8240740740740741 0.27546296296296297 0.8287037037037037 0.2638888888888889 0.8287037037037037 0.23842592592592593 0.8310185185185185 0.2361111111111111 0.8310185185185185 0.22453703703703703 0.8333333333333334 0.2199074074074074 0.8564814814814815 0.2199074074074074 0.8657407407407407 0.22453703703703703 0.8796296296296297 0.22453703703703703 0.8819444444444444 0.22685185185185186 0.8796296296296297 0.26851851851851855 0.8773148148148148 0.2708333333333333 0.8773148148148148 0.2847222222222222 0.8726851851851852 0.2962962962962963 0.8726851851851852 0.30324074074074076 0.8680555555555556 0.3055555555555556 0.8657407407407407 0.30324074074074076 0.8379629629629629 0.30324074074074076 0.8263888888888888 0.2986111111111111
3 0.14583333333333334 0.44675925925925924 0.1527777777777778 0.44675925925925924 0.1527777777777778 0.44907407407407407 0.1574074074074074 0.4513888888888889 0.1574074074074074 0.4537037037037037 0.16203703703703703 0.45601851851851855 0.16203703703703703 0.4583333333333333 0.1712962962962963 0.4652777777777778 0.1712962962962963 0.4675925925925926 0.17592592592592593 0.4699074074074074 0.17592592592592593 0.4722222222222222 0.18055555555555555 0.47453703703703703 0.18055555555555555 0.47685185185185186 0.18518518518518517 0.4791666666666667 0.18518518518518517 0.48148148148148145 0.18981481481481483 0.4837962962962963 0.20601851851851852 0.5023148148148148 0.18981481481481483 0.5185185185185185 0.18981481481481483 0.5208333333333334 0.1875 0.5208333333333334 0.18518518518518517 0.5254629629629629 0.17592592592592593 0.5324074074074074 0.17592592592592593 0.5347222222222222 0.16435185185185186 0.5347222222222222 0.16435185185185186 0.5324074074074074 0.14351851851851852 0.5115740740740741 0.1412037037037037 0.5115740740740741 0.1412037037037037 0.5092592592592593 0.13657407407407407 0.5069444444444444 0.13657407407407407 0.5046296296296297 0.13194444444444445 0.5023148148148148 0.13194444444444445 0.5 0.12731481481481483 0.4976851851851852 0.11342592592592593 0.48148148148148145 0.1111111111111111 0.48148148148148145 0.11574074074074074 0.47453703703703703 0.125 0.4675925925925926 0.125 0.46296296296296297 0.13194444444444445 0.46064814814814814 0.14583333333333334 0.44907407407407407