4 0.09231875 0.21749218750000002 0.09231875 0.17292343749999997 0.0466140625 0.1730625 0.0465203125 0.217075 0.09231875 0.21749218750000002
4 0.08581250000000001 0.7521984375 0.08743906250000001 0.706246875 0.04069531250000001 0.7046203125 0.039475 0.75341875 0.08581250000000001 0.7521984375
4 0.14434531250000002 0.5034359375 0.1439390625 0.458296875 0.0968421875 0.45917187500000006 0.09719375000000001 0.5046546875 0.14434531250000002 0.5034359375
4 0.308965625 0.5701265624999999 0.26262812500000005 0.5701265624999999 0.26222187500000005 0.6156718749999999 0.308965625 0.616078125 0.308965625 0.5701265624999999
4 0.3097796875 0.3475109375 0.308965625 0.301153125 0.2643125 0.3008015625 0.2646609375 0.3475109375 0.3097796875 0.3475109375
4 0.522634375 0.22101874999999999 0.522634375 0.177690625 0.4782421875 0.17444062500000002 0.47715937500000005 0.22101874999999999 0.522634375 0.22101874999999999
4 0.9600578125 0.21451875 0.9589750000000001 0.1701078125 0.9156656249999999 0.167940625 0.9178312500000002 0.21560312499999998 0.9600578125 0.21451875
4 0.9719671875000001 0.5069875 0.9698015625000002 0.45932500000000004 0.92516875 0.458490625 0.9264937500000001 0.505903125 0.9719671875000001 0.5069875
4 0.9762984375000001 0.7442109375000001 0.975215625 0.695465625 0.9319578125 0.6970562499999999 0.9329890625000002 0.7442109375000001 0.9762984375000001 0.7442109375000001
4 0.792234375 0.6857171875 0.7911515625000001 0.6423890625 0.7478421875000001 0.6423890625 0.7478421875000001 0.6857171875 0.792234375 0.6857171875
4 0.7521734375000001 0.505903125 0.7521734375000001 0.46365781250000004 0.7079390625 0.4623703125 0.7088640625000001 0.5069875 0.7521734375000001 0.505903125
4 0.5200640625 0.511890625 0.521090625 0.4656921875000001 0.47610312500000007 0.464965625 0.47593906250000007 0.5129171875 0.5200640625 0.511890625
1 0.375 0.39351851851851855 0.3819444444444444 0.39814814814814814 0.39351851851851855 0.39814814814814814 0.3958333333333333 0.3958333333333333 0.40046296296296297 0.3958333333333333 0.3958333333333333 0.39814814814814814 0.37962962962962965 0.39814814814814814 0.3773148148148148 0.3958333333333333
1 0.5810185185185185 0.4375 0.5856481481481481 0.4375 0.5879629629629629 0.44212962962962965 0.5995370370370371 0.44907407407407407 0.5995370370370371 0.4513888888888889 0.6203703703703703 0.4699074074074074 0.625 0.4675925925925926 0.6203703703703703 0.4699074074074074 0.6111111111111112 0.4652777777777778 0.6111111111111112 0.46296296296296297 0.5833333333333334 0.4375
2 0.4519078125 0.48382812500000005 0.4529234375 0.4856578125 0.45414375 0.4878953125 0.456175 0.48931875 0.4584109375 0.49074375000000003 0.46064687500000007 0.4897265625 0.46064687500000007 0.48687812500000005 0.4624765625000001 0.4856578125 0.46715000000000007 0.47915 0.47304531250000004 0.47284375000000006 0.47995468750000003 0.46389375000000005 0.5090187500000001 0.4264671875 0.5155218750000001 0.4187390625 0.5173515625000001 0.4148734375 0.5179609375 0.41080625 0.5141 0.41141562500000006 0.5112546875 0.4146703125000001 0.504140625 0.42280625 0.49194531250000006 0.436028125 0.47406093750000006 0.45921562500000007 0.465728125 0.47020000000000006 0.460240625 0.47569062500000003 0.4582078125 0.47853906249999995 0.45759843750000007 0.48016562500000004 0.4533296875 0.48057343750000003 0.45211093750000003 0.48159062500000005 0.4519078125 0.48382812500000005
2 0.506746875 0.33387500000000003 0.5250296875000001 0.33352656250000007 0.5433125000000001 0.3329484375 0.55476875 0.33283281249999996 0.5599750000000001 0.332715625 0.5635625000000001 0.3326 0.56691875 0.3334109375 0.5693484375 0.3329484375 0.5716625 0.3326 0.5724734375 0.3302843750000001 0.5721250000000001 0.32762031249999995 0.5714312500000001 0.326 0.5688859375 0.32588437500000006 0.567034375 0.3269265625 0.5650671875 0.32762031249999995 0.5617109375 0.3282 0.55476875 0.32843124999999995 0.5449328125 0.3286625 0.514615625 0.32993750000000005 0.49563750000000006 0.3302843750000001 0.47966875000000003 0.33086406249999994 0.4744625 0.33074687500000005 0.47099062500000005 0.3334109375 0.474809375 0.33491718750000005 0.47932187500000006 0.334453125 0.4961000000000001 0.33387500000000003 0.506746875 0.33387500000000003