4 0.90768125 0.17292343749999997 0.90768125 0.21749218750000002 0.9534796875 0.217075 0.9533859375 0.1730625 0.90768125 0.17292343749999997
4 0.9125609374999999 0.706246875 0.9141874999999999 0.7521984375 0.960525 0.75341875 0.9593046875 0.7046203125 0.9125609374999999 0.706246875
4 0.8560609375 0.458296875 0.8556546875000001 0.5034359375 0.9028062499999999 0.5046546875 0.9031578125 0.45917187500000006 0.8560609375 0.458296875
4 0.737371875 0.5701265624999999 0.691034375 0.5701265624999999 0.691034375 0.616078125 0.737778125 0.6156718749999999 0.737371875 0.5701265624999999
4 0.691034375 0.301153125 0.6902203124999999 0.3475109375 0.7353390625 0.3475109375 0.7356875 0.3008015625 0.691034375 0.301153125
4 0.47736562499999996 0.177690625 0.47736562499999996 0.22101874999999999 0.522840625 0.22101874999999999 0.5217578125 0.17444062500000002 0.47736562499999996 0.177690625
4 0.04102499999999988 0.1701078125 0.039942187499999976 0.21451875 0.08216874999999983 0.21560312499999998 0.08433437500000004 0.167940625 0.04102499999999988 0.1701078125
4 0.03019843749999988 0.45932500000000004 0.02803281249999993 0.5069875 0.0735062499999999 0.505903125 0.07483125000000007 0.458490625 0.03019843749999988 0.45932500000000004
4 0.024784374999999942 0.695465625 0.0237015624999999 0.7442109375000001 0.0670109374999998 0.7442109375000001 0.06804218750000002 0.6970562499999999 0.024784374999999942 0.695465625
4 0.2088484374999999 0.6423890625 0.207765625 0.6857171875 0.2521578124999999 0.6857171875 0.2521578124999999 0.6423890625 0.2088484374999999 0.6423890625
4 0.2478265624999999 0.46365781250000004 0.2478265624999999 0.505903125 0.29113593749999994 0.5069875 0.2920609375 0.4623703125 0.2478265624999999 0.46365781250000004
4 0.47890937499999997 0.4656921875000001 0.4799359374999999 0.511890625 0.5240609374999999 0.5129171875 0.5238968749999999 0.464965625 0.47890937499999997 0.4656921875000001
1 0.4375 0.3263888888888889 0.4444444444444444 0.33101851851851855 0.4444444444444444 0.3402777777777778 0.44212962962962965 0.3402777777777778 0.4398148148148148 0.3449074074074074 0.43287037037037035 0.34953703703703703 0.4212962962962963 0.34953703703703703 0.41203703703703703 0.3541666666666667 0.3888888888888889 0.37962962962962965 0.375 0.37962962962962965 0.375 0.375 0.3726851851851852 0.3726851851851852 0.375 0.3611111111111111 0.3773148148148148 0.3611111111111111 0.38425925925925924 0.35185185185185186 0.3888888888888889 0.34953703703703703 0.3888888888888889 0.3449074074074074 0.3958333333333333 0.33796296296296297 0.40046296296296297 0.33796296296296297 0.4097222222222222 0.33101851851851855 0.41898148148148145 0.33101851851851855 0.42824074074074076 0.3263888888888889 0.4351851851851852 0.3263888888888889
1 0.19675925925925927 0.2847222222222222 0.20833333333333334 0.29398148148148145 0.20833333333333334 0.30092592592592593 0.18981481481481483 0.32175925925925924 0.18518518518518517 0.33101851851851855 0.1736111111111111 0.3449074074074074 0.1736111111111111 0.34953703703703703 0.16435185185185186 0.35648148148148145 0.1527777777777778 0.3541666666666667 0.15046296296296297 0.3425925925925926 0.1574074074074074 0.33564814814814814 0.1550925925925926 0.3194444444444444 0.1574074074074074 0.31712962962962965 0.1574074074074074 0.3125 0.1597222222222222 0.3125 0.16898148148148148 0.30092592592592593 0.18055555555555555 0.2986111111111111 0.1875 0.28935185185185186 0.19444444444444445 0.28703703703703703
1 0.5555555555555556 0.3472222222222222 0.5694444444444444 0.3472222222222222 0.5740740740740741 0.35648148148148145 0.5740740740740741 0.3611111111111111 0.5787037037037037 0.36574074074074076 0.5787037037037037 0.3773148148148148 0.5833333333333334 0.3819444444444444 0.5833333333333334 0.38657407407407407 0.5879629629629629 0.3958333333333333 0.5879629629629629 0.40046296296296297 0.5856481481481481 0.4027777777777778 0.5879629629629629 0.4050925925925926 0.5879629629629629 0.4236111111111111 0.5810185185185185 0.42824074074074076 0.5763888888888888 0.42824074074074076 0.5671296296296297 0.4212962962962963 0.5671296296296297 0.4097222222222222 0.5625 0.40046296296296297 0.5625 0.3912037037037037 0.5555555555555556 0.375 0.5555555555555556 0.3680555555555556 0.5509259259259259 0.3611111111111111 0.5509259259259259 0.3541666666666667 0.5555555555555556 0.34953703703703703
1 0.3587962962962963 0.5277777777777778 0.37037037037037035 0.5254629629629629 0.3773148148148148 0.5300925925925926 0.3773148148148148 0.5416666666666666 0.3726851851851852 0.5462962962962963 0.3726851851851852 0.5509259259259259 0.36574074074074076 0.5578703703703703 0.3611111111111111 0.5694444444444444 0.35185185185185186 0.5810185185185185 0.35185185185185186 0.5856481481481481 0.3472222222222222 0.5879629629629629 0.3472222222222222 0.5949074074074074 0.33796296296296297 0.5995370370370371 0.33101851851851855 0.5995370370370371 0.33101851851851855 0.5972222222222222 0.3263888888888889 0.5949074074074074 0.3263888888888889 0.5833333333333334 0.33101851851851855 0.5787037037037037 0.33101851851851855 0.5671296296296297 0.3402777777777778 0.5486111111111112 0.3425925925925926 0.5486111111111112 0.3587962962962963 0.5300925925925926
1 0.125 0.5115740740740741 0.1388888888888889 0.5115740740740741 0.14351851851851852 0.5208333333333334 0.1412037037037037 0.5231481481481481 0.1412037037037037 0.5277777777777778 0.1388888888888889 0.5277777777777778 0.125 0.5439814814814815 0.1111111111111111 0.5625 0.1111111111111111 0.5671296296296297 0.1087962962962963 0.5671296296296297 0.09722222222222222 0.5810185185185185 0.08564814814814815 0.5810185185185185 0.08101851851851852 0.5740740740740741 0.08101851851851852 0.5694444444444444 0.08796296296296297 0.5578703703703703 0.08564814814814815 0.5555555555555556 0.08564814814814815 0.5486111111111112 0.09027777777777778 0.5416666666666666 0.10185185185185185 0.5300925925925926 0.1111111111111111 0.5254629629629629 0.125 0.5138888888888888