4 0.90768125 0.8270765625000001 0.9533859375 0.8269374999999999 0.9534796875 0.7829250000000001 0.90768125 0.7825078124999999 0.90768125 0.8270765625000001
4 0.9125609374999999 0.29375312499999995 0.9593046875 0.29537968749999993 0.960525 0.24658125 0.9141874999999999 0.2478015625 0.9125609374999999 0.29375312499999995
4 0.8560609375 0.541703125 0.9031578125 0.540828125 0.9028062499999999 0.49534531249999997 0.8556546875000001 0.49656406249999996 0.8560609375 0.541703125
4 0.737371875 0.4298734375 0.737778125 0.3843281250000001 0.691034375 0.38392187499999997 0.691034375 0.4298734375 0.737371875 0.4298734375
4 0.691034375 0.698846875 0.7356875 0.6991984375 0.7353390625 0.6524890624999999 0.6902203124999999 0.6524890624999999 0.691034375 0.698846875
4 0.47736562499999996 0.8223093750000001 0.5217578125 0.8255593750000001 0.522840625 0.7789812500000001 0.47736562499999996 0.7789812500000001 0.47736562499999996 0.8223093750000001
4 0.04102499999999988 0.8298921874999999 0.08433437500000004 0.832059375 0.08216874999999983 0.7843968750000001 0.039942187499999976 0.78548125 0.04102499999999988 0.8298921874999999
4 0.03019843749999988 0.540675 0.07483125000000007 0.541509375 0.0735062499999999 0.494096875 0.02803281249999993 0.49301249999999996 0.03019843749999988 0.540675
4 0.024784374999999942 0.304534375 0.06804218750000002 0.30294375000000007 0.0670109374999998 0.2557890624999999 0.0237015624999999 0.2557890624999999 0.024784374999999942 0.304534375
4 0.2088484374999999 0.3576109374999999 0.2521578124999999 0.3576109374999999 0.2521578124999999 0.3142828125 0.207765625 0.3142828125 0.2088484374999999 0.3576109374999999
4 0.2478265624999999 0.5363421875 0.2920609375 0.5376296875 0.29113593749999994 0.49301249999999996 0.2478265624999999 0.494096875 0.2478265624999999 0.5363421875
4 0.47890937499999997 0.5343078124999999 0.5238968749999999 0.535034375 0.5240609374999999 0.48708281249999996 0.4799359374999999 0.488109375 0.47890937499999997 0.5343078124999999
1 0.7226890624999999 0.24727812499999993 0.7209109375000001 0.2537265625 0.72024375 0.25750781250000004 0.7213546875 0.2619546875 0.72535625 0.2635109375 0.7284687499999999 0.26462343749999995 0.7435843750000001 0.26506875 0.74691875 0.2666249999999999 0.752253125 0.2721843749999999 0.752253125 0.27952343749999997 0.7482515624999999 0.2859734375 0.7440281249999999 0.291978125 0.7402500000000001 0.293534375 0.7342484375 0.293534375 0.7251343750000001 0.29375624999999994 0.7224671874999999 0.2953125 0.7197984374999999 0.2977593749999998 0.7162421875 0.3010953125 0.7140203125 0.30532031249999997 0.7133531249999999 0.30865624999999997 0.7133531249999999 0.3106578124999999 0.7151312499999999 0.31532812499999996 0.718909375 0.3175515625 0.7217999999999999 0.31866406249999996 0.722021875 0.31866406249999996 0.7244671875 0.31554999999999994 0.7246890625 0.31466093749999996 0.725578125 0.31132499999999996 0.7262453125 0.30865624999999997 0.7266906249999999 0.3066546875 0.731803125 0.3015406249999999 0.7360265625000001 0.2999828124999999 0.7391390625 0.30065000000000003 0.7460296875 0.3008734375 0.750253125 0.29953906249999995 0.75514375 0.29709218749999994 0.7575890624999999 0.29375624999999994 0.758921875 0.29153281250000007 0.76225625 0.28530625 0.7642578125 0.2793015624999999 0.764034375 0.2710734375 0.7575890624999999 0.265290625 0.7495859375 0.261065625 0.7424734374999999 0.25772968749999997 0.7344015625 0.256021875 0.7360265625000001 0.24972343749999995 0.73669375 0.24327500000000005 0.7371375 0.2386046875 0.7362484375 0.23482343749999993 0.7306906249999999 0.23326718749999992 0.7260234374999999 0.23949374999999998 0.7226890624999999 0.24727812499999993
1 0.6380953125 0.45923125 0.631859375 0.455871875 0.6256234374999999 0.455871875 0.6155499999999999 0.45107343749999995 0.6138703124999999 0.451553125 0.6088328124999999 0.45419218749999996 0.6040359375000001 0.459471875 0.6021171875 0.46427031249999995 0.6023578125 0.46762968749999995 0.6083531249999999 0.47242968750000003 0.6160296875 0.47554843750000003 0.6220249999999999 0.4779484375 0.6304203125 0.47962812499999996 0.6361765624999999 0.4817875 0.6400140625 0.4834671875 0.6448109375 0.485146875 0.6510484375 0.48658749999999995 0.6596828125 0.48682656249999995 0.6702359375 0.4901875 0.6779109375 0.48946718749999996 0.6810296875 0.48562812499999997 0.6836687499999999 0.4813078125 0.6829484375 0.47458906250000005 0.6810296875 0.47147031249999993 0.6735937499999999 0.46762968749999995 0.661121875 0.464990625 0.6601625 0.46475156249999994 0.6536859375 0.46307187499999997 0.64553125 0.4623515624999999 0.6424124999999999 0.46115156249999995 0.6380953125 0.45923125
1 0.87735 0.7113375 0.8766484375 0.7150796875 0.8726734374999999 0.7181203125000001 0.8691671875 0.720459375 0.8637890625 0.7242015625 0.8565421875 0.7253703125 0.846021875 0.7265406249999999 0.8429812499999999 0.726071875 0.8404109375 0.7256046875000001 0.8376046875 0.72466875 0.8343312500000001 0.7272421875 0.8289546875 0.7307499999999999 0.8249796875 0.7330890625 0.8238109375 0.73683125 0.8249796875 0.7440828124999999 0.8273171875 0.7478250000000001 0.8303578125 0.750396875 0.8366703125 0.752034375 0.8418125000000001 0.752034375 0.8457875 0.7489937499999999 0.8506968749999999 0.746421875 0.856775 0.746421875 0.8602828125 0.7475906250000001 0.86823125 0.7457203124999999 0.8757125 0.7426796875 0.8822593750000001 0.7391703125 0.8904421874999999 0.733790625 0.8904421874999999 0.7291124999999999 0.8904421874999999 0.7227984375 0.8937140625 0.7218625000000001 0.8995593749999999 0.7181203125000001 0.90446875 0.7150796875 0.9063390625 0.7111031250000001 0.9065734375 0.7045531249999999 0.9017906250000001 0.7003828125 0.8969875 0.6996421875000001 0.8888046875 0.7003437499999999 0.8836625 0.702215625 0.8813234375 0.7033843750000001 0.8796875 0.70525625 0.877115625 0.706190625 0.87735 0.7113375
1 0.5995234375 0.6819562499999999 0.60515 0.6823437499999999 0.61019375 0.6792390624999999 0.616403125 0.6778796874999999 0.620671875 0.677103125 0.6245515624999999 0.6772968749999999 0.6309546874999999 0.6794328125 0.6342515624999999 0.6829265625 0.6356109375000001 0.6881671875 0.634834375 0.690496875 0.630759375 0.6953484375000001 0.626296875 0.6974843749999999 0.6226109375 0.69923125 0.6183421875 0.7031125 0.6156265625 0.70621875 0.6148499999999999 0.7101 0.61465625 0.7141765625 0.61465625 0.7186406249999999 0.6158203124999999 0.72349375 0.6179546874999999 0.728928125 0.6214468750000001 0.7328109374999999 0.6224171875000001 0.7328109374999999 0.6251328125 0.7306750000000001 0.6224171875000001 0.7264046875 0.6204765625 0.7203875000000001 0.6198953124999999 0.7176703125 0.6226109375 0.7135953125 0.62785 0.7108765625000001 0.6332828125 0.7056359375 0.6369687499999999 0.7023359375 0.6396843750000001 0.696125 0.6400734374999999 0.690884375 0.6396843750000001 0.68525625 0.6365796875 0.6784625 0.6299843749999999 0.6745796874999999 0.625715625 0.6726390624999999 0.6214468750000001 0.6708921875 0.6129109374999999 0.6718625 0.607284375 0.6736093750000001 0.6034031249999999 0.6724453125 0.5993296875 0.66836875 0.596225 0.66138125 0.5946734374999999 0.659634375 0.592671875 0.6604078125 0.5905984375 0.6642921875 0.5905984375 0.6673984375 0.59156875 0.670309375 0.5931203125000001 0.6747749999999999 0.5956437499999999 0.6776859375 0.5987468749999999 0.6819562499999999 0.5995234375 0.6819562499999999
1 0.25462962962962965 0.5902777777777778 0.24074074074074073 0.5995370370370371 0.2361111111111111 0.5972222222222222 0.23148148148148148 0.5995370370370371 0.23842592592592593 0.6064814814814815 0.24768518518518517 0.6087962962962963 0.23842592592592593 0.6064814814814815 0.22453703703703703 0.5949074074074074 0.22916666666666666 0.5925925925925926 0.22685185185185186 0.5949074074074074 0.22916666666666666 0.5995370370370371 0.2337962962962963 0.5972222222222222 0.24074074074074073 0.5995370370370371 0.24537037037037038 0.5949074074074074 0.2523148148148148 0.5925925925925926