4 0.90768125 0.17292343749999997 0.90768125 0.21749218750000002 0.9534796875 0.217075 0.9533859375 0.1730625 0.90768125 0.17292343749999997
4 0.9125609374999999 0.706246875 0.9141874999999999 0.7521984375 0.960525 0.75341875 0.9593046875 0.7046203125 0.9125609374999999 0.706246875
4 0.8560609375 0.458296875 0.8556546875000001 0.5034359375 0.9028062499999999 0.5046546875 0.9031578125 0.45917187500000006 0.8560609375 0.458296875
4 0.737371875 0.5701265624999999 0.691034375 0.5701265624999999 0.691034375 0.616078125 0.737778125 0.6156718749999999 0.737371875 0.5701265624999999
4 0.691034375 0.301153125 0.6902203124999999 0.3475109375 0.7353390625 0.3475109375 0.7356875 0.3008015625 0.691034375 0.301153125
4 0.47736562499999996 0.177690625 0.47736562499999996 0.22101874999999999 0.522840625 0.22101874999999999 0.5217578125 0.17444062500000002 0.47736562499999996 0.177690625
4 0.04102499999999988 0.1701078125 0.039942187499999976 0.21451875 0.08216874999999983 0.21560312499999998 0.08433437500000004 0.167940625 0.04102499999999988 0.1701078125
4 0.03019843749999988 0.45932500000000004 0.02803281249999993 0.5069875 0.0735062499999999 0.505903125 0.07483125000000007 0.458490625 0.03019843749999988 0.45932500000000004
4 0.024784374999999942 0.695465625 0.0237015624999999 0.7442109375000001 0.0670109374999998 0.7442109375000001 0.06804218750000002 0.6970562499999999 0.024784374999999942 0.695465625
4 0.2088484374999999 0.6423890625 0.207765625 0.6857171875 0.2521578124999999 0.6857171875 0.2521578124999999 0.6423890625 0.2088484374999999 0.6423890625
4 0.2478265624999999 0.46365781250000004 0.2478265624999999 0.505903125 0.29113593749999994 0.5069875 0.2920609375 0.4623703125 0.2478265624999999 0.46365781250000004
4 0.47890937499999997 0.4656921875000001 0.4799359374999999 0.511890625 0.5240609374999999 0.5129171875 0.5238968749999999 0.464965625 0.47890937499999997 0.4656921875000001
1 0.7424734374999999 0.7422703125 0.7495859375 0.738934375 0.7575890624999999 0.734709375 0.764034375 0.7289265625 0.7642578125 0.7206984375000002 0.76225625 0.71469375 0.758921875 0.7084671874999999 0.7575890624999999 0.7062437500000001 0.75514375 0.7029078125 0.750253125 0.7004609375 0.7460296875 0.6991265624999999 0.7391390625 0.6993499999999999 0.7360265625000001 0.7000171875000001 0.731803125 0.6984593750000001 0.7266906249999999 0.6933453125 0.7262453125 0.69134375 0.725578125 0.688675 0.7246890625 0.6853390625000001 0.7244671875 0.6844500000000001 0.722021875 0.6813359375 0.7217999999999999 0.6813359375 0.718909375 0.6824484375 0.7151312499999999 0.684671875 0.7133531249999999 0.6893421875000001 0.7133531249999999 0.69134375 0.7140203125 0.6946796875 0.7162421875 0.6989046875 0.7197984374999999 0.7022406250000002 0.7224671874999999 0.7046875 0.7251343750000001 0.7062437500000001 0.7342484375 0.706465625 0.7402500000000001 0.706465625 0.7440281249999999 0.708021875 0.7482515624999999 0.7140265625 0.752253125 0.7204765625 0.752253125 0.7278156250000001 0.74691875 0.7333750000000001 0.7435843750000001 0.7349312499999999 0.7284687499999999 0.7353765625 0.72535625 0.7364890625 0.7213546875 0.7380453125 0.72024375 0.7424921875 0.7209109375000001 0.7462734375000001 0.7226890624999999 0.7527218750000001 0.7260234374999999 0.76050625 0.7306906249999999 0.7667328125 0.7362484375 0.7651765625000001 0.7371375 0.7613953125 0.73669375 0.756725 0.7360265625000001 0.7502765625000001 0.7344015625 0.743978125 0.7424734374999999 0.7422703125
1 0.6829484375 0.5254109375 0.6836687499999999 0.5186921875 0.6810296875 0.514371875 0.6779109375 0.5105328125 0.6702359375 0.5098125 0.6596828125 0.5131734375 0.6510484375 0.5134125 0.6448109375 0.514853125 0.6400140625 0.5165328125 0.6361765624999999 0.5182125000000001 0.6304203125 0.520371875 0.6220249999999999 0.5220515625 0.6160296875 0.5244515625 0.6083531249999999 0.5275703125 0.6023578125 0.5323703125 0.6021171875 0.5357296875 0.6040359375000001 0.540528125 0.6088328124999999 0.5458078125000001 0.6138703124999999 0.548446875 0.6155499999999999 0.5489265625 0.6256234374999999 0.5441281250000001 0.631859375 0.5441281250000001 0.6380953125 0.54076875 0.6424124999999999 0.5388484375 0.64553125 0.5376484375000001 0.6536859375 0.5369281250000001 0.6601625 0.5352484375000001 0.661121875 0.535009375 0.6735937499999999 0.5323703125 0.6810296875 0.5285296875000001 0.6829484375 0.5254109375
1 0.9065734375 0.295446875 0.9063390625 0.28889687500000005 0.90446875 0.2849203125 0.8995593749999999 0.28187968750000003 0.8937140625 0.2781375 0.8904421874999999 0.27720156250000005 0.8904421874999999 0.2708875 0.8904421874999999 0.266209375 0.8822593750000001 0.2608296875 0.8757125 0.2573203125 0.86823125 0.2542796875 0.8602828125 0.252409375 0.856775 0.253578125 0.8506968749999999 0.253578125 0.8457875 0.25100625000000004 0.8418125000000001 0.247965625 0.8366703125 0.247965625 0.8303578125 0.249603125 0.8273171875 0.252175 0.8249796875 0.25591718750000003 0.8238109375 0.26316875 0.8249796875 0.2669109375 0.8289546875 0.26925 0.8343312500000001 0.27275781250000003 0.8376046875 0.27533125 0.8404109375 0.2743953125 0.8429812499999999 0.273928125 0.846021875 0.273459375 0.8565421875 0.2746296875 0.8637890625 0.2757984375 0.8691671875 0.27954062500000004 0.8726734374999999 0.28187968750000003 0.8766484375 0.2849203125 0.87735 0.2886625 0.877115625 0.293809375 0.8796875 0.29474375 0.8813234375 0.296615625 0.8836625 0.29778437500000005 0.8888046875 0.29965625 0.8969875 0.3003578125 0.9017906250000001 0.29961718749999994 0.9065734375 0.295446875
1 0.5946734374999999 0.34036562500000006 0.596225 0.33861874999999997 0.5993296875 0.33163125 0.6034031249999999 0.3275546875 0.607284375 0.32639062499999993 0.6129109374999999 0.3281375 0.6214468750000001 0.3291078125 0.625715625 0.3273609375 0.6299843749999999 0.32542031250000003 0.6365796875 0.32153750000000003 0.6396843750000001 0.31474375 0.6400734374999999 0.30911562500000006 0.6396843750000001 0.303875 0.6369687499999999 0.29766406249999994 0.6332828125 0.2943640625 0.62785 0.2891234375 0.6226109375 0.28640468750000003 0.6198953124999999 0.2823296875 0.6204765625 0.27961250000000004 0.6224171875000001 0.27359531249999997 0.6251328125 0.269325 0.6224171875000001 0.2671890625 0.6214468750000001 0.2671890625 0.6179546874999999 0.271071875 0.6158203124999999 0.27650625 0.61465625 0.281359375 0.61465625 0.2858234375 0.6148499999999999 0.2899 0.6156265625 0.29378125 0.6183421875 0.2968875 0.6226109375 0.30076875 0.626296875 0.30251562500000007 0.630759375 0.30465156250000003 0.634834375 0.30950312500000005 0.6356109375000001 0.3118328125 0.6342515624999999 0.3170734375 0.6309546874999999 0.3205671875 0.6245515624999999 0.32270312500000004 0.620671875 0.32289687499999997 0.616403125 0.3221203125 0.61019375 0.32076093750000007 0.60515 0.31765625000000003 0.5995234375 0.31804375 0.5987468749999999 0.31804375 0.5956437499999999 0.3223140625 0.5931203125000001 0.32522500000000004 0.59156875 0.329690625 0.5905984375 0.3326015625 0.5905984375 0.33570781250000004 0.592671875 0.3395921875 0.5946734374999999 0.34036562500000006
1 0.23148148148148148 0.3958333333333333 0.24305555555555555 0.3888888888888889 0.24768518518518517 0.3888888888888889 0.23842592592592593 0.3912037037037037 0.23148148148148148 0.39814814814814814 0.2337962962962963 0.40046296296296297 0.24074074074074073 0.39814814814814814 0.25 0.4050925925925926 0.2569444444444444 0.4074074074074074 0.24537037037037038 0.4027777777777778 0.24074074074074073 0.39814814814814814 0.2361111111111111 0.40046296296296297 0.22916666666666666 0.39814814814814814 0.22685185185185186 0.40046296296296297 0.22916666666666666 0.4050925925925926 0.22453703703703703 0.4027777777777778 0.22916666666666666 0.39814814814814814