4 0.90768125 0.8270765625000001 0.9533859375 0.8269374999999999 0.9534796875 0.7829250000000001 0.90768125 0.7825078124999999 0.90768125 0.8270765625000001
4 0.9125609374999999 0.29375312499999995 0.9593046875 0.29537968749999993 0.960525 0.24658125 0.9141874999999999 0.2478015625 0.9125609374999999 0.29375312499999995
4 0.8560609375 0.541703125 0.9031578125 0.540828125 0.9028062499999999 0.49534531249999997 0.8556546875000001 0.49656406249999996 0.8560609375 0.541703125
4 0.737371875 0.4298734375 0.737778125 0.3843281250000001 0.691034375 0.38392187499999997 0.691034375 0.4298734375 0.737371875 0.4298734375
4 0.691034375 0.698846875 0.7356875 0.6991984375 0.7353390625 0.6524890624999999 0.6902203124999999 0.6524890624999999 0.691034375 0.698846875
4 0.47736562499999996 0.8223093750000001 0.5217578125 0.8255593750000001 0.522840625 0.7789812500000001 0.47736562499999996 0.7789812500000001 0.47736562499999996 0.8223093750000001
4 0.04102499999999988 0.8298921874999999 0.08433437500000004 0.832059375 0.08216874999999983 0.7843968750000001 0.039942187499999976 0.78548125 0.04102499999999988 0.8298921874999999
4 0.03019843749999988 0.540675 0.07483125000000007 0.541509375 0.0735062499999999 0.494096875 0.02803281249999993 0.49301249999999996 0.03019843749999988 0.540675
4 0.024784374999999942 0.304534375 0.06804218750000002 0.30294375000000007 0.0670109374999998 0.2557890624999999 0.0237015624999999 0.2557890624999999 0.024784374999999942 0.304534375
4 0.2088484374999999 0.3576109374999999 0.2521578124999999 0.3576109374999999 0.2521578124999999 0.3142828125 0.207765625 0.3142828125 0.2088484374999999 0.3576109374999999
4 0.2478265624999999 0.5363421875 0.2920609375 0.5376296875 0.29113593749999994 0.49301249999999996 0.2478265624999999 0.494096875 0.2478265624999999 0.5363421875
4 0.47890937499999997 0.5343078124999999 0.5238968749999999 0.535034375 0.5240609374999999 0.48708281249999996 0.4799359374999999 0.488109375 0.47890937499999997 0.5343078124999999
1 0.37841875 0.6474125 0.381653125 0.6455265625000001 0.3873156249999999 0.6417515625 0.39809843749999996 0.63528125 0.4059171875 0.6288109375 0.41346562499999995 0.6226093749999999 0.42101562499999995 0.618565625 0.42344062499999996 0.614521875 0.42586718749999997 0.612634375 0.4255984374999999 0.608590625 0.42505937499999996 0.6061640625 0.42505937499999996 0.605625 0.4231718749999999 0.6031984375 0.4172406249999999 0.6007718750000001 0.41319687499999996 0.5991546875 0.4061874999999999 0.6007718750000001 0.3975593749999999 0.60724375 0.3870453125 0.6129046874999999 0.3751828125 0.6226093749999999 0.3641296874999999 0.630159375 0.35712031250000004 0.636359375 0.35280624999999993 0.63905625 0.35091875 0.64525625 0.35091875 0.6493 0.35415468749999995 0.654153125 0.3606249999999999 0.6565796875 0.36608749999999995 0.6559656250000001 0.3682750000000001 0.6543859375 0.3703515625 0.65364375 0.371390625 0.651715625 0.3734671875 0.6505296875 0.3742078124999999 0.6497875 0.37464374999999994 0.6495703125 0.37841875 0.6474125
1 0.62409375 0.3856703124999999 0.6251328125 0.3804765624999999 0.6259625 0.37299843749999995 0.6270015625 0.3675968749999999 0.6259625 0.36032499999999995 0.6265859374999999 0.3532625 0.6238859375 0.34952343749999987 0.6222234375 0.34661406250000004 0.6186921874999999 0.3447453125 0.6134984375000001 0.3434984375 0.6070578124999999 0.3484843749999999 0.6035265625 0.35679375 0.6037343749999999 0.3621953125 0.6037343749999999 0.372790625 0.6035265625 0.38296874999999997 0.6006187499999999 0.394603125 0.59895625 0.40644375000000005 0.598125 0.41807812499999997 0.599371875 0.4241031249999999 0.6026953125 0.42805 0.6064359375 0.429503125 0.6112140625 0.429503125 0.6172109375 0.4280078125 0.6189 0.42514062499999994 0.6191078124999999 0.42181718749999997 0.6209765625000001 0.41662343749999997 0.6224312500000001 0.40872968749999994 0.6228468749999999 0.4022890624999999 0.6243015624999999 0.39501875 0.62409375 0.3856703124999999
5 0.4166666666666667 0.6458333333333334 0.41435185185185186 0.6412037037037037 0.41435185185185186 0.6319444444444444 0.4212962962962963 0.625 0.4351851851851852 0.6273148148148148 0.4398148148148148 0.6342592592592593 0.4398148148148148 0.6388888888888888 0.4351851851851852 0.6458333333333334 0.43287037037037035 0.6458333333333334 0.4398148148148148 0.6365740740740741 0.4375 0.6319444444444444 0.42824074074074076 0.625 0.4212962962962963 0.625 0.41435185185185186 0.6319444444444444 0.41435185185185186 0.6412037037037037 0.41898148148148145 0.6458333333333334
5 0.8495370370370371 0.6111111111111112 0.8472222222222222 0.5995370370370371 0.8541666666666666 0.5902777777777778 0.8657407407407407 0.5925925925925926 0.8541666666666666 0.5902777777777778 0.8495370370370371 0.5949074074074074 0.8472222222222222 0.6064814814814815 0.8541666666666666 0.6134259259259259 0.8634259259259259 0.6134259259259259 0.8541666666666666 0.6134259259259259 0.8518518518518519 0.6111111111111112