4 0.90768125 0.17292343749999997 0.90768125 0.21749218750000002 0.9534796875 0.217075 0.9533859375 0.1730625 0.90768125 0.17292343749999997
4 0.9125609374999999 0.706246875 0.9141874999999999 0.7521984375 0.960525 0.75341875 0.9593046875 0.7046203125 0.9125609374999999 0.706246875
4 0.8560609375 0.458296875 0.8556546875000001 0.5034359375 0.9028062499999999 0.5046546875 0.9031578125 0.45917187500000006 0.8560609375 0.458296875
4 0.737371875 0.5701265624999999 0.691034375 0.5701265624999999 0.691034375 0.616078125 0.737778125 0.6156718749999999 0.737371875 0.5701265624999999
4 0.691034375 0.301153125 0.6902203124999999 0.3475109375 0.7353390625 0.3475109375 0.7356875 0.3008015625 0.691034375 0.301153125
4 0.47736562499999996 0.177690625 0.47736562499999996 0.22101874999999999 0.522840625 0.22101874999999999 0.5217578125 0.17444062500000002 0.47736562499999996 0.177690625
4 0.04102499999999988 0.1701078125 0.039942187499999976 0.21451875 0.08216874999999983 0.21560312499999998 0.08433437500000004 0.167940625 0.04102499999999988 0.1701078125
4 0.03019843749999988 0.45932500000000004 0.02803281249999993 0.5069875 0.0735062499999999 0.505903125 0.07483125000000007 0.458490625 0.03019843749999988 0.45932500000000004
4 0.024784374999999942 0.695465625 0.0237015624999999 0.7442109375000001 0.0670109374999998 0.7442109375000001 0.06804218750000002 0.6970562499999999 0.024784374999999942 0.695465625
4 0.2088484374999999 0.6423890625 0.207765625 0.6857171875 0.2521578124999999 0.6857171875 0.2521578124999999 0.6423890625 0.2088484374999999 0.6423890625
4 0.2478265624999999 0.46365781250000004 0.2478265624999999 0.505903125 0.29113593749999994 0.5069875 0.2920609375 0.4623703125 0.2478265624999999 0.46365781250000004
4 0.47890937499999997 0.4656921875000001 0.4799359374999999 0.511890625 0.5240609374999999 0.5129171875 0.5238968749999999 0.464965625 0.47890937499999997 0.4656921875000001
3 0.7384259259259259 0.35648148148148145 0.7546296296296297 0.35648148148148145 0.7615740740740741 0.3611111111111111 0.7708333333333334 0.3611111111111111 0.7824074074074074 0.36574074074074076 0.7916666666666666 0.36574074074074076 0.7986111111111112 0.37037037037037035 0.8078703703703703 0.37037037037037035 0.8148148148148148 0.375 0.8148148148148148 0.38425925925925924 0.8101851851851852 0.39351851851851855 0.8125 0.39814814814814814 0.8032407407407407 0.41203703703703703 0.8032407407407407 0.4212962962962963 0.7893518518518519 0.4212962962962963 0.7800925925925926 0.4166666666666667 0.7708333333333334 0.4166666666666667 0.7615740740740741 0.41203703703703703 0.7361111111111112 0.4074074074074074 0.7268518518518519 0.4027777777777778 0.7291666666666666 0.39814814814814814 0.7291666666666666 0.3773148148148148 0.7337962962962963 0.3726851851851852 0.7337962962962963 0.36342592592592593 0.7384259259259259 0.3587962962962963
3 0.4050925925925926 0.375 0.4074074074074074 0.39351851851851855 0.4097222222222222 0.3958333333333333 0.4097222222222222 0.4074074074074074 0.4074074074074074 0.4097222222222222 0.4097222222222222 0.41203703703703703 0.4097222222222222 0.41898148148148145 0.4050925925925926 0.4236111111111111 0.40046296296296297 0.4236111111111111 0.39814814814814814 0.42592592592592593 0.3541666666666667 0.42592592592592593 0.35185185185185186 0.42824074074074076 0.33101851851851855 0.42824074074074076 0.33101851851851855 0.4236111111111111 0.3263888888888889 0.41435185185185186 0.3287037037037037 0.41203703703703703 0.3263888888888889 0.4074074074074074 0.3263888888888889 0.37962962962962965 0.33101851851851855 0.3773148148148148 0.35185185185185186 0.3773148148148148 0.3541666666666667 0.375 0.3958333333333333 0.375 0.39814814814814814 0.3726851851851852 0.4027777777777778 0.375
3 0.14583333333333334 0.4027777777777778 0.14814814814814814 0.4050925925925926 0.15046296296296297 0.4027777777777778 0.17592592592592593 0.4050925925925926 0.18055555555555555 0.4097222222222222 0.18055555555555555 0.4166666666666667 0.17824074074074073 0.41898148148148145 0.17824074074074073 0.46064814814814814 0.17592592592592593 0.46296296296296297 0.1736111111111111 0.4837962962962963 0.1388888888888889 0.4837962962962963 0.13657407407407407 0.48148148148148145 0.12731481481481483 0.48148148148148145 0.125 0.4791666666666667 0.125 0.4583333333333333 0.12731481481481483 0.45601851851851855 0.12731481481481483 0.4375 0.12962962962962962 0.4351851851851852 0.12962962962962962 0.4050925925925926 0.13194444444444445 0.4027777777777778 0.14351851851851852 0.4027777777777778
3 0.7407407407407407 0.6435185185185185 0.7430555555555556 0.6458333333333334 0.7638888888888888 0.6458333333333334 0.7615740740740741 0.7268518518518519 0.7523148148148148 0.7268518518518519 0.75 0.7245370370370371 0.7314814814814815 0.7245370370370371 0.7337962962962963 0.6458333333333334 0.7384259259259259 0.6435185185185185
3 0.6273148148148148 0.39814814814814814 0.08796296296296297 0.046296296296296294