4 0.90768125 0.8270765625000001 0.9533859375 0.8269374999999999 0.9534796875 0.7829250000000001 0.90768125 0.7825078124999999 0.90768125 0.8270765625000001
4 0.9125609374999999 0.29375312499999995 0.9593046875 0.29537968749999993 0.960525 0.24658125 0.9141874999999999 0.2478015625 0.9125609374999999 0.29375312499999995
4 0.8560609375 0.541703125 0.9031578125 0.540828125 0.9028062499999999 0.49534531249999997 0.8556546875000001 0.49656406249999996 0.8560609375 0.541703125
4 0.737371875 0.4298734375 0.737778125 0.3843281250000001 0.691034375 0.38392187499999997 0.691034375 0.4298734375 0.737371875 0.4298734375
4 0.691034375 0.698846875 0.7356875 0.6991984375 0.7353390625 0.6524890624999999 0.6902203124999999 0.6524890624999999 0.691034375 0.698846875
4 0.47736562499999996 0.8223093750000001 0.5217578125 0.8255593750000001 0.522840625 0.7789812500000001 0.47736562499999996 0.7789812500000001 0.47736562499999996 0.8223093750000001
4 0.04102499999999988 0.8298921874999999 0.08433437500000004 0.832059375 0.08216874999999983 0.7843968750000001 0.039942187499999976 0.78548125 0.04102499999999988 0.8298921874999999
4 0.03019843749999988 0.540675 0.07483125000000007 0.541509375 0.0735062499999999 0.494096875 0.02803281249999993 0.49301249999999996 0.03019843749999988 0.540675
4 0.024784374999999942 0.304534375 0.06804218750000002 0.30294375000000007 0.0670109374999998 0.2557890624999999 0.0237015624999999 0.2557890624999999 0.024784374999999942 0.304534375
4 0.2088484374999999 0.3576109374999999 0.2521578124999999 0.3576109374999999 0.2521578124999999 0.3142828125 0.207765625 0.3142828125 0.2088484374999999 0.3576109374999999
4 0.2478265624999999 0.5363421875 0.2920609375 0.5376296875 0.29113593749999994 0.49301249999999996 0.2478265624999999 0.494096875 0.2478265624999999 0.5363421875
4 0.47890937499999997 0.5343078124999999 0.5238968749999999 0.535034375 0.5240609374999999 0.48708281249999996 0.4799359374999999 0.488109375 0.47890937499999997 0.5343078124999999
3 0.4930555555555556 0.31712962962962965 0.5 0.3125 0.5069444444444444 0.3125 0.5092592592592593 0.31712962962962965 0.5138888888888888 0.31712962962962965 0.5208333333333334 0.32175925925925924 0.5231481481481481 0.3263888888888889 0.5300925925925926 0.3287037037037037 0.5347222222222222 0.33564814814814814 0.5416666666666666 0.33796296296296297 0.5486111111111112 0.3449074074074074 0.5532407407407407 0.3449074074074074 0.5555555555555556 0.34953703703703703 0.5601851851851852 0.34953703703703703 0.5648148148148148 0.35648148148148145 0.5578703703703703 0.36574074074074076 0.5532407407407407 0.3680555555555556 0.5532407407407407 0.3726851851851852 0.5486111111111112 0.3819444444444444 0.5439814814814815 0.38425925925925924 0.5393518518518519 0.39351851851851855 0.5370370370370371 0.3958333333333333 0.5324074074074074 0.3958333333333333 0.5300925925925926 0.3912037037037037 0.5185185185185185 0.38657407407407407 0.5162037037037037 0.3819444444444444 0.5046296296296297 0.3773148148148148 0.4976851851851852 0.3680555555555556 0.47453703703703703 0.35185185185185186 0.47453703703703703 0.3449074074074074 0.4791666666666667 0.3425925925925926 0.4837962962962963 0.33101851851851855 0.4930555555555556 0.32175925925925924 0.4930555555555556 0.3194444444444444
3 0.21296296296296297 0.5439814814814815 0.2152777777777778 0.5462962962962963 0.22453703703703703 0.5462962962962963 0.2337962962962963 0.5509259259259259 0.24074074074074073 0.5509259259259259 0.25 0.5555555555555556 0.25925925925925924 0.5555555555555556 0.2800925925925926 0.5648148148148148 0.2800925925925926 0.5694444444444444 0.27546296296296297 0.5763888888888888 0.27546296296296297 0.5879629629629629 0.2708333333333333 0.5972222222222222 0.2708333333333333 0.6064814814814815 0.2662037037037037 0.6111111111111112 0.25925925925925924 0.6111111111111112 0.2523148148148148 0.6064814814814815 0.24074074074074073 0.6064814814814815 0.2337962962962963 0.6018518518518519 0.22453703703703703 0.6018518518518519 0.2175925925925926 0.5972222222222222 0.20833333333333334 0.5972222222222222 0.20601851851851852 0.5949074074074074 0.19675925925925927 0.5949074074074074 0.19212962962962962 0.5925925925925926 0.19212962962962962 0.5856481481481481 0.19675925925925927 0.5763888888888888 0.19675925925925927 0.5625 0.2013888888888889 0.5532407407407407 0.2013888888888889 0.5439814814814815 0.2037037037037037 0.5416666666666666 0.20833333333333334 0.5416666666666666 0.21064814814814814 0.5439814814814815
3 0.5972222222222222 0.7245370370370371 0.6041666666666666 0.7337962962962963 0.6064814814814815 0.7337962962962963 0.6203703703703703 0.7476851851851852 0.6273148148148148 0.75 0.6273148148148148 0.7523148148148148 0.6412037037037037 0.7638888888888888 0.6412037037037037 0.7708333333333334 0.6319444444444444 0.7800925925925926 0.6296296296296297 0.7870370370370371 0.625 0.7893518518518519 0.6226851851851852 0.7939814814814815 0.6134259259259259 0.8009259259259259 0.6134259259259259 0.8032407407407407 0.6087962962962963 0.8032407407407407 0.6064814814814815 0.7986111111111112 0.5972222222222222 0.7939814814814815 0.5671296296296297 0.7662037037037037 0.5578703703703703 0.7615740740740741 0.5509259259259259 0.7546296296296297 0.5555555555555556 0.7453703703703703 0.5625 0.7407407407407407 0.5671296296296297 0.7314814814814815 0.5717592592592593 0.7291666666666666 0.5833333333333334 0.7152777777777778 0.5856481481481481 0.7152777777777778 0.5949074074074074 0.7245370370370371
3 0.3541666666666667 0.6898148148148148 0.35648148148148145 0.6921296296296297 0.36574074074074076 0.6921296296296297 0.3680555555555556 0.6944444444444444 0.3680555555555556 0.6990740740740741 0.36574074074074076 0.7013888888888888 0.36574074074074076 0.7106481481481481 0.3611111111111111 0.7152777777777778 0.3611111111111111 0.7245370370370371 0.35648148148148145 0.7314814814814815 0.35648148148148145 0.7384259259259259 0.3472222222222222 0.7638888888888888 0.3472222222222222 0.7708333333333334 0.33564814814814814 0.7708333333333334 0.3287037037037037 0.7662037037037037 0.32407407407407407 0.7662037037037037 0.3194444444444444 0.7615740740740741 0.3194444444444444 0.7569444444444444 0.32175925925925924 0.7546296296296297 0.32175925925925924 0.7476851851851852 0.3263888888888889 0.7407407407407407 0.3263888888888889 0.7268518518518519 0.33564814814814814 0.7129629629629629 0.33564814814814814 0.7037037037037037 0.33796296296296297 0.7013888888888888 0.3402777777777778 0.6898148148148148 0.3425925925925926 0.6875 0.34953703703703703 0.6875 0.35185185185185186 0.6898148148148148
3 0.9305555555555556 0.4305555555555556 0.9328703703703703 0.4351851851851852 0.9328703703703703 0.44675925925925924 0.9351851851851852 0.44907407407407407 0.9375 0.4861111111111111 0.9398148148148148 0.48842592592592593 0.9398148148148148 0.5115740740740741 0.9282407407407407 0.5115740740740741 0.9189814814814815 0.5162037037037037 0.9120370370370371 0.5162037037037037 0.9097222222222222 0.5115740740740741 0.9097222222222222 0.5023148148148148 0.9074074074074074 0.5 0.9074074074074074 0.47453703703703703 0.9027777777777778 0.46296296296296297 0.9004629629629629 0.4351851851851852 0.9120370370370371 0.4305555555555556 0.9282407407407407 0.4305555555555556
2 0.9305555555555556 0.6527777777777778 0.9328703703703703 0.6527777777777778 0.9143518518518519 0.6712962962962963 0.9143518518518519 0.6736111111111112 0.9050925925925926 0.6805555555555556 0.8958333333333334 0.6944444444444444 0.8935185185185185 0.6944444444444444 0.8703703703703703 0.7199074074074074 0.8611111111111112 0.7222222222222222 0.8634259259259259 0.7152777777777778 0.8657407407407407 0.7152777777777778 0.8680555555555556 0.7106481481481481 0.875 0.7060185185185185 0.8842592592592593 0.6921296296296297 0.8935185185185185 0.6851851851851852 0.9027777777777778 0.6712962962962963 0.9074074074074074 0.6689814814814815 0.9097222222222222 0.6620370370370371 0.9120370370370371 0.6620370370370371 0.9212962962962963 0.6527777777777778 0.9212962962962963 0.6481481481481481 0.9282407407407407 0.6481481481481481 0.9282407407407407 0.6504629629629629
2 0.44675925925925924 0.5648148148148148 0.4444444444444444 0.5601851851851852 0.44675925925925924 0.5555555555555556 0.4537037037037037 0.5555555555555556 0.4537037037037037 0.5601851851851852 0.46064814814814814 0.5671296296296297 0.46296296296296297 0.5740740740740741 0.4675925925925926 0.5763888888888888 0.47685185185185186 0.5925925925925926 0.4861111111111111 0.5995370370370371 0.48842592592592593 0.6064814814814815 0.5 0.6180555555555556 0.5023148148148148 0.625 0.5069444444444444 0.6296296296296297 0.5069444444444444 0.6342592592592593 0.5046296296296297 0.6342592592592593 0.4930555555555556 0.6226851851851852 0.47453703703703703 0.5949074074074074 0.4699074074074074 0.5925925925925926 0.4652777777777778 0.5833333333333334 0.44907407407407407 0.5648148148148148
2 0.7361111111111112 0.41435185185185186 0.05555555555555555 0.08796296296296297
2 0.18518518518518517 0.4861111111111111 0.2013888888888889 0.4537037037037037 0.2013888888888889 0.44675925925925924 0.21064814814814814 0.4305555555555556 0.21064814814814814 0.42592592592592593 0.2199074074074074 0.4097222222222222 0.2199074074074074 0.4050925925925926 0.22453703703703703 0.39814814814814814 0.22685185185185186 0.39814814814814814 0.22685185185185186 0.4097222222222222 0.2222222222222222 0.41435185185185186 0.2222222222222222 0.41898148148148145 0.21296296296296297 0.4375 0.21296296296296297 0.4444444444444444 0.20833333333333334 0.44907407407407407 0.20833333333333334 0.4537037037037037 0.2013888888888889 0.4652777777777778 0.2013888888888889 0.4722222222222222 0.19444444444444445 0.48148148148148145 0.19444444444444445 0.49074074074074076 0.1875 0.48842592592592593
2 0.09027777777777778 0.7800925925925926 0.09027777777777778 0.7662037037037037 0.09490740740740741 0.7592592592592593 0.09490740740740741 0.75 0.09953703703703703 0.7407407407407407 0.09953703703703703 0.7337962962962963 0.10416666666666667 0.7268518518518519 0.10416666666666667 0.7175925925925926 0.11574074074074074 0.6851851851851852 0.11805555555555555 0.6851851851851852 0.11574074074074074 0.7083333333333334 0.1111111111111111 0.7152777777777778 0.1111111111111111 0.7268518518518519 0.10648148148148148 0.7337962962962963 0.10648148148148148 0.7430555555555556 0.10185185185185185 0.7523148148148148 0.10185185185185185 0.7638888888888888 0.09722222222222222 0.7731481481481481 0.09722222222222222 0.7800925925925926 0.09259259259259259 0.7800925925925926
5 0.40046296296296297 0.30324074074074076 0.02546296296296296 0.02546296296296296
5 0.125 0.37962962962962965 0.12731481481481483 0.37962962962962965 0.12962962962962962 0.375 0.1412037037037037 0.375 0.14583333333333334 0.37962962962962965 0.14583333333333334 0.39351851851851855 0.13425925925925927 0.39814814814814814 0.125 0.3912037037037037 0.125 0.3819444444444444
5 0.5460703125 0.6190906249999999 0.5443703125 0.62113125 0.54375 0.6265625 0.54375 0.6328125 0.5484374999999999 0.6390625 0.5499999999999999 0.6390625 0.5609375 0.6375 0.5656249999999999 0.63125 0.5640624999999999 0.61875 0.559375 0.615625 0.55083125 0.616709375 0.5460703125 0.6190906249999999
5 0.8171296296296297 0.6296296296296297 0.8310185185185185 0.6296296296296297 0.8356481481481481 0.6365740740740741 0.8356481481481481 0.6412037037037037 0.8287037037037037 0.6504629629629629 0.8194444444444444 0.6504629629629629 0.8125 0.6412037037037037 0.8125 0.6365740740740741 0.8171296296296297 0.6319444444444444
5 0.6578124999999999 0.30000000000000004 0.6499999999999999 0.3046875 0.6484375 0.30937499999999996 0.6477187499999999 0.3142218749999999 0.6487937500000001 0.32013437499999997 0.6515625 0.32499999999999996 0.65625 0.328125 0.6578124999999999 0.328125 0.6656249999999999 0.328125 0.6703125 0.32499999999999996 0.675 0.31718749999999996 0.675 0.3109375 0.66875 0.30156249999999996 0.6578124999999999 0.30000000000000004
1 0.8356481481481481 0.2222222222222222 0.8425925925925926 0.22685185185185186 0.8495370370370371 0.23842592592592593 0.8541666666666666 0.23842592592592593 0.8587962962962963 0.2337962962962963 0.8657407407407407 0.2337962962962963 0.8657407407407407 0.2361111111111111 0.8611111111111112 0.24074074074074073 0.8518518518518519 0.24537037037037038 0.8472222222222222 0.24537037037037038 0.8402777777777778 0.24074074074074073 0.8402777777777778 0.23842592592592593 0.8287037037037037 0.22685185185185186 0.8171296296296297 0.22916666666666666 0.8125 0.2337962962962963 0.8125 0.23842592592592593 0.8101851851851852 0.24074074074074073 0.8125 0.24305555555555555 0.8125 0.25 0.8194444444444444 0.25925925925925924 0.8194444444444444 0.2662037037037037 0.7986111111111112 0.2800925925925926 0.7939814814814815 0.2800925925925926 0.7962962962962963 0.27314814814814814 0.7986111111111112 0.27314814814814814 0.8101851851851852 0.26157407407407407 0.8009259259259259 0.24768518518518517 0.8009259259259259 0.2337962962962963 0.8125 0.22453703703703703 0.8333333333333334 0.22453703703703703
1 0.3971421875 0.519696875 0.394846875 0.5137265624999999 0.394846875 0.5045390625 0.395765625 0.49765000000000004 0.3921874999999999 0.490625 0.390625 0.4828125 0.38593749999999993 0.47812499999999997 0.37812499999999993 0.4765625 0.37031249999999993 0.48124999999999996 0.3687499999999999 0.48593749999999997 0.37187499999999996 0.49374999999999997 0.37187499999999996 0.5171874999999999 0.3765624999999999 0.5249999999999999 0.37812499999999993 0.5328124999999999 0.3843749999999999 0.5390625 0.38749999999999996 0.553125 0.3921874999999999 0.5578124999999999 0.39374999999999993 0.5578124999999999 0.3999999999999999 0.559375 0.40625 0.5562499999999999 0.409375 0.5499999999999999 0.404946875 0.5334765625 0.40035624999999997 0.5275046875 0.3971421875 0.519696875
1 0.14583333333333334 0.22453703703703703 0.1550925925925926 0.23842592592592593 0.1550925925925926 0.24305555555555555 0.15046296296296297 0.2523148148148148 0.15046296296296297 0.26157407407407407 0.1550925925925926 0.2662037037037037 0.16666666666666666 0.2638888888888889 0.18287037037037038 0.24305555555555555 0.19212962962962962 0.25 0.19675925925925927 0.25 0.20601851851851852 0.25462962962962965 0.21064814814814814 0.25925925925925924 0.20833333333333334 0.26157407407407407 0.2037037037037037 0.2569444444444444 0.19212962962962962 0.25462962962962965 0.18518518518518517 0.26157407407407407 0.18518518518518517 0.2662037037037037 0.17592592592592593 0.27546296296296297 0.16203703703703703 0.27546296296296297 0.1527777777777778 0.2708333333333333 0.14351851851851852 0.26157407407407407 0.14351851851851852 0.25925925925925924 0.1388888888888889 0.2569444444444444 0.1412037037037037 0.2337962962962963 0.13194444444444445 0.22685185185185186 0.13194444444444445 0.2222222222222222 0.1412037037037037 0.2222222222222222 0.14351851851851852 0.22453703703703703
1 0.8109375 0.790625 0.8015625 0.7734375 0.8015625 0.765625 0.8078125 0.75625 0.8078125 0.7515625 0.8039218749999999 0.7563953125 0.800009375 0.760665625 0.7939640625000001 0.7670703125 0.7918296875 0.7688484375 0.7985875 0.7802359375 0.8017875000000001 0.7884187500000001 0.8010765624999999 0.79945 0.796453125 0.8047859375 0.7879171875 0.806209375 0.7808046875000001 0.8030078124999999 0.7765625 0.7984375 0.7703125 0.7953125 0.76444375 0.7944671875 0.7598203124999999 0.7951796875 0.7576859375 0.796246875 0.75733125 0.796959375 0.7566203125 0.79838125 0.7515625 0.8015625 0.746875 0.8078125 0.7484375 0.8125 0.7515625 0.8140625 0.753125 0.8140625 0.7671875 0.8015625 0.7859375 0.8140625 0.8 0.8140625 0.8078125 0.8078125 0.8109375 0.8015625 0.8109375 0.790625
1 0.22222343749999995 0.7459109374999999 0.21764218749999992 0.7413281249999999 0.21586093749999993 0.738271875 0.2166234375 0.7311421875 0.21993281249999994 0.72885 0.218915625 0.7265578125 0.2153515624999999 0.722484375 0.2133156249999999 0.7171375 0.20873437499999986 0.7133171875000001 0.2033890624999999 0.712553125 0.19447968749999997 0.7135718750000001 0.19117187500000002 0.717646875 0.19066249999999998 0.723503125 0.19117187500000002 0.7285953125 0.19447968749999997 0.7326703125 0.19957031250000004 0.73674375 0.20007968749999994 0.7400546874999999 0.19829843749999984 0.7438734375 0.19804375000000007 0.7474390625 0.19804375000000007 0.75075 0.20084375 0.7573703125000001 0.2069515625 0.7616984375 0.21026093749999997 0.7647546874999999 0.21229687499999997 0.7673015624999999 0.21713281249999988 0.7698468749999999 0.22298749999999987 0.7701015625 0.22654999999999997 0.768065625 0.23138750000000005 0.7693374999999999 0.23164062499999993 0.7721390625 0.23494999999999988 0.7751953125 0.24182187499999994 0.7787593749999999 0.250221875 0.777740625 0.25607656249999994 0.7721390625 0.25607656249999994 0.763990625 0.24767656249999992 0.7538046875 0.24971249999999992 0.7535499999999999 0.24538593750000004 0.7532953125 0.24029531249999997 0.7543140625 0.23469531249999986 0.754059375 0.23036874999999998 0.7530406249999999 0.22578749999999992 0.750240625 0.22222343749999995 0.7459109374999999
0 0.8402777777777778 0.49074074074074076 0.8402777777777778 0.48842592592592593 0.8356481481481481 0.4861111111111111 0.8356481481481481 0.4791666666666667 0.8449074074074074 0.49074074074074076 0.8425925925925926 0.49537037037037035 0.8449074074074074 0.4976851851851852 0.8495370370370371 0.4930555555555556 0.8472222222222222 0.4976851851851852 0.8425925925925926 0.49537037037037035 0.8402777777777778 0.4976851851851852 0.8425925925925926 0.4930555555555556
0 0.7013888888888888 0.6018518518518519 0.7060185185185185 0.5972222222222222 0.7037037037037037 0.5949074074074074 0.6990740740740741 0.5949074074074074 0.7037037037037037 0.5949074074074074 0.7060185185185185 0.5972222222222222 0.7037037037037037 0.5995370370370371 0.7060185185185185 0.6018518518518519 0.7106481481481481 0.5995370370370371 0.7129629629629629 0.5995370370370371 0.7129629629629629 0.6018518518518519 0.7106481481481481 0.5995370370370371 0.7060185185185185 0.6041666666666666 0.7037037037037037 0.5995370370370371
0 0.7199074074074074 0.2569444444444444 0.7268518518518519 0.25462962962962965 0.7291666666666666 0.2569444444444444 0.7245370370370371 0.25462962962962965 0.7199074074074074 0.25925925925925924 0.7268518518518519 0.26851851851851855 0.7291666666666666 0.2638888888888889 0.7314814814814815 0.26851851851851855 0.7291666666666666 0.27314814814814814 0.7199074074074074 0.25925925925925924
0 0.11574074074074074 0.32407407407407407 0.11574074074074074 0.33796296296296297 0.1111111111111111 0.33796296296296297 0.10648148148148148 0.3333333333333333 0.1111111111111111 0.32175925925925924 0.11574074074074074 0.3194444444444444 0.1111111111111111 0.32175925925925924 0.10648148148148148 0.33101851851851855 0.10648148148148148 0.3333333333333333 0.11342592592592593 0.33796296296296297 0.11574074074074074 0.33564814814814814 0.11574074074074074 0.3263888888888889
0 0.42592592592592593 0.7662037037037037 0.018518518518518517 0.018518518518518517