3 0.5284453124999999 0.6284125 0.53133125 0.634825 0.5380625 0.6357875 0.5552890625 0.6465046875 0.594796875 0.573896875 0.5771671875 0.5671625 0.5749234375 0.561390625 0.5685125 0.5601078125 0.54928125 0.5498453125 0.511778125 0.6197531249999999 0.5284453124999999 0.6284125
2 0.76611875 0.5827078124999999 0.7657703124999999 0.584278125 0.76594375 0.5854999999999999 0.76594375 0.5865468749999999 0.76594375 0.5870703125 0.67523125 0.5942265624999999 0.6731374999999999 0.594575 0.6727890624999999 0.595796875 0.6720906249999999 0.597890625 0.6734859375 0.5992875 0.676103125 0.5996359375 0.76385 0.5923062499999999 0.76594375 0.5930046875 0.767165625 0.593353125 0.7678624999999999 0.5937031249999999 0.7685609375 0.5938765625 0.7703046874999999 0.5938765625 0.772225 0.594575 0.772921875 0.59248125 0.7732703125 0.5900375 0.772921875 0.5881171875 0.7723984375 0.5868953124999999 0.770828125 0.5849765625 0.7680374999999999 0.5834046875 0.76611875 0.5827078124999999
0 0.8950484375000001 0.5766749999999999 0.8923984374999999 0.575496875 0.8888656250000001 0.5743171874999999 0.8868046875 0.573728125 0.8832703125 0.573728125 0.883565625 0.575790625 0.8856265624999999 0.5766749999999999 0.8847437499999999 0.5807984374999999 0.8847437499999999 0.5819765625 0.8847437499999999 0.586690625 0.8847437499999999 0.5890468750000001 0.8856265624999999 0.5922875 0.8876484374999999 0.593096875 0.8897484375 0.5852171875 0.8906328125 0.582271875 0.8909265624999999 0.579915625 0.89269375 0.579915625 0.893871875 0.579915625 0.8950484375000001 0.578146875 0.8950484375000001 0.5766749999999999
5 0.8912037037037037 0.7199074074074074 0.8912037037037037 0.7222222222222222 0.8981481481481481 0.7268518518518519 0.9050925925925926 0.7245370370370371 0.9097222222222222 0.7199074074074074 0.9097222222222222 0.7222222222222222 0.9027777777777778 0.7268518518518519 0.8981481481481481 0.7268518518518519 0.8888888888888888 0.7199074074074074
5 0.3402777777777778 0.6064814814814815 0.3449074074074074 0.6018518518518519 0.35648148148148145 0.6018518518518519 0.36574074074074076 0.6111111111111112 0.36342592592592593 0.6226851851851852 0.35648148148148145 0.6273148148148148 0.34953703703703703 0.6273148148148148 0.3449074074074074 0.625 0.34953703703703703 0.625 0.35185185185185186 0.6273148148148148 0.3611111111111111 0.625 0.36574074074074076 0.6134259259259259 0.35648148148148145 0.6018518518518519 0.3449074074074074 0.6018518518518519 0.3402777777777778 0.6087962962962963
5 0.13194444444444445 0.7106481481481481 0.13194444444444445 0.7129629629629629 0.12731481481481483 0.7152777777777778 0.11805555555555555 0.7152777777777778 0.11342592592592593 0.7129629629629629 0.11805555555555555 0.7152777777777778 0.12731481481481483 0.7152777777777778 0.12962962962962962 0.7129629629629629
5 0.1087962962962963 0.4074074074074074 0.10648148148148148 0.4097222222222222 0.10648148148148148 0.4236111111111111 0.1111111111111111 0.42824074074074076 0.1087962962962963 0.42824074074074076 0.10648148148148148 0.4236111111111111 0.10648148148148148 0.4097222222222222
5 0.6388888888888888 0.4074074074074074 0.6412037037037037 0.4074074074074074 0.6342592592592593 0.41203703703703703 0.6342592592592593 0.4236111111111111 0.6388888888888888 0.42824074074074076 0.6342592592592593 0.4236111111111111 0.6342592592592593 0.41203703703703703 0.6365740740740741 0.4097222222222222
0 0.49074074074074076 0.6875 0.4837962962962963 0.6828703703703703 0.4837962962962963 0.6805555555555556 0.49074074074074076 0.6759259259259259 0.49537037037037035 0.6759259259259259 0.4930555555555556 0.6805555555555556 0.5 0.6875 0.5023148148148148 0.6944444444444444 0.49537037037037035 0.6921296296296297 0.4976851851851852 0.6921296296296297 0.5 0.6875 0.49537037037037035 0.6851851851851852 0.49074074074074076 0.6782407407407407 0.4861111111111111 0.6805555555555556 0.48842592592592593 0.6851851851851852
0 0.6805555555555556 0.2986111111111111 0.6828703703703703 0.30324074074074076 0.6898148148148148 0.30787037037037035 0.6898148148148148 0.3101851851851852 0.6828703703703703 0.3148148148148148 0.6782407407407407 0.3148148148148148 0.6759259259259259 0.30324074074074076 0.6805555555555556 0.3148148148148148 0.6875 0.3101851851851852 0.6805555555555556 0.30092592592592593
0 0.09953703703703703 0.30092592592592593 0.10416666666666667 0.2986111111111111 0.10416666666666667 0.3101851851851852 0.10416666666666667 0.30324074074074076 0.10185185185185185 0.30092592592592593 0.09953703703703703 0.3055555555555556 0.09953703703703703 0.30324074074074076
0 0.13425925925925927 0.7245370370370371 0.1412037037037037 0.7222222222222222 0.14583333333333334 0.7268518518518519 0.14351851851851852 0.7291666666666666 0.14583333333333334 0.7314814814814815 0.1412037037037037 0.7291666666666666 0.14583333333333334 0.7268518518518519 0.1412037037037037 0.7222222222222222 0.1388888888888889 0.7222222222222222 0.13657407407407407 0.7268518518518519
2 0.2199074074074074 0.7685185185185185 0.2013888888888889 0.7777777777777778 0.19444444444444445 0.7870370370370371 0.1875 0.7777777777777778 0.19444444444444445 0.7870370370370371 0.2013888888888889 0.7777777777777778 0.2175925925925926 0.7708333333333334
2 0.12268518518518519 0.5231481481481481 0.12268518518518519 0.5300925925925926 0.11805555555555555 0.5416666666666666 0.12268518518518519 0.5254629629629629
2 0.39814814814814814 0.37962962962962965 0.39351851851851855 0.38425925925925924 0.3912037037037037 0.3912037037037037 0.3819444444444444 0.3958333333333333 0.37037037037037035 0.41203703703703703 0.36342592592592593 0.41203703703703703 0.3611111111111111 0.41435185185185186 0.36342592592592593 0.41898148148148145 0.3726851851851852 0.4236111111111111 0.36342592592592593 0.41898148148148145 0.3611111111111111 0.41435185185185186 0.36342592592592593 0.41203703703703703 0.37037037037037035 0.41203703703703703 0.375 0.4027777777777778 0.3773148148148148 0.4027777777777778 0.3958333333333333 0.3819444444444444
2 0.8796296296296297 0.30787037037037035 0.8935185185185185 0.33564814814814814 0.8935185185185185 0.3425925925925926 0.8981481481481481 0.3449074074074074 0.8935185185185185 0.3425925925925926 0.8935185185185185 0.33564814814814814 0.8888888888888888 0.33101851851851855 0.8888888888888888 0.3263888888888889 0.8796296296296297 0.3101851851851852
3 0.7824074074074074 0.26851851851851855 0.7824074074074074 0.2847222222222222 0.7847222222222222 0.28703703703703703 0.7847222222222222 0.29398148148148145 0.7847222222222222 0.28703703703703703 0.7824074074074074 0.2847222222222222 0.7824074074074074 0.2708333333333333
3 0.2771374999999999 0.39884062499999984 0.2768578125 0.3994015625 0.28049999999999997 0.4033265625 0.2852640625 0.4033265625 0.30202499999999993 0.41448124999999997 0.348871875 0.350903125 0.3300984374999999 0.3360453124999999 0.3272953125 0.333803125 0.32253281249999993 0.33155937500000005 0.3043187499999999 0.32118749999999996 0.26200624999999994 0.38650624999999994 0.2771374999999999 0.39884062499999984
3 0.7550859375 0.7133390624999999 0.70955625 0.7773328125 0.7243609375 0.7885109375 0.725478125 0.7943781249999999 0.7277125 0.7943781249999999 0.7332984375 0.795496875 0.7480656250000001 0.80873125 0.7981015625 0.7457546875 0.785253125 0.7342984375 0.78385625 0.7312234375000001 0.7813421875000001 0.7289875 0.7768734375 0.7273109375 0.7726828124999999 0.7270328125 0.7550859375 0.7133390624999999
3 0.3238328124999999 0.8350718749999999 0.37300624999999993 0.7691609374999999 0.37227812499999996 0.7635828125 0.36330937499999993 0.7616421875 0.35094531249999994 0.7504859375 0.30221718749999993 0.815 0.3191859374999999 0.8300375 0.3238328124999999 0.8350718749999999
1 0.25925925925925924 0.6203703703703703 0.2638888888888889 0.6203703703703703 0.27314814814814814 0.6296296296296297 0.2800925925925926 0.6273148148148148 0.2800925925925926 0.6319444444444444 0.26851851851851855 0.6273148148148148 0.26851851851851855 0.625 0.26157407407407407 0.6203703703703703
1 0.5742703125 0.7767343750000001 0.5698828125000001 0.7738078125000001 0.5698828125000001 0.7696624999999999 0.5654953125 0.7664921875 0.5540375 0.75893125 0.5445296875 0.7567359375 0.5406296875 0.7618578125 0.5377046874999999 0.7679546875000001 0.5362421875 0.7730765624999999 0.5398984375 0.777709375 0.544775 0.7806359375 0.55038125 0.7825875000000001 0.55428125 0.7845390625 0.55915625 0.7860015625000001 0.55964375 0.7918546875 0.5606187499999999 0.7952687500000001 0.5754890625 0.8016109375 0.5811703125 0.8034250000000001 0.5843109375 0.8045171875 0.586753125 0.804865625 0.58936875 0.80381875 0.590846875 0.8013671875 0.5937718750000001 0.801121875 0.5969421874999999 0.8028296875 0.6005984375 0.80478125 0.6020609375 0.8055125 0.6049859375 0.8057562500000001 0.6074234375 0.806 0.6137625 0.8038046875 0.6157125 0.799903125 0.6166874999999999 0.7974640625 0.6166874999999999 0.7930749999999999 0.61644375 0.7894156250000001 0.6137625 0.7862453125 0.6125437499999999 0.7852703124999999 0.6088859375 0.7840515625000001 0.6069359375 0.7830750000000001 0.599125 0.7798281250000001 0.5986484375000001 0.7830750000000001 0.5962109375 0.7840515625000001 0.592796875 0.7845390625 0.586946875 0.7825875000000001 0.580853125 0.7801484375000001 0.5769515625 0.7789296874999999 0.5742703125 0.7767343750000001
1 0.4121484374999999 0.50616875 0.41253281249999996 0.49961093749999996 0.41234062499999996 0.4934375 0.408484375 0.49054375 0.4050140625 0.48861562499999994 0.39903593749999994 0.4880359374999999 0.39652968749999995 0.48880781249999994 0.3920953124999999 0.49305156249999993 0.390553125 0.49633124999999995 0.3901671874999999 0.4986453125 0.3901671874999999 0.5032749999999999 0.3901671874999999 0.5065546875 0.3901671874999999 0.5079046875 0.3901671874999999 0.5115703125 0.38766093749999997 0.5142703125 0.38650468749999994 0.5181281249999999 0.38534687500000003 0.52179375 0.38496093749999993 0.5260374999999999 0.38476875 0.52854375 0.38476875 0.5318234374999999 0.3843828124999999 0.5368390624999999 0.38496093749999993 0.5397328124999999 0.38534687500000003 0.5422406249999999 0.3851546875 0.544940625 0.38611874999999996 0.5466765625 0.38746875000000003 0.5503421875 0.38785312499999997 0.5522703125 0.38746875000000003 0.5572859375 0.387275 0.5665453125 0.3892031249999999 0.5705953125 0.39248124999999995 0.5731031249999999 0.3974937499999999 0.573875 0.40231406249999996 0.57368125 0.403471875 0.5721390625 0.4067484375 0.57098125 0.40809843749999997 0.567509375 0.41024687499999996 0.56330625 0.4098343749999999 0.55535625 0.41022031249999996 0.5516921874999999 0.40867656249999995 0.5460984375 0.4082921875 0.53298125 0.40925624999999993 0.522371875 0.41156875 0.5127265625 0.4121484374999999 0.50616875
1 0.5609625 0.38424062499999995 0.548353125 0.3785734375 0.5456125 0.37254062499999996 0.544515625 0.36540937500000004 0.5430546875 0.3586453125 0.5401296874999999 0.35590312499999993 0.5381203124999999 0.35480625 0.5236828124999999 0.36065624999999996 0.5225859374999999 0.36540937500000004 0.5255109375 0.36577499999999996 0.5300796874999999 0.36321562500000004 0.53483125 0.3613875 0.5384859375 0.3617531249999999 0.5397640625 0.36339843749999995 0.5415921875 0.3692499999999999 0.54250625 0.37528281249999995 0.5436015624999999 0.3780249999999999 0.5450640625 0.38149843749999995 0.5481703125 0.38424062499999995 0.5523734375 0.3868 0.5562109375000001 0.38936093749999995 0.5596843749999999 0.390640625 0.57083125 0.38808125 0.5752171875 0.38625156250000003 0.5779578124999999 0.38204687499999995 0.5808828125 0.37875625 0.5816125000000001 0.37510000000000004 0.5821609375 0.36742187499999984 0.5814296875 0.3613875 0.5810656249999999 0.3542578125 0.5810656249999999 0.3506015625 0.5838062500000001 0.3480421875 0.59148125 0.3478593749999999 0.5951359375 0.3480421875 0.5965984374999999 0.3469453124999999 0.5967812499999999 0.3451171875 0.5947703125000001 0.34365312499999995 0.5827093750000001 0.3434703125000001 0.5768625 0.34731093749999997 0.577409375 0.3573656249999999 0.578140625 0.36870156249999997 0.5779578124999999 0.374003125 0.5706484374999999 0.38149843749999995 0.5609625 0.38424062499999995
1 0.7809031249999999 0.4578828125 0.778925 0.4629218749999999 0.776228125 0.46472031249999995 0.77406875 0.4681390624999999 0.7701125 0.4699390625 0.76291875 0.47047812499999997 0.7586031249999999 0.4693984375 0.7560843749999999 0.467959375 0.7526671875 0.4656203125 0.750509375 0.46094218749999993 0.7503296875 0.45734375 0.7506890625000001 0.45374531249999994 0.7510484374999999 0.4506859375 0.752128125 0.44582812499999996 0.7533875 0.4427703125 0.7566249999999999 0.43773124999999996 0.75734375 0.435753125 0.7568046875 0.43287343749999996 0.7548265624999999 0.43125468749999996 0.75086875 0.42909531249999994 0.7467328125 0.4265765625 0.7427765625 0.42549687499999994 0.7393593749999999 0.42405781249999996 0.7372015625 0.42549687499999994 0.738459375 0.4278359375 0.7411578124999999 0.42945468749999993 0.7478125 0.43359375 0.7496109375000001 0.4346734374999999 0.74943125 0.4364718749999999 0.7481718749999999 0.44007031249999995 0.7472718749999999 0.44528906249999994 0.7467328125 0.44942656249999996 0.7454734375000001 0.45176562499999995 0.7463734375 0.46202187499999997 0.7483515625 0.4681390624999999 0.7533875 0.47245781249999996 0.7591421875000001 0.47389687499999994 0.7677750000000001 0.4731765625 0.7747890625000001 0.47209687499999997 0.7810828125 0.46867968749999994 0.7841406249999999 0.46238124999999997 0.7866578125000001 0.45662343749999995 0.7918734375 0.454284375 0.7954703125 0.45500468749999995 0.8003265625 0.456984375 0.8039234375 0.45914218749999997 0.8087796875000001 0.46148125 0.81153125 0.4597453125 0.8050031249999999 0.4544640625 0.801765625 0.45302499999999996 0.7970890625 0.451046875 0.7918734375 0.450146875 0.7875578124999999 0.44978749999999995 0.7832421875000001 0.45302499999999996 0.7809031249999999 0.4578828125
4 0.9076921874999999 0.8286953125 0.9543625 0.8289296875 0.9542625 0.7810078125 0.9071453125 0.7804609375 0.9076921874999999 0.8286953125
4 0.475415625 0.822665625 0.521984375 0.8237625000000001 0.5225328124999999 0.7777203125000001 0.47596249999999996 0.7777203125000001 0.475415625 0.822665625
4 0.7356578125 0.6993375 0.7367546875 0.652746875 0.6912796875 0.6516515624999999 0.6912796875 0.6982421875 0.7356578125 0.6993375
4 0.8545484375 0.5420265625 0.9022140625 0.5414781249999999 0.9027625 0.4948875 0.855096875 0.49653125 0.8545484375 0.5420265625
4 0.47815468749999995 0.5327078125 0.523996875 0.534003125 0.524725 0.49104999999999993 0.47760624999999995 0.4915984375 0.47815468749999995 0.5327078125
4 0.6907328125 0.43004375 0.7367546875 0.4294953125 0.7373015625 0.38400156250000006 0.6912796875 0.3845499999999999 0.6907328125 0.43004375
4 0.911528125 0.29465781249999995 0.9597421875000001 0.294109375 0.9608375 0.24916249999999995 0.913171875 0.2480671874999999 0.911528125 0.29465781249999995
4 0.023317187499999937 0.30042187499999995 0.06898124999999995 0.29975937499999994 0.06964374999999998 0.2560609374999999 0.023317187499999937 0.25672343749999993 0.023317187499999937 0.30042187499999995
4 0.2523015625 0.35868593749999994 0.2509781249999999 0.3130015625 0.2072984374999999 0.3136625 0.20928437499999997 0.35802343749999993 0.2523015625 0.35868593749999994
4 0.2476687499999999 0.5381140624999999 0.2906859375 0.5387765625 0.292009375 0.4950781249999999 0.2470062499999999 0.49573906249999994 0.2476687499999999 0.5381140624999999
4 0.028612499999999947 0.5403875 0.07427656249999996 0.5403875 0.07295312500000006 0.4953640624999999 0.02927343749999996 0.49602656249999993 0.028612499999999947 0.5403875
4 0.03920156249999996 0.8297234375 0.08354218749999995 0.831709375 0.08354218749999995 0.7840390625 0.03920156249999996 0.7840390625 0.03920156249999996 0.8297234375