4 0.091125 0.82895 0.09215156249999999 0.7827515625000001 0.0459734375 0.7827515625000001 0.045956250000000004 0.8291515625000001 0.091125 0.82895
4 0.5221156250000001 0.8248421874999999 0.5221156250000001 0.7786453125 0.47696406250000006 0.7786453125 0.47702187500000004 0.8273125 0.5221156250000001 0.8248421874999999
4 0.9602906250000002 0.8299765625 0.9602906250000002 0.7899375 0.9161656250000001 0.7899375 0.9151390625 0.8299765625 0.9602906250000002 0.8299765625
4 0.9726046875000001 0.498375 0.9254015625 0.49734843749999996 0.9243750000000001 0.5445734375 0.9705875 0.5414671874999999 0.9726046875000001 0.498375
4 0.7530046874999999 0.5404671875 0.7530046874999999 0.4952953125 0.707853125 0.4932421875 0.7068015625 0.5387109375 0.7530046874999999 0.5404671875
4 0.7899468749999999 0.35875468750000006 0.7909734375 0.31563593749999996 0.7458218750000001 0.31768906249999995 0.7447953125 0.35772812499999995 0.7899468749999999 0.35875468750000006
4 0.091125 0.82895 0.09215156249999999 0.7827515625000001 0.0459734375 0.7827515625000001 0.045956250000000004 0.8291515625000001 0.091125 0.82895
4 0.5221156250000001 0.8248421874999999 0.5221156250000001 0.7786453125 0.47696406250000006 0.7786453125 0.47702187500000004 0.8273125 0.5221156250000001 0.8248421874999999
4 0.9602906250000002 0.8299765625 0.9602906250000002 0.7899375 0.9161656250000001 0.7899375 0.9151390625 0.8299765625 0.9602906250000002 0.8299765625
4 0.9726046875000001 0.498375 0.9254015625 0.49734843749999996 0.9243750000000001 0.5445734375 0.9705875 0.5414671874999999 0.9726046875000001 0.498375
4 0.7530046874999999 0.5404671875 0.7530046874999999 0.4952953125 0.707853125 0.4932421875 0.7068015625 0.5387109375 0.7530046874999999 0.5404671875
4 0.091125 0.82895 0.09215156249999999 0.7827515625000001 0.0459734375 0.7827515625000001 0.045956250000000004 0.8291515625000001 0.091125 0.82895
4 0.5221156250000001 0.8248421874999999 0.5221156250000001 0.7786453125 0.47696406250000006 0.7786453125 0.47702187500000004 0.8273125 0.5221156250000001 0.8248421874999999
4 0.9602906250000002 0.8299765625 0.9602906250000002 0.7899375 0.9161656250000001 0.7899375 0.9151390625 0.8299765625 0.9602906250000002 0.8299765625
4 0.9726046875000001 0.498375 0.9254015625 0.49734843749999996 0.9243750000000001 0.5445734375 0.9705875 0.5414671874999999 0.9726046875000001 0.498375
4 0.7530046874999999 0.5404671875 0.7530046874999999 0.4952953125 0.707853125 0.4932421875 0.7068015625 0.5387109375 0.7530046874999999 0.5404671875
4 0.7899468749999999 0.35875468750000006 0.7909734375 0.31563593749999996 0.7458218750000001 0.31768906249999995 0.7447953125 0.35772812499999995 0.7899468749999999 0.35875468750000006
4 0.091125 0.82895 0.09215156249999999 0.7827515625000001 0.0459734375 0.7827515625000001 0.045956250000000004 0.8291515625000001 0.091125 0.82895
4 0.5221156250000001 0.8248421874999999 0.5221156250000001 0.7786453125 0.47696406250000006 0.7786453125 0.47702187500000004 0.8273125 0.5221156250000001 0.8248421874999999
4 0.9602906250000002 0.8299765625 0.9602906250000002 0.7899375 0.9161656250000001 0.7899375 0.9151390625 0.8299765625 0.9602906250000002 0.8299765625
4 0.9726046875000001 0.498375 0.9254015625 0.49734843749999996 0.9243750000000001 0.5445734375 0.9705875 0.5414671874999999 0.9726046875000001 0.498375
4 0.7530046874999999 0.5404671875 0.7530046874999999 0.4952953125 0.707853125 0.4932421875 0.7068015625 0.5387109375 0.7530046874999999 0.5404671875
4 0.5223421875 0.5363609375 0.520290625 0.488109375 0.4751390625 0.49118906249999994 0.4751390625 0.539440625 0.5223421875 0.5363609375
4 0.307871875 0.7006218750000001 0.307871875 0.653396875 0.26374687500000005 0.653396875 0.26477343750000004 0.7006218750000001 0.307871875 0.7006218750000001
4 0.1447109375 0.543546875 0.1447109375 0.498375 0.09750781250000001 0.49940156249999995 0.096934375 0.54330625 0.1447109375 0.543546875
4 0.3088984375 0.43061875 0.3088984375 0.3864734375 0.26066875 0.3864734375 0.26145625 0.43117343750000003 0.3088984375 0.43061875
4 0.08827187500000001 0.29612968749999996 0.08929843750000001 0.24582499999999996 0.0379890625 0.24787812499999998 0.0381109375 0.29790156249999994 0.08827187500000001 0.29612968749999996
4 0.9748828125000001 0.3022906250000001 0.975909375 0.25609218749999996 0.9307578125 0.2581453125 0.9297312500000001 0.30331718749999986 0.9748828125000001 0.3022906250000001