4 0.90768125 0.17292343749999997 0.90768125 0.21749218750000002 0.9534796875 0.217075 0.9533859375 0.1730625 0.90768125 0.17292343749999997
4 0.9125609374999999 0.706246875 0.9141874999999999 0.7521984375 0.960525 0.75341875 0.9593046875 0.7046203125 0.9125609374999999 0.706246875
4 0.8560609375 0.458296875 0.8556546875000001 0.5034359375 0.9028062499999999 0.5046546875 0.9031578125 0.45917187500000006 0.8560609375 0.458296875
4 0.737371875 0.5701265624999999 0.691034375 0.5701265624999999 0.691034375 0.616078125 0.737778125 0.6156718749999999 0.737371875 0.5701265624999999
4 0.691034375 0.301153125 0.6902203124999999 0.3475109375 0.7353390625 0.3475109375 0.7356875 0.3008015625 0.691034375 0.301153125
4 0.47736562499999996 0.177690625 0.47736562499999996 0.22101874999999999 0.522840625 0.22101874999999999 0.5217578125 0.17444062500000002 0.47736562499999996 0.177690625
4 0.04102499999999988 0.1701078125 0.039942187499999976 0.21451875 0.08216874999999983 0.21560312499999998 0.08433437500000004 0.167940625 0.04102499999999988 0.1701078125
4 0.03019843749999988 0.45932500000000004 0.02803281249999993 0.5069875 0.0735062499999999 0.505903125 0.07483125000000007 0.458490625 0.03019843749999988 0.45932500000000004
4 0.024784374999999942 0.695465625 0.0237015624999999 0.7442109375000001 0.0670109374999998 0.7442109375000001 0.06804218750000002 0.6970562499999999 0.024784374999999942 0.695465625
4 0.2088484374999999 0.6423890625 0.207765625 0.6857171875 0.2521578124999999 0.6857171875 0.2521578124999999 0.6423890625 0.2088484374999999 0.6423890625
4 0.2478265624999999 0.46365781250000004 0.2478265624999999 0.505903125 0.29113593749999994 0.5069875 0.2920609375 0.4623703125 0.2478265624999999 0.46365781250000004
3 0.7330828125000001 0.20474218749999998 0.7258765625 0.20674375 0.7250765625 0.2119515625 0.7102640625 0.223165625 0.7555015625 0.2840421875 0.7739171874999999 0.27322812500000004 0.7811218750000001 0.2720265625 0.783525 0.26682031250000005 0.7999375 0.25600625 0.7466937499999999 0.1927265625 0.7330828125000001 0.20474218749999998
3 0.4840765625 0.45352500000000007 0.478871875 0.45632812500000003 0.47687031249999995 0.46153593750000005 0.4608578125 0.470746875 0.5008906249999999 0.5364296875 0.5209078125 0.5256171875 0.5277124999999999 0.5240140625 0.530915625 0.519609375 0.546928125 0.5083953125 0.5020921875 0.44351250000000003 0.4840765625 0.45352500000000007
3 0.5173718749999999 0.68090625 0.5164125 0.6837859375 0.5167953125 0.6862796875 0.5215921875 0.71123125 0.6023609375 0.696453125 0.5983312500000001 0.6741890625000001 0.5994828124999999 0.67035 0.5969703125 0.6674703125 0.5173718749999999 0.68090625
3 0.14392031250000006 0.7289859375 0.11074218749999998 0.6575875000000001 0.0900828125 0.6667734375000001 0.0838234375 0.6674000000000001 0.0813187499999999 0.6705312499999999 0.062329687499999856 0.6799265625000002 0.09571718750000002 0.7525765625 0.11199375000000002 0.7440171875 0.1172109374999999 0.74526875 0.14350312499999993 0.73065625 0.14392031250000006 0.7289859375
3 0.2475843749999999 0.36850937500000003 0.23328437499999996 0.37797031250000007 0.2669578124999999 0.4481140625000001 0.28494687499999993 0.43911562499999995 0.28932812500000005 0.4395765625 0.2918656249999999 0.439346875 0.29463281249999995 0.436346875 0.2950953124999999 0.433115625 0.25819374999999994 0.36356875 0.2475843749999999 0.36850937500000003
5 0.7824074074074074 0.7361111111111112 0.7939814814814815 0.7361111111111112 0.7986111111111112 0.7384259259259259 0.7939814814814815 0.7361111111111112 0.7777777777777778 0.7384259259259259 0.7754629629629629 0.7407407407407407 0.7754629629629629 0.75 0.7754629629629629 0.7407407407407407 0.7800925925925926 0.7384259259259259
5 0.9004629629629629 0.2708333333333333 0.9050925925925926 0.2708333333333333 0.9097222222222222 0.27546296296296297 0.9027777777777778 0.2708333333333333 0.9004629629629629 0.27314814814814814 0.8912037037037037 0.27314814814814814 0.8981481481481481 0.27314814814814814
5 0.3402777777777778 0.375 0.3449074074074074 0.3726851851851852 0.3587962962962963 0.3726851851851852 0.36574074074074076 0.3819444444444444 0.36342592592592593 0.3912037037037037 0.36574074074074076 0.38425925925925924 0.36342592592592593 0.3819444444444444 0.36342592592592593 0.3773148148148148 0.3587962962962963 0.3726851851851852 0.3449074074074074 0.3726851851851852 0.3402777777777778 0.37962962962962965 0.3402777777777778 0.3773148148148148
5 0.07407407407407407 0.4513888888888889 0.07175925925925926 0.44907407407407407 0.07175925925925926 0.4375 0.0763888888888889 0.43287037037037035 0.09027777777777778 0.43287037037037035 0.09259259259259259 0.4351851851851852 0.08796296296296297 0.43287037037037035 0.0763888888888889 0.43287037037037035 0.07175925925925926 0.4375 0.07175925925925926 0.44907407407407407
5 0.125 0.3101851851851852 0.03009259259259259 0.02546296296296296
0 0.5 0.30324074074074076 0.5023148148148148 0.30324074074074076 0.5023148148148148 0.3055555555555556 0.4930555555555556 0.32175925925925924 0.48842592592592593 0.3194444444444444 0.49074074074074076 0.3194444444444444 0.5 0.3101851851851852 0.4976851851851852 0.3055555555555556 0.4930555555555556 0.30787037037037035 0.4976851851851852 0.3055555555555556
0 0.5995370370370371 0.3726851851851852 0.5972222222222222 0.36574074074074076 0.6041666666666666 0.375 0.6041666666666666 0.37962962962962965 0.6064814814814815 0.3819444444444444 0.6111111111111112 0.37962962962962965 0.6041666666666666 0.3819444444444444 0.6041666666666666 0.375 0.6018518518518519 0.3726851851851852
0 0.5902777777777778 0.5254629629629629 0.5949074074074074 0.5185185185185185 0.5995370370370371 0.5185185185185185 0.5949074074074074 0.5185185185185185 0.5902777777777778 0.5277777777777778
0 0.28935185185185186 0.6319444444444444 0.28935185185185186 0.6342592592592593 0.29398148148148145 0.6365740740740741 0.28935185185185186 0.6435185185185185 0.2824074074074074 0.6435185185185185 0.28935185185185186 0.6342592592592593
0 0.8402777777777778 0.5 0.8472222222222222 0.5 0.8495370370370371 0.5046296296296297 0.8495370370370371 0.5069444444444444 0.8356481481481481 0.5185185185185185 0.8356481481481481 0.5162037037037037 0.8402777777777778 0.5138888888888888 0.8379629629629629 0.5092592592592593 0.8356481481481481 0.5115740740740741 0.8379629629629629 0.5092592592592593 0.8425925925925926 0.5115740740740741 0.8495370370370371 0.5046296296296297 0.8449074074074074 0.5 0.8425925925925926 0.5 0.8402777777777778 0.5046296296296297 0.8402777777777778 0.5023148148148148
0 0.2779499999999999 0.7749421875000001 0.2776015625 0.7742437500000001 0.2735890625 0.7705781250000001 0.2723687499999998 0.76953125 0.27149531250000003 0.7681359375000001 0.2688796875 0.7665640625000001 0.2664374999999999 0.7644703125000001 0.26556406250000003 0.7627250000000001 0.2657390624999999 0.7611546875 0.26626249999999996 0.7601078125 0.265390625 0.76063125 0.2671343749999999 0.7576640625000001 0.2688796875 0.7553953125 0.2697515625 0.7543484375 0.2723687499999998 0.7517296875 0.27446093749999995 0.7492859375 0.2765546874999999 0.74684375 0.2798687499999999 0.7437015625000001 0.281090625 0.7409093750000001 0.2812656249999999 0.7356734375000001 0.280915625 0.733928125 0.2805671874999999 0.7325328125 0.28004375000000004 0.7306125 0.2788234374999999 0.7288671875 0.2783 0.7265984375000001 0.27742656250000003 0.7252015625 0.27620625 0.72380625 0.27446093749999995 0.722409375 0.2737640625 0.7210140625000001 0.27149531250000003 0.7199656250000002 0.26922812499999993 0.71891875 0.2664374999999999 0.7175234375 0.2629484374999999 0.7171734375000001 0.25963281250000003 0.716825 0.25492343749999996 0.7173484375000001 0.25091093750000004 0.7185703124999999 0.2484687499999999 0.7199656250000002 0.24550312499999996 0.7220609375000001 0.24410781249999994 0.722759375 0.24288593749999995 0.7243296875 0.24044374999999996 0.726075 0.23573437499999997 0.72851875 0.23451249999999996 0.726946875 0.23294218750000006 0.7252015625 0.23224531249999997 0.7241546875 0.23084999999999997 0.7232828125 0.2291046874999999 0.7217109375 0.22892968749999987 0.7211875 0.2264875 0.7204890625 0.22666250000000002 0.7196171875 0.22491718749999998 0.71926875 0.2242203124999999 0.7182203125000001 0.22369687499999996 0.71874375 0.22264999999999985 0.717696875 0.22195156249999992 0.7185703124999999 0.221603125 0.720315625 0.2229984374999999 0.72345625 0.22579062499999994 0.7259000000000001 0.22718593749999996 0.7286921875 0.23015156250000002 0.7316593750000001 0.23224531249999997 0.7325328125 0.23503593750000001 0.7330562500000001 0.23782656249999992 0.7328812499999999 0.2400953124999999 0.7314843750000001 0.24428124999999998 0.72851875 0.2472468749999999 0.7252015625 0.24951562500000002 0.7232828125 0.2526546875 0.7208390625 0.25509687499999995 0.7204890625 0.25876093749999995 0.7204890625 0.26347187499999997 0.7215375 0.26730937499999996 0.72380625 0.27009999999999984 0.726946875 0.2735890625 0.7304375000000001 0.27585781249999997 0.733928125 0.27672968750000004 0.7381171875 0.2753343749999999 0.74213125 0.27446093749999995 0.743178125 0.27324062499999996 0.7461453125 0.270971875 0.7489375 0.2678328125 0.7533000000000001 0.26469218749999995 0.7559187500000001 0.26155156249999983 0.7583624999999999 0.26015625 0.7632484374999999 0.26172656249999987 0.7672625000000001 0.2657390624999999 0.7717999999999999 0.2697515625 0.7749421875000001 0.2730656249999999 0.7779093750000001 0.27734375 0.77841875 0.2779499999999999 0.7749421875000001
1 0.2779499999999999 0.7749421875000001 0.2776015625 0.7742437500000001 0.2735890625 0.7705781250000001 0.2723687499999998 0.76953125 0.27149531250000003 0.7681359375000001 0.2688796875 0.7665640625000001 0.2664374999999999 0.7644703125000001 0.26556406250000003 0.7627250000000001 0.2657390624999999 0.7611546875 0.26626249999999996 0.7601078125 0.265390625 0.76063125 0.2671343749999999 0.7576640625000001 0.2688796875 0.7553953125 0.2697515625 0.7543484375 0.2723687499999998 0.7517296875 0.27446093749999995 0.7492859375 0.2765546874999999 0.74684375 0.2798687499999999 0.7437015625000001 0.281090625 0.7409093750000001 0.2812656249999999 0.7356734375000001 0.280915625 0.733928125 0.2805671874999999 0.7325328125 0.28004375000000004 0.7306125 0.2788234374999999 0.7288671875 0.2783 0.7265984375000001 0.27742656250000003 0.7252015625 0.27620625 0.72380625 0.27446093749999995 0.722409375 0.2737640625 0.7210140625000001 0.27149531250000003 0.7199656250000002 0.26922812499999993 0.71891875 0.2664374999999999 0.7175234375 0.2629484374999999 0.7171734375000001 0.25963281250000003 0.716825 0.25492343749999996 0.7173484375000001 0.25091093750000004 0.7185703124999999 0.2484687499999999 0.7199656250000002 0.24550312499999996 0.7220609375000001 0.24410781249999994 0.722759375 0.24288593749999995 0.7243296875 0.24044374999999996 0.726075 0.23573437499999997 0.72851875 0.23451249999999996 0.726946875 0.23294218750000006 0.7252015625 0.23224531249999997 0.7241546875 0.23084999999999997 0.7232828125 0.2291046874999999 0.7217109375 0.22892968749999987 0.7211875 0.2264875 0.7204890625 0.22666250000000002 0.7196171875 0.22491718749999998 0.71926875 0.2242203124999999 0.7182203125000001 0.22369687499999996 0.71874375 0.22264999999999985 0.717696875 0.22195156249999992 0.7185703124999999 0.221603125 0.720315625 0.2229984374999999 0.72345625 0.22579062499999994 0.7259000000000001 0.22718593749999996 0.7286921875 0.23015156250000002 0.7316593750000001 0.23224531249999997 0.7325328125 0.23503593750000001 0.7330562500000001 0.23782656249999992 0.7328812499999999 0.2400953124999999 0.7314843750000001 0.24428124999999998 0.72851875 0.2472468749999999 0.7252015625 0.24951562500000002 0.7232828125 0.2526546875 0.7208390625 0.25509687499999995 0.7204890625 0.25876093749999995 0.7204890625 0.26347187499999997 0.7215375 0.26730937499999996 0.72380625 0.27009999999999984 0.726946875 0.2735890625 0.7304375000000001 0.27585781249999997 0.733928125 0.27672968750000004 0.7381171875 0.2753343749999999 0.74213125 0.27446093749999995 0.743178125 0.27324062499999996 0.7461453125 0.270971875 0.7489375 0.2678328125 0.7533000000000001 0.26469218749999995 0.7559187500000001 0.26155156249999983 0.7583624999999999 0.26015625 0.7632484374999999 0.26172656249999987 0.7672625000000001 0.2657390624999999 0.7717999999999999 0.2697515625 0.7749421875000001 0.2730656249999999 0.7779093750000001 0.27734375 0.77841875 0.2779499999999999 0.7749421875000001
1 0.6012390625 0.19623437500000002 0.5970718749999998 0.19755 0.5944390624999999 0.198428125 0.5920265625 0.198428125 0.5909296875 0.19711250000000002 0.588078125 0.19513750000000002 0.5836921875 0.1949171875 0.5819375 0.19535625 0.5766734375 0.19733125 0.5722875 0.19908593749999998 0.5672421875 0.2010609375 0.56088125 0.20610781250000001 0.5586875 0.2080828125 0.5586875 0.210496875 0.5586875 0.21356874999999997 0.5569328125 0.214665625 0.5527656249999999 0.21642187499999999 0.54640625 0.2188359375 0.5418 0.22146875 0.538509375 0.22475937499999998 0.5371937499999999 0.2289296875 0.5369734374999999 0.23353750000000004 0.5400453125 0.23858437500000004 0.5448703125 0.24363125000000002 0.550134375 0.2434125 0.5545203124999999 0.24077812500000004 0.5602234375 0.2370484375 0.5639515624999999 0.23573125000000003 0.5670234375 0.23353750000000004 0.56811875 0.23068437500000002 0.5716281249999999 0.22673437500000002 0.5777703125 0.22212656249999999 0.5819375 0.219275 0.585665625 0.2170796875 0.592246875 0.21620156250000003 0.5968515625 0.21554375 0.5983875 0.21554375 0.599265625 0.21795781250000001 0.6012390625 0.220371875 0.6071609375 0.2177390625 0.611109375 0.215325 0.6152765625 0.2131296875 0.6174703125 0.21159375 0.6181281249999999 0.2047921875 0.6168109374999999 0.20237812500000002 0.6141796874999998 0.1977703125 0.6117671874999999 0.19579531249999998 0.6073796874999999 0.19513750000000002 0.6012390625 0.19623437500000002
1 0.39572343749999994 0.44611562500000007 0.39418749999999997 0.444140625 0.3908984374999999 0.4412875 0.38651093749999993 0.440190625 0.38256249999999986 0.44041093750000004 0.3781765625 0.44260468750000004 0.37576406249999994 0.4450187500000001 0.375325 0.4491875 0.37488593749999993 0.4535765625 0.3759828125 0.45796406250000005 0.376640625 0.4625734375 0.3751062499999999 0.46520625 0.37335156249999996 0.46915625 0.3722546874999999 0.4737640625 0.3729124999999999 0.47771406250000004 0.3729124999999999 0.482321875 0.37313124999999986 0.49022031250000003 0.3744484374999999 0.49526875000000004 0.3772999999999999 0.4998765625 0.37795781249999993 0.5031671875 0.379053125 0.5068984375000001 0.37993124999999994 0.51348125 0.3808078124999999 0.5183078125 0.38475624999999997 0.5226968750000001 0.3889234375 0.5264265625000001 0.3955046875 0.52774375 0.40010937499999993 0.523575 0.40296093749999995 0.519625 0.4025218749999999 0.5163328125000001 0.40230312499999993 0.510846875 0.402084375 0.5064593749999999 0.4025218749999999 0.498559375 0.40032968750000003 0.4935125 0.397696875 0.488465625 0.39616249999999986 0.4832 0.39572343749999994 0.480346875 0.39594218750000004 0.47551875000000005 0.3965999999999999 0.47113125000000006 0.397696875 0.46323125000000004 0.3970390625 0.45840312499999997 0.397478125 0.45204062500000003 0.39572343749999994 0.44611562500000007
1 0.873775 0.6263437500000001 0.871178125 0.6298859375 0.869525 0.6374453125 0.8674015625 0.6452406250000001 0.8652765625 0.648075 0.8589015625 0.6457125 0.852290625 0.6457125 0.8463875000000001 0.6464203125 0.8404859375 0.6471296875 0.8362359374999999 0.6506734375 0.8336390625 0.6535078125 0.8315140624999999 0.65705 0.8282078125 0.6627187499999999 0.8275 0.6674437499999999 0.8270281250000001 0.6752375 0.833403125 0.6830328125000001 0.840721875 0.6861031250000001 0.8466234374999999 0.6872843750000001 0.852290625 0.688465625 0.8572484375 0.6913000000000001 0.8584296875 0.69248125 0.860553125 0.6950796875 0.8610265625000001 0.6979140625 0.860790625 0.700275 0.8593734375 0.7028734375000001 0.8584296875 0.7064171875 0.8577203124999999 0.7101968750000002 0.8591375 0.7135031249999999 0.8619703125 0.71185 0.8652765625 0.7047640625 0.8669281249999999 0.7005125 0.8674015625 0.6948421875 0.8674015625 0.6915359375000001 0.8619703125 0.6861031250000001 0.853234375 0.68563125 0.8473328125 0.6839781250000001 0.8430828125 0.6818515625000001 0.839540625 0.6792531250000001 0.8362359374999999 0.6761828125000001 0.836 0.6709859375 0.8362359374999999 0.6688609375000001 0.8362359374999999 0.6648453124999999 0.838125 0.661065625 0.842375 0.6561046875000001 0.8463875000000001 0.6530343750000001 0.8494578125 0.6520906250000001 0.858665625 0.65138125 0.8640953125 0.65138125 0.8714140625 0.6520906250000001 0.878025 0.65138125 0.880621875 0.644059375 0.8825109375000001 0.6386265625 0.8820390625 0.6331937500000001 0.88133125 0.6291781249999999 0.8799140625 0.6277609375 0.873775 0.6263437500000001
1 0.4035546875 0.1942328125 0.40184062499999995 0.1965921875 0.398196875 0.20216562500000002 0.39562499999999995 0.2058109375 0.39326718749999995 0.2085984375 0.39155312499999995 0.2075265625 0.38962499999999994 0.20495312499999999 0.38598125 0.2004515625 0.3840531249999999 0.19895000000000002 0.38040937499999994 0.19745000000000001 0.37912343749999994 0.19594843750000002 0.37397968749999994 0.191875 0.3679796875 0.18973125 0.3643359375 0.18973125 0.35790625 0.1914453125 0.35340625 0.1942328125 0.3506203124999999 0.19594843750000002 0.3482624999999999 0.19916406250000002 0.34633437499999997 0.20280937500000001 0.34547656250000003 0.207096875 0.34504843749999997 0.21202812499999998 0.349334375 0.2233921875 0.3536203124999999 0.23154062500000003 0.35597812500000003 0.2349703125 0.3587640624999999 0.23754375000000003 0.35662031250000004 0.2409734375 0.354478125 0.24333281250000002 0.3510484375 0.2471921875 0.3506203124999999 0.2510515625 0.35190625000000003 0.25319531250000005 0.354478125 0.252765625 0.357478125 0.2510515625 0.3604781249999999 0.24526250000000005 0.3639078125 0.2422609375 0.3643359375 0.24183125000000003 0.36583593749999993 0.2388296875 0.36605 0.2377578125 0.364978125 0.23196875 0.36155 0.229825 0.3594062499999999 0.22768125 0.35662031250000004 0.22467812499999998 0.35340625 0.2178171875 0.353834375 0.212671875 0.3536203124999999 0.20495312499999999 0.356834375 0.19895000000000002 0.36133593750000004 0.19552031250000002 0.36412187499999993 0.19401875000000002 0.36755000000000004 0.19359062500000002 0.37505156249999994 0.1965921875 0.38383749999999994 0.206240625 0.38619531249999994 0.20774062500000004 0.3883390625 0.21095625000000004 0.39326718749999995 0.213315625 0.39669687499999995 0.2131015625 0.39969687499999995 0.21352968749999998 0.39969687499999995 0.21224375 0.4035546875 0.20774062500000004 0.40655468749999996 0.203453125 0.40784062499999996 0.2002359375 0.4076265624999999 0.19401875000000002 0.40494375 0.1921609375 0.4035546875 0.1942328125
2 0.2175925925925926 0.22685185185185186 0.25 0.24305555555555555 0.2199074074074074 0.22916666666666666
2 0.14814814814814814 0.5254629629629629 0.15046296296296297 0.5254629629629629 0.1574074074074074 0.5370370370370371 0.16898148148148148 0.5462962962962963 0.1736111111111111 0.5555555555555556 0.16666666666666666 0.5439814814814815 0.16203703703703703 0.5416666666666666 0.15046296296296297 0.5277777777777778
2 0.4027777777777778 0.6134259259259259 0.4097222222222222 0.6157407407407407 0.4097222222222222 0.6180555555555556 0.41435185185185186 0.6203703703703703 0.41898148148148145 0.6296296296296297 0.42592592592592593 0.6365740740740741 0.4236111111111111 0.6435185185185185 0.42824074074074076 0.6481481481481481 0.41898148148148145 0.6388888888888888 0.4166666666666667 0.6388888888888888 0.4166666666666667 0.6365740740740741 0.4027777777777778 0.6226851851851852 0.4097222222222222 0.6273148148148148 0.4097222222222222 0.6296296296296297 0.41435185185185186 0.6319444444444444 0.4212962962962963 0.6412037037037037 0.42592592592592593 0.6388888888888888 0.4166666666666667 0.625 0.4050925925925926 0.6134259259259259
2 0.6990740740740741 0.6458333333333334 0.7083333333333334 0.6458333333333334 0.7175925925925926 0.6527777777777778 0.7222222222222222 0.6481481481481481 0.7152777777777778 0.6527777777777778 0.7129629629629629 0.6481481481481481 0.7013888888888888 0.6458333333333334
2 0.7314814814814815 0.4050925925925926 0.7384259259259259 0.4050925925925926 0.7407407407407407 0.4074074074074074 0.7638888888888888 0.4074074074074074 0.7662037037037037 0.4050925925925926 0.7708333333333334 0.4050925925925926 0.7708333333333334 0.4074074074074074 0.7685185185185185 0.4050925925925926 0.7662037037037037 0.4074074074074074 0.7384259259259259 0.4074074074074074 0.7361111111111112 0.4097222222222222 0.7384259259259259 0.41203703703703703 0.7615740740740741 0.41203703703703703 0.7222222222222222 0.4097222222222222 0.7361111111111112 0.4097222222222222 0.7384259259259259 0.4074074074074074 0.7337962962962963 0.4050925925925926