4 0.90768125 0.8270765625000001 0.9533859375 0.8269374999999999 0.9534796875 0.7829250000000001 0.90768125 0.7825078124999999 0.90768125 0.8270765625000001
4 0.9125609374999999 0.29375312499999995 0.9593046875 0.29537968749999993 0.960525 0.24658125 0.9141874999999999 0.2478015625 0.9125609374999999 0.29375312499999995
4 0.8560609375 0.541703125 0.9031578125 0.540828125 0.9028062499999999 0.49534531249999997 0.8556546875000001 0.49656406249999996 0.8560609375 0.541703125
4 0.737371875 0.4298734375 0.737778125 0.3843281250000001 0.691034375 0.38392187499999997 0.691034375 0.4298734375 0.737371875 0.4298734375
4 0.691034375 0.698846875 0.7356875 0.6991984375 0.7353390625 0.6524890624999999 0.6902203124999999 0.6524890624999999 0.691034375 0.698846875
4 0.47736562499999996 0.8223093750000001 0.5217578125 0.8255593750000001 0.522840625 0.7789812500000001 0.47736562499999996 0.7789812500000001 0.47736562499999996 0.8223093750000001
4 0.04102499999999988 0.8298921874999999 0.08433437500000004 0.832059375 0.08216874999999983 0.7843968750000001 0.039942187499999976 0.78548125 0.04102499999999988 0.8298921874999999
4 0.03019843749999988 0.540675 0.07483125000000007 0.541509375 0.0735062499999999 0.494096875 0.02803281249999993 0.49301249999999996 0.03019843749999988 0.540675
4 0.024784374999999942 0.304534375 0.06804218750000002 0.30294375000000007 0.0670109374999998 0.2557890624999999 0.0237015624999999 0.2557890624999999 0.024784374999999942 0.304534375
4 0.2088484374999999 0.3576109374999999 0.2521578124999999 0.3576109374999999 0.2521578124999999 0.3142828125 0.207765625 0.3142828125 0.2088484374999999 0.3576109374999999
4 0.2478265624999999 0.5363421875 0.2920609375 0.5376296875 0.29113593749999994 0.49301249999999996 0.2478265624999999 0.494096875 0.2478265624999999 0.5363421875
4 0.47890937499999997 0.5343078124999999 0.5238968749999999 0.535034375 0.5240609374999999 0.48708281249999996 0.4799359374999999 0.488109375 0.47890937499999997 0.5343078124999999
1 0.5972222222222222 0.6018518518518519 0.6018518518518519 0.5995370370370371 0.6180555555555556 0.5995370370370371 0.6226851851851852 0.6041666666666666 0.6157407407407407 0.5995370370370371 0.6041666666666666 0.5995370370370371 0.5995370370370371 0.6018518518518519
1 0.3726851851851852 0.5300925925925926 0.3773148148148148 0.5277777777777778 0.38657407407407407 0.5324074074074074 0.38657407407407407 0.5347222222222222 0.4027777777777778 0.5509259259259259 0.4050925925925926 0.5509259259259259 0.4074074074074074 0.5555555555555556 0.4166666666666667 0.5601851851851852 0.41203703703703703 0.5601851851851852 0.41203703703703703 0.5578703703703703 0.39814814814814814 0.5486111111111112 0.39814814814814814 0.5462962962962963 0.39351851851851855 0.5439814814814815 0.39351851851851855 0.5416666666666666 0.3819444444444444 0.5300925925925926 0.375 0.5277777777777778
2 0.5470765625 0.5143421874999999 0.54585625 0.5121046874999999 0.543825 0.51068125 0.5415890625 0.50925625 0.539353125 0.5102734375 0.539353125 0.513121875 0.5375234375 0.5143421874999999 0.5328499999999999 0.5208499999999999 0.5269546875 0.52715625 0.5200453125 0.53610625 0.49098125 0.5735328125 0.4844781249999999 0.5812609375 0.4826484374999999 0.5851265625000001 0.48203906249999995 0.58919375 0.48589999999999994 0.5885843749999999 0.48874531250000003 0.5853296874999999 0.495859375 0.5771937500000001 0.5080546874999999 0.563971875 0.5259390625 0.540784375 0.5342718750000001 0.5297999999999999 0.539759375 0.524309375 0.5417921875 0.5214609375 0.5424015624999999 0.519834375 0.5466703125 0.5194265625 0.5478890625 0.518409375 0.5480921875 0.516171875 0.5470765625 0.5143421874999999
2 0.47497031249999994 0.6664734375 0.4566874999999999 0.6670515625 0.4452312499999999 0.6671671875 0.44002499999999994 0.6672843749999999 0.4364374999999999 0.6674 0.43308125000000003 0.6665890625 0.4306515625 0.6670515625 0.4283375 0.6674 0.4275265625 0.6697156249999999 0.4278749999999999 0.6723796875 0.42856874999999994 0.674 0.4311140625 0.6741156249999999 0.43296562499999997 0.6730734374999999 0.4349328125 0.6723796875 0.43828906249999994 0.6718000000000001 0.4452312499999999 0.67156875 0.45506718749999997 0.6713374999999999 0.485384375 0.6700625 0.5043624999999999 0.6697156249999999 0.52033125 0.6691359375 0.5255375 0.669253125 0.5290093749999999 0.6665890625 0.525190625 0.6650828124999999 0.520678125 0.665546875 0.5038999999999999 0.666125 0.493253125 0.666125 0.47497031249999994 0.6664734375