4 0.90768125 0.17292343749999997 0.90768125 0.21749218750000002 0.9534796875 0.217075 0.9533859375 0.1730625 0.90768125 0.17292343749999997
4 0.9125609374999999 0.706246875 0.9141874999999999 0.7521984375 0.960525 0.75341875 0.9593046875 0.7046203125 0.9125609374999999 0.706246875
4 0.8560609375 0.458296875 0.8556546875000001 0.5034359375 0.9028062499999999 0.5046546875 0.9031578125 0.45917187500000006 0.8560609375 0.458296875
4 0.737371875 0.5701265624999999 0.691034375 0.5701265624999999 0.691034375 0.616078125 0.737778125 0.6156718749999999 0.737371875 0.5701265624999999
4 0.691034375 0.301153125 0.6902203124999999 0.3475109375 0.7353390625 0.3475109375 0.7356875 0.3008015625 0.691034375 0.301153125
4 0.47736562499999996 0.177690625 0.47736562499999996 0.22101874999999999 0.522840625 0.22101874999999999 0.5217578125 0.17444062500000002 0.47736562499999996 0.177690625
4 0.04102499999999988 0.1701078125 0.039942187499999976 0.21451875 0.08216874999999983 0.21560312499999998 0.08433437500000004 0.167940625 0.04102499999999988 0.1701078125
4 0.03019843749999988 0.45932500000000004 0.02803281249999993 0.5069875 0.0735062499999999 0.505903125 0.07483125000000007 0.458490625 0.03019843749999988 0.45932500000000004
4 0.024784374999999942 0.695465625 0.0237015624999999 0.7442109375000001 0.0670109374999998 0.7442109375000001 0.06804218750000002 0.6970562499999999 0.024784374999999942 0.695465625
4 0.2088484374999999 0.6423890625 0.207765625 0.6857171875 0.2521578124999999 0.6857171875 0.2521578124999999 0.6423890625 0.2088484374999999 0.6423890625
4 0.2478265624999999 0.46365781250000004 0.2478265624999999 0.505903125 0.29113593749999994 0.5069875 0.2920609375 0.4623703125 0.2478265624999999 0.46365781250000004
4 0.47890937499999997 0.4656921875000001 0.4799359374999999 0.511890625 0.5240609374999999 0.5129171875 0.5238968749999999 0.464965625 0.47890937499999997 0.4656921875000001
5 0.08333333333333333 0.6342592592592593 0.08796296296296297 0.6365740740740741 0.08796296296296297 0.6527777777777778 0.08333333333333333 0.6550925925925926 0.07175925925925926 0.6550925925925926 0.06712962962962964 0.6504629629629629 0.06712962962962964 0.6412037037037037 0.07407407407407407 0.6342592592592593 0.08101851851851852 0.6342592592592593
5 0.08796296296296297 0.5740740740740741 0.02546296296296296 0.023148148148148147
5 0.19444444444444445 0.5787037037037037 0.19444444444444445 0.5810185185185185 0.19907407407407407 0.5833333333333334 0.19907407407407407 0.5949074074074074 0.19675925925925927 0.5949074074074074 0.19444444444444445 0.5995370370370371 0.18055555555555555 0.5995370370370371 0.17592592592592593 0.5949074074074074 0.17592592592592593 0.5833333333333334 0.18055555555555555 0.5787037037037037 0.19212962962962962 0.5787037037037037
5 0.14583333333333334 0.4791666666666667 0.14814814814814814 0.4837962962962963 0.14814814814814814 0.4930555555555556 0.14351851851851852 0.4976851851851852 0.12962962962962962 0.4976851851851852 0.12731481481481483 0.4930555555555556 0.12731481481481483 0.4861111111111111 0.13425925925925927 0.47685185185185186 0.1412037037037037 0.47685185185185186 0.14351851851851852 0.4791666666666667
5 0.2662037037037037 0.3912037037037037 0.2662037037037037 0.4027777777777778 0.2638888888888889 0.4074074074074074 0.25925925925925924 0.4097222222222222 0.24537037037037038 0.4074074074074074 0.24305555555555555 0.4027777777777778 0.24305555555555555 0.39351851851851855 0.2523148148148148 0.38657407407407407 0.25925925925925924 0.38657407407407407 0.2638888888888889 0.3912037037037037
5 0.1574074074074074 0.38657407407407407 0.16435185185185186 0.3958333333333333 0.16435185185185186 0.4027777777777778 0.1550925925925926 0.4097222222222222 0.14814814814814814 0.4097222222222222 0.1388888888888889 0.4027777777777778 0.1412037037037037 0.3912037037037037 0.14814814814814814 0.38657407407407407 0.1550925925925926 0.38657407407407407
5 0.06944444444444445 0.3819444444444444 0.0763888888888889 0.3888888888888889 0.0787037037037037 0.3958333333333333 0.07407407407407407 0.4027777777777778 0.06944444444444445 0.4027777777777778 0.06712962962962964 0.4050925925925926 0.0625 0.4050925925925926 0.05555555555555555 0.40046296296296297 0.05555555555555555 0.38657407407407407 0.06018518518518518 0.3819444444444444 0.06712962962962964 0.3819444444444444
5 0.1412037037037037 0.28935185185185186 0.14583333333333334 0.29398148148148145 0.14583333333333334 0.2986111111111111 0.14814814814814814 0.30092592592592593 0.14351851851851852 0.3101851851851852 0.12962962962962962 0.3101851851851852 0.125 0.30092592592592593 0.12731481481481483 0.29398148148148145 0.13194444444444445 0.28935185185185186 0.1388888888888889 0.28935185185185186
5 0.2337962962962963 0.30092592592592593 0.23842592592592593 0.3101851851851852 0.2361111111111111 0.3125 0.2361111111111111 0.31712962962962965 0.23148148148148148 0.32175925925925924 0.2222222222222222 0.32175925925925924 0.2152777777777778 0.3148148148148148 0.2152777777777778 0.3055555555555556 0.2222222222222222 0.2986111111111111 0.22916666666666666 0.2986111111111111 0.23148148148148148 0.30092592592592593
5 0.30787037037037035 0.30092592592592593 0.3101851851851852 0.30324074074074076 0.3148148148148148 0.30324074074074076 0.3148148148148148 0.3055555555555556 0.3194444444444444 0.30787037037037035 0.3194444444444444 0.3194444444444444 0.3148148148148148 0.3263888888888889 0.30092592592592593 0.3263888888888889 0.30092592592592593 0.32407407407407407 0.2962962962962963 0.32175925925925924 0.2962962962962963 0.30787037037037035 0.30092592592592593 0.30324074074074076 0.3055555555555556 0.30324074074074076
5 0.16666666666666666 0.22453703703703703 0.1736111111111111 0.22916666666666666 0.1736111111111111 0.24305555555555555 0.16898148148148148 0.24768518518518517 0.1574074074074074 0.24768518518518517 0.1574074074074074 0.24537037037037038 0.1527777777777778 0.24305555555555555 0.1527777777777778 0.23148148148148148 0.1550925925925926 0.22685185185185186 0.16435185185185186 0.22453703703703703
5 0.27546296296296297 0.2152777777777778 0.2800925925925926 0.2175925925925926 0.2800925925925926 0.2337962962962963 0.27546296296296297 0.2361111111111111 0.26851851851851855 0.2361111111111111 0.25925925925925924 0.22916666666666666 0.26157407407407407 0.2175925925925926 0.27314814814814814 0.2152777777777778