4 0.90768125 0.17292343749999997 0.90768125 0.21749218750000002 0.9534796875 0.217075 0.9533859375 0.1730625 0.90768125 0.17292343749999997
4 0.9125609374999999 0.706246875 0.9141874999999999 0.7521984375 0.960525 0.75341875 0.9593046875 0.7046203125 0.9125609374999999 0.706246875
4 0.8560609375 0.458296875 0.8556546875000001 0.5034359375 0.9028062499999999 0.5046546875 0.9031578125 0.45917187500000006 0.8560609375 0.458296875
4 0.737371875 0.5701265624999999 0.691034375 0.5701265624999999 0.691034375 0.616078125 0.737778125 0.6156718749999999 0.737371875 0.5701265624999999
4 0.691034375 0.301153125 0.6902203124999999 0.3475109375 0.7353390625 0.3475109375 0.7356875 0.3008015625 0.691034375 0.301153125
4 0.47736562499999996 0.177690625 0.47736562499999996 0.22101874999999999 0.522840625 0.22101874999999999 0.5217578125 0.17444062500000002 0.47736562499999996 0.177690625
4 0.04102499999999988 0.1701078125 0.039942187499999976 0.21451875 0.08216874999999983 0.21560312499999998 0.08433437500000004 0.167940625 0.04102499999999988 0.1701078125
4 0.03019843749999988 0.45932500000000004 0.02803281249999993 0.5069875 0.0735062499999999 0.505903125 0.07483125000000007 0.458490625 0.03019843749999988 0.45932500000000004
4 0.024784374999999942 0.695465625 0.0237015624999999 0.7442109375000001 0.0670109374999998 0.7442109375000001 0.06804218750000002 0.6970562499999999 0.024784374999999942 0.695465625
4 0.2088484374999999 0.6423890625 0.207765625 0.6857171875 0.2521578124999999 0.6857171875 0.2521578124999999 0.6423890625 0.2088484374999999 0.6423890625
4 0.2478265624999999 0.46365781250000004 0.2478265624999999 0.505903125 0.29113593749999994 0.5069875 0.2920609375 0.4623703125 0.2478265624999999 0.46365781250000004
4 0.47890937499999997 0.4656921875000001 0.4799359374999999 0.511890625 0.5240609374999999 0.5129171875 0.5238968749999999 0.464965625 0.47890937499999997 0.4656921875000001
5 0.5208333333333334 0.3333333333333333 0.5254629629629629 0.3402777777777778 0.5254629629629629 0.3449074074074074 0.5208333333333334 0.3541666666666667 0.5092592592592593 0.3541666666666667 0.5046296296296297 0.34953703703703703 0.5046296296296297 0.33796296296296297 0.5115740740740741 0.3333333333333333 0.5185185185185185 0.3333333333333333
5 0.44675925925925924 0.3425925925925926 0.4583333333333333 0.33796296296296297 0.4583333333333333 0.3402777777777778 0.4675925925925926 0.3472222222222222 0.4652777777777778 0.3587962962962963 0.45601851851851855 0.36342592592592593 0.44675925925925924 0.3587962962962963 0.44675925925925924 0.3449074074074074
5 0.42824074074074076 0.3333333333333333 0.42824074074074076 0.33564814814814814 0.43287037037037035 0.33796296296296297 0.43287037037037035 0.3472222222222222 0.42592592592592593 0.3541666666666667 0.4166666666666667 0.3541666666666667 0.4097222222222222 0.3449074074074074 0.41435185185185186 0.3333333333333333 0.42592592592592593 0.3333333333333333
5 0.4583333333333333 0.3680555555555556 0.46296296296296297 0.37037037037037035 0.46296296296296297 0.38657407407407407 0.4537037037037037 0.3912037037037037 0.4444444444444444 0.3888888888888889 0.44212962962962965 0.38425925925925924 0.44212962962962965 0.3726851851851852 0.44907407407407407 0.3680555555555556 0.45601851851851855 0.3680555555555556
5 0.4537037037037037 0.4166666666666667 0.4583333333333333 0.4212962962962963 0.4583333333333333 0.4351851851851852 0.4513888888888889 0.4398148148148148 0.4444444444444444 0.4398148148148148 0.4375 0.4351851851851852 0.4375 0.4212962962962963 0.4444444444444444 0.4166666666666667 0.4513888888888889 0.4166666666666667
5 0.4097222222222222 0.4097222222222222 0.02546296296296296 0.02546296296296296
5 0.3912037037037037 0.35648148148148145 0.3912037037037037 0.3680555555555556 0.38657407407407407 0.3726851851851852 0.375 0.3726851851851852 0.37037037037037035 0.37037037037037035 0.3680555555555556 0.3680555555555556 0.3680555555555556 0.35648148148148145 0.375 0.35185185185185186 0.38657407407407407 0.35185185185185186 0.3888888888888889 0.35648148148148145
5 0.3055555555555556 0.30092592592592593 0.3148148148148148 0.30787037037037035 0.3148148148148148 0.3125 0.3101851851851852 0.32175925925925924 0.2962962962962963 0.32175925925925924 0.2916666666666667 0.31712962962962965 0.2916666666666667 0.3055555555555556 0.2962962962962963 0.30092592592592593 0.30324074074074076 0.30092592592592593
5 0.28935185185185186 0.3611111111111111 0.29398148148148145 0.36342592592592593 0.2962962962962963 0.3680555555555556 0.2962962962962963 0.3773148148148148 0.28935185185185186 0.38425925925925924 0.2777777777777778 0.3819444444444444 0.27314814814814814 0.375 0.27314814814814814 0.3680555555555556 0.2800925925925926 0.3611111111111111 0.28703703703703703 0.3611111111111111
5 0.3333333333333333 0.40046296296296297 0.33796296296296297 0.4074074074074074 0.33796296296296297 0.4166666666666667 0.3333333333333333 0.4212962962962963 0.3194444444444444 0.4212962962962963 0.3148148148148148 0.41435185185185186 0.31712962962962965 0.4027777777777778 0.3263888888888889 0.39814814814814814 0.33101851851851855 0.40046296296296297
5 0.3611111111111111 0.4236111111111111 0.36574074074074076 0.43287037037037035 0.3587962962962963 0.4444444444444444 0.3472222222222222 0.4444444444444444 0.3425925925925926 0.4375 0.3425925925925926 0.42824074074074076 0.3472222222222222 0.4236111111111111 0.3587962962962963 0.4236111111111111
5 0.37962962962962965 0.4398148148148148 0.38657407407407407 0.44675925925925924 0.38657407407407407 0.45601851851851855 0.3819444444444444 0.46064814814814814 0.3680555555555556 0.46064814814814814 0.36342592592592593 0.45601851851851855 0.36342592592592593 0.44675925925925924 0.3680555555555556 0.44212962962962965 0.3773148148148148 0.4398148148148148