4 0.09231875 0.8270765625000001 0.09231875 0.7825078124999999 0.0465203125 0.7829250000000001 0.0466140625 0.8269374999999999 0.09231875 0.8270765625000001
4 0.08743906250000001 0.29375312499999995 0.08581250000000001 0.2478015625 0.039475 0.24658125 0.04069531250000001 0.29537968749999993 0.08743906250000001 0.29375312499999995
4 0.1439390625 0.541703125 0.14434531250000002 0.49656406249999996 0.09719375000000001 0.49534531249999997 0.0968421875 0.540828125 0.1439390625 0.541703125
4 0.26262812500000005 0.4298734375 0.308965625 0.4298734375 0.308965625 0.38392187499999997 0.26222187500000005 0.3843281250000001 0.26262812500000005 0.4298734375
4 0.30911562500000006 0.6975 0.30911562500000006 0.6921796874999999 0.2638046875 0.6632687500000001 0.2642671875 0.69819375 0.30911562500000006 0.6975
4 0.522634375 0.8223093750000001 0.522634375 0.7789812500000001 0.47715937500000005 0.7789812500000001 0.4782421875 0.8255593750000001 0.522634375 0.8223093750000001
4 0.9589750000000001 0.8298921874999999 0.9600578125 0.78548125 0.9245156250000002 0.786446875 0.9391484375 0.7991203124999999 0.924296875 0.8229375 0.9175343750000001 0.8190421875 0.9175343750000001 0.82975 0.9589750000000001 0.8298921874999999
4 0.9698015625000002 0.540675 0.9719671875000001 0.49301249999999996 0.9264937500000001 0.494096875 0.92516875 0.541509375 0.9698015625000002 0.540675
4 0.975215625 0.304534375 0.9762984375000001 0.2557890624999999 0.9329890625000002 0.2557890624999999 0.9319578125 0.30294375000000007 0.975215625 0.304534375
4 0.79026875 0.3587890625 0.7904625000000001 0.3529624999999999 0.7694921875 0.3139171874999999 0.7478421875000001 0.3142828125 0.7478421875000001 0.3576109374999999 0.79026875 0.3587890625
4 0.7521734375000001 0.5363421875 0.7521734375000001 0.494096875 0.7088640625000001 0.49301249999999996 0.7079390625 0.5376296875 0.7521734375000001 0.5363421875
4 0.521090625 0.5343078124999999 0.5200640625 0.488109375 0.47593906250000007 0.48708281249999996 0.47610312500000007 0.535034375 0.521090625 0.5343078124999999
3 0.3232171875 0.70004375 0.332234375 0.681309375 0.3380140625 0.678303125 0.3368578125 0.6748328125 0.33708906250000004 0.6709015625 0.34841718750000006 0.65633125 0.28137343750000005 0.613775 0.27050781250000006 0.6304265625 0.267503125 0.6325078125 0.26634687500000004 0.632971875 0.266115625 0.636903125 0.25455625 0.6565624999999999 0.3232171875 0.70004375
3 0.4537037037037037 0.6111111111111112 0.46064814814814814 0.6064814814814815 0.4722222222222222 0.6157407407407407 0.4583333333333333 0.6064814814814815 0.4513888888888889 0.6180555555555556 0.44212962962962965 0.625 0.42824074074074076 0.6435185185185185 0.4537037037037037 0.6134259259259259
3 0.7638888888888888 0.28703703703703703 0.7592592592592593 0.29398148148148145 0.7638888888888888 0.2986111111111111 0.7685185185185185 0.30787037037037035 0.7685185185185185 0.3125 0.7662037037037037 0.30324074074074076 0.7592592592592593 0.29398148148148145 0.7615740740740741 0.28935185185185186
3 0.9225593750000001 0.8218828125000001 0.9243062500000001 0.8216640625000001 0.926271875 0.8194796875 0.9269265625 0.8155468749999999 0.9393765625000001 0.7985015625 0.8762546875 0.7484625 0.8609640625000002 0.7670359374999999 0.85878125 0.7674734375000001 0.8581250000000001 0.7720625 0.9225593750000001 0.8218828125000001
3 0.19483593749999997 0.2823765625 0.255490625 0.22798593749999993 0.23255937499999998 0.20485937500000004 0.1707953125 0.26110156249999994 0.1866984375 0.27682656249999993 0.1852203125 0.2797875 0.187253125 0.28348749999999995 0.18854843750000003 0.28348749999999995 0.19483593749999997 0.2823765625
5 0.17824074074074073 0.6296296296296297 0.18055555555555555 0.6296296296296297 0.18518518518518517 0.6388888888888888 0.18518518518518517 0.6435185185185185 0.17592592592592593 0.6504629629629629 0.16898148148148148 0.6504629629629629 0.16898148148148148 0.6481481481481481 0.1712962962962963 0.6504629629629629 0.17592592592592593 0.6504629629629629 0.18287037037037038 0.6458333333333334 0.18518518518518517 0.6388888888888888 0.18055555555555555 0.6319444444444444
5 0.3726851851851852 0.32407407407407407 0.375 0.32175925925925924 0.38425925925925924 0.32175925925925924 0.39351851851851855 0.33101851851851855 0.38425925925925924 0.32175925925925924 0.375 0.32175925925925924
5 0.5856481481481481 0.6342592592592593 0.5949074074074074 0.6342592592592593 0.6041666666666666 0.6388888888888888 0.6041666666666666 0.6412037037037037 0.5949074074074074 0.6342592592592593 0.5879629629629629 0.6342592592592593 0.5787037037037037 0.6412037037037037 0.5833333333333334 0.6365740740740741
5 0.6828703703703703 0.5625 0.6851851851851852 0.5625 0.6805555555555556 0.5671296296296297 0.6805555555555556 0.5787037037037037 0.6875 0.5856481481481481 0.6990740740740741 0.5879629629629629 0.7060185185185185 0.5810185185185185 0.7013888888888888 0.5879629629629629 0.6944444444444444 0.5879629629629629 0.6828703703703703 0.5833333333333334 0.6805555555555556 0.5787037037037037 0.6805555555555556 0.5671296296296297 0.6828703703703703 0.5648148148148148
5 0.8680555555555556 0.6782407407407407 0.8726851851851852 0.6759259259259259 0.8657407407407407 0.6851851851851852 0.8657407407407407 0.6921296296296297 0.875 0.6990740740740741 0.8796296296296297 0.6967592592592593 0.8726851851851852 0.6990740740740741 0.8657407407407407 0.6921296296296297 0.8657407407407407 0.6828703703703703 0.8680555555555556 0.6805555555555556
2 0.8634259259259259 0.6967592592592593 0.016203703703703703 0.09953703703703703
2 0.8958333333333334 0.6365740740740741 0.8912037037037037 0.6273148148148148 0.8842592592592593 0.6203703703703703 0.8796296296296297 0.6087962962962963 0.8842592592592593 0.6087962962962963 0.9097222222222222 0.6388888888888888 0.9120370370370371 0.6435185185185185 0.9097222222222222 0.6388888888888888 0.9004629629629629 0.6319444444444444 0.8958333333333334 0.6203703703703703 0.8888888888888888 0.6157407407407407 0.8842592592592593 0.6087962962962963 0.8796296296296297 0.6111111111111112 0.8842592592592593 0.6203703703703703 0.9027777777777778 0.6412037037037037 0.9120370370370371 0.6550925925925926 0.9050925925925926 0.6481481481481481 0.8981481481481481 0.6365740740740741
2 0.2824074074074074 0.2986111111111111 0.27314814814814814 0.3125 0.26851851851851855 0.32407407407407407 0.26157407407407407 0.3287037037037037 0.2708333333333333 0.3194444444444444 0.2800925925925926 0.30092592592592593
2 0.5787037037037037 0.37037037037037035 0.6157407407407407 0.4074074074074074 0.6180555555555556 0.4074074074074074 0.6226851851851852 0.41435185185185186 0.6203703703703703 0.41435185185185186 0.6203703703703703 0.41203703703703703 0.6111111111111112 0.4050925925925926 0.6111111111111112 0.4027777777777778 0.5949074074074074 0.38657407407407407 0.5925925925925926 0.38657407407407407 0.5925925925925926 0.38425925925925924 0.5879629629629629 0.3819444444444444 0.5810185185185185 0.3726851851851852 0.5787037037037037 0.3726851851851852
2 0.23148148148148148 0.5347222222222222 0.25 0.5555555555555556 0.25462962962962965 0.5648148148148148 0.2638888888888889 0.5717592592592593 0.2662037037037037 0.5787037037037037 0.2708333333333333 0.5833333333333334 0.26851851851851855 0.5833333333333334 0.2662037037037037 0.5763888888888888 0.2569444444444444 0.5694444444444444 0.25 0.5601851851851852 0.25 0.5555555555555556 0.24074074074074073 0.5486111111111112 0.23842592592592593 0.5416666666666666 0.2337962962962963 0.5370370370370371
1 0.9030187500000001 0.44242499999999996 0.9140890625000002 0.4433671874999999 0.9216265625000001 0.44737343749999997 0.925865625 0.4530296875 0.9268078125000001 0.4582124999999999 0.931046875 0.4636328125 0.937171875 0.467875 0.9425890625 0.470465625 0.9470640625000001 0.470465625 0.9548359375000002 0.466225 0.9581343750000001 0.4600984375 0.9553078125000001 0.4537359375 0.9510671875000001 0.44760937500000003 0.9470640625000001 0.44595937499999994 0.9442375000000001 0.4438390625 0.9470640625000001 0.44218906249999995 0.9444734375 0.436534375 0.9407046875000001 0.43370624999999996 0.9331671874999999 0.43064375000000005 0.9265718749999999 0.4266375 0.9195062500000001 0.42286718749999996 0.9091421875000001 0.4209812499999999 0.9034890625 0.41980312499999994 0.8990140625000002 0.4160328125 0.896659375 0.41391249999999996 0.8905359375 0.4134406249999999 0.8865312500000001 0.4141484375 0.8837046875000001 0.41744687499999994 0.8815843750000001 0.4212171875 0.88135 0.427815625 0.883234375 0.43252812499999993 0.8898281250000001 0.43794843749999995 0.8931265625000001 0.44006875 0.898071875 0.44171875 0.9030187500000001 0.44242499999999996
1 0.744809375 0.7541625000000001 0.7444078125 0.755371875 0.7432000000000001 0.7587953125 0.7429984374999999 0.7618171875 0.743803125 0.76383125 0.7458171875 0.7662484374999999 0.7482328125000001 0.7706796875 0.75165625 0.773096875 0.7546750000000001 0.7745078125 0.7661515625 0.776521875 0.7693734375 0.7773265625 0.771990625 0.7827656250000001 0.7734000000000001 0.7896140625 0.7742062500000001 0.7936437500000001 0.7734000000000001 0.7976718749999999 0.7734000000000001 0.7974703124999999 0.7729984375000001 0.7996859375 0.771990625 0.801296875 0.7669578125000001 0.80431875 0.7609171875000001 0.8053265625 0.747025 0.8014984374999999 0.7419906250000001 0.8019015625 0.7393734375000001 0.8053265625 0.736353125 0.8081453125000001 0.7365546875 0.8119734375 0.73575 0.8182171875 0.7377625000000001 0.8252671874999999 0.7383671875 0.8268796875 0.7399781250000002 0.8303031249999999 0.7413875 0.83413125 0.7423937500000001 0.835540625 0.744809375 0.83594375 0.74621875 0.8343312500000001 0.74621875 0.8303031249999999 0.7450109375000001 0.8274828125 0.7434000000000002 0.8254687499999999 0.740984375 0.8216421875000001 0.7405812500000001 0.8166062500000001 0.7411859375 0.812578125 0.7440046875 0.808346875 0.7492390624999999 0.809153125 0.755884375 0.8105625000000001 0.7641390625 0.812175 0.7681656250000001 0.8119734375 0.7717890625000001 0.810965625 0.7744078125 0.809153125 0.7760171875 0.80774375 0.7780312500000001 0.8051249999999999 0.7806484375000001 0.8017000000000001 0.7816546875000001 0.796865625 0.7814546875 0.7922328125 0.7798437500000001 0.7857875 0.777025 0.7799453125 0.773803125 0.7753125 0.7693734375 0.7718890625 0.7655484375000001 0.7706796875 0.7580984375 0.770075 0.7526625000000001 0.7686656249999999 0.7522593750000001 0.766046875 0.7526625000000001 0.7628234374999999 0.7534671875000001 0.759803125 0.7534671875000001 0.753759375 0.7504468750000001 0.7495296875 0.7476281250000001 0.751140625 0.744809375 0.7541625000000001
1 0.15819375000000002 0.7666421875 0.1628859375 0.7642953124999999 0.16757968750000002 0.7604546875000001 0.1735515625 0.7581078124999999 0.1780296875 0.7566140625000001 0.18208281250000002 0.7591749999999999 0.18528125 0.763228125 0.18954843750000003 0.7685625 0.19402656250000003 0.7721906249999999 0.1968 0.774325 0.20319843750000002 0.7734703125000001 0.20895781250000003 0.7700562500000001 0.2134359375 0.7666421875 0.219834375 0.763015625 0.22410000000000002 0.757253125 0.2253796875 0.7521328125000001 0.22452656250000003 0.7485046875 0.22132812500000001 0.7429578124999999 0.2185546875 0.73655625 0.21428906250000002 0.7316484375000001 0.2159953125 0.7271671875 0.2170625 0.72460625 0.22132812500000001 0.720765625 0.22410000000000002 0.719484375 0.22836562500000002 0.7167109375 0.2279390625 0.7137234375 0.224953125 0.7152171875000001 0.2211140625 0.7169249999999999 0.2168484375 0.720125 0.21365 0.722471875 0.20895781250000003 0.7265265624999999 0.206184375 0.7286609374999999 0.20490468750000002 0.7318609375 0.20554375000000003 0.737621875 0.2106640625 0.742103125 0.21556875000000003 0.7476515625 0.21492968750000005 0.75191875 0.21407656249999998 0.757253125 0.209384375 0.7617343750000001 0.20362500000000003 0.7655749999999999 0.2002125 0.7672828125000001 0.19658593750000003 0.7655749999999999 0.192534375 0.7615218749999999 0.18826875 0.7551203125 0.181015625 0.751065625 0.1746171875 0.7521328125000001 0.16736562500000002 0.7551203125 0.16267343750000002 0.7591749999999999 0.15776718750000002 0.763015625 0.1543578125 0.7682328125 0.15819375000000002 0.7666421875
1 0.17711875 0.3679125 0.1789375 0.37215781249999985 0.18712031250000002 0.37731250000000005 0.1968203125 0.377009375 0.20409375000000002 0.3754921875 0.20712500000000003 0.37276406250000005 0.21076250000000002 0.3682156250000001 0.211671875 0.36154374999999994 0.2183390625 0.3576015625 0.22409843750000003 0.3585124999999999 0.23046406250000004 0.36215 0.23349375000000003 0.367003125 0.23410000000000006 0.3703375000000001 0.23288906250000002 0.37943437500000005 0.22803906250000003 0.38792499999999996 0.22622031250000005 0.39550625 0.23167656250000002 0.4015703124999999 0.24107187500000002 0.40520937499999987 0.24865 0.4082421874999999 0.2538015625 0.4094546874999999 0.2553171875 0.4085453125 0.2553171875 0.403390625 0.2513765625 0.4000546875 0.24592187499999998 0.397628125 0.238040625 0.3930796875 0.24016250000000003 0.39004843749999984 0.24319375000000001 0.38580312499999997 0.24683125000000003 0.377615625 0.24622500000000003 0.367003125 0.241375 0.36033125 0.23410000000000006 0.353053125 0.22561406250000002 0.3518406249999999 0.21136875000000005 0.35547968750000003 0.203790625 0.36215 0.20106250000000003 0.3663953125 0.19500156250000003 0.371246875 0.18833281250000003 0.369125 0.18378593750000002 0.3676093749999999 0.1789375 0.368821875 0.17711875 0.3679125
1 0.6059859375000001 0.558353125 0.6084593749999999 0.5576781249999999 0.6109328125 0.555203125 0.6127328125 0.5522796875 0.61475625 0.5480046875 0.61475625 0.5444046875 0.6161046875000001 0.53900625 0.6210515625 0.53630625 0.6230765625000001 0.5302328125 0.6251 0.5259578125 0.6268984375000001 0.5214578125 0.6273484375 0.519434375 0.6280234375 0.515159375 0.6286984375000001 0.510209375 0.6282484375 0.5072859375 0.6282484375 0.5025609375 0.6289218750000001 0.4998609375 0.630946875 0.49581249999999993 0.6320703125 0.4917625 0.6318453125 0.48568906250000005 0.6302718750000001 0.4802890625 0.626 0.4766906249999999 0.6221765625000001 0.476015625 0.6161046875000001 0.475790625 0.6104828125 0.4820890625 0.608234375 0.48861406249999995 0.6080093750000001 0.4922125 0.6068859375000001 0.4949125 0.6044125 0.4998609375 0.6053109375 0.5048109375000001 0.6057609375 0.5070609374999999 0.6059859375000001 0.512009375 0.6050859375000001 0.515159375 0.6037375000000001 0.5225828125 0.6014890625 0.5259578125 0.5981156249999999 0.5277578125 0.5963171875 0.5295578125 0.5951921875000001 0.53383125 0.59294375 0.53990625 0.5913703124999999 0.5475546875 0.5920437500000001 0.554528125 0.5985859375000001 0.5586109375 0.6059859375000001 0.558353125
0 0.1550925925925926 0.4861111111111111 0.1597222222222222 0.4791666666666667 0.16203703703703703 0.4791666666666667 0.1574074074074074 0.4837962962962963 0.1597222222222222 0.48842592592592593 0.16203703703703703 0.4861111111111111 0.1574074074074074 0.4930555555555556 0.1574074074074074 0.4976851851851852 0.15046296296296297 0.4976851851851852 0.14814814814814814 0.49074074074074076 0.1527777777777778 0.48842592592592593
0 0.2962962962962963 0.5694444444444444 0.2962962962962963 0.5671296296296297 0.30324074074074076 0.5625 0.30324074074074076 0.5671296296296297 0.3101851851851852 0.5740740740740741 0.3101851851851852 0.5787037037037037 0.30787037037037035 0.5740740740740741 0.3055555555555556 0.5787037037037037 0.30324074074074076 0.5763888888888888 0.3055555555555556 0.5763888888888888 0.30787037037037035 0.5717592592592593 0.3055555555555556 0.5694444444444444 0.30092592592592593 0.5717592592592593 0.30324074074074076 0.5694444444444444 0.30092592592592593 0.5648148148148148 0.2962962962962963 0.5671296296296297
0 0.5763888888888888 0.7569444444444444 0.5763888888888888 0.7546296296296297 0.5787037037037037 0.7546296296296297 0.5856481481481481 0.7615740740740741 0.5856481481481481 0.7638888888888888 0.5833333333333334 0.7638888888888888 0.5833333333333334 0.7592592592592593 0.5787037037037037 0.7569444444444444 0.5694444444444444 0.7685185185185185 0.5717592592592593 0.7731481481481481 0.5787037037037037 0.7685185185185185 0.5787037037037037 0.7708333333333334 0.5694444444444444 0.7731481481481481 0.5694444444444444 0.7685185185185185 0.5763888888888888 0.7592592592592593
0 0.8356481481481481 0.43287037037037035 0.8333333333333334 0.4375 0.8356481481481481 0.4444444444444444 0.8287037037037037 0.4444444444444444 0.8263888888888888 0.44212962962962965 0.8310185185185185 0.4351851851851852 0.8310185185185185 0.4305555555555556 0.8356481481481481 0.42592592592592593 0.8356481481481481 0.42824074074074076 0.8310185185185185 0.4305555555555556 0.8310185185185185 0.4351851851851852 0.8333333333333334 0.4375 0.8356481481481481 0.4351851851851852
0 0.5208333333333334 0.4652777777777778 0.5277777777777778 0.46296296296296297 0.5208333333333334 0.4675925925925926 0.5254629629629629 0.47453703703703703 0.5277777777777778 0.4722222222222222 0.5277777777777778 0.4675925925925926 0.5254629629629629 0.47685185185185186 0.5254629629629629 0.47453703703703703 0.5185185185185185 0.4699074074074074 0.5208333333333334 0.4675925925925926