4 0.90768125 0.17292343749999997 0.90768125 0.21749218750000002 0.9534796875 0.217075 0.9533859375 0.1730625 0.90768125 0.17292343749999997
4 0.9125609374999999 0.706246875 0.9141874999999999 0.7521984375 0.960525 0.75341875 0.9593046875 0.7046203125 0.9125609374999999 0.706246875
4 0.8560609375 0.458296875 0.8556546875000001 0.5034359375 0.9028062499999999 0.5046546875 0.9031578125 0.45917187500000006 0.8560609375 0.458296875
4 0.737371875 0.5701265624999999 0.691034375 0.5701265624999999 0.691034375 0.616078125 0.737778125 0.6156718749999999 0.737371875 0.5701265624999999
4 0.691034375 0.301153125 0.6902203124999999 0.3475109375 0.7353390625 0.3475109375 0.7356875 0.3008015625 0.691034375 0.301153125
4 0.47736562499999996 0.177690625 0.47736562499999996 0.22101874999999999 0.522840625 0.22101874999999999 0.5217578125 0.17444062500000002 0.47736562499999996 0.177690625
4 0.04102499999999988 0.1701078125 0.039942187499999976 0.21451875 0.08216874999999983 0.21560312499999998 0.08433437500000004 0.167940625 0.04102499999999988 0.1701078125
4 0.03019843749999988 0.45932500000000004 0.02803281249999993 0.5069875 0.0735062499999999 0.505903125 0.07483125000000007 0.458490625 0.03019843749999988 0.45932500000000004
4 0.024784374999999942 0.695465625 0.0237015624999999 0.7442109375000001 0.0670109374999998 0.7442109375000001 0.06804218750000002 0.6970562499999999 0.024784374999999942 0.695465625
4 0.2088484374999999 0.6423890625 0.207765625 0.6857171875 0.2521578124999999 0.6857171875 0.2521578124999999 0.6423890625 0.2088484374999999 0.6423890625
4 0.2478265624999999 0.46365781250000004 0.2478265624999999 0.505903125 0.29113593749999994 0.5069875 0.2920609375 0.4623703125 0.2478265624999999 0.46365781250000004
4 0.47890937499999997 0.4656921875000001 0.4799359374999999 0.511890625 0.5240609374999999 0.5129171875 0.5238968749999999 0.464965625 0.47890937499999997 0.4656921875000001
1 0.6023546875 0.2978921875 0.5982078125 0.30287343749999995 0.5965484375000001 0.3128359375 0.6006968749999999 0.320721875 0.6060875 0.32570312500000004 0.614384375 0.3369109375 0.619775 0.34604375000000004 0.6210203124999999 0.353515625 0.6239234375 0.3643078125000001 0.6301453124999999 0.372609375 0.638025 0.37510000000000004 0.6442468750000001 0.3717796875 0.6463203125 0.36638437500000004 0.6463203125 0.361403125 0.6446624999999999 0.35309999999999997 0.6425875 0.3477046875 0.6400999999999999 0.3394015625000001 0.6355375 0.32943906250000005 0.6276562499999999 0.3144953125 0.6206046875 0.305778125 0.6124296874999999 0.2970984375 0.6023546875 0.2978921875
1 0.3949703124999999 0.36264843750000003 0.3812843749999999 0.35393125000000003 0.37423281249999996 0.34853437500000006 0.3688406249999999 0.34313750000000004 0.36220468749999996 0.3427234375 0.35224999999999995 0.3472890625 0.3514203124999999 0.3543453125 0.35224999999999995 0.360571875 0.3576421875 0.36596875 0.3667671875 0.3717796875 0.37920937499999996 0.37966718750000006 0.3933125 0.39087500000000003 0.4024375 0.39710156250000006 0.40948749999999995 0.40042187500000004 0.41446562499999995 0.40249687500000003 0.41736874999999996 0.4012515625 0.42193125 0.40000625000000006 0.424834375 0.39544062500000005 0.4256640625 0.39253437500000005 0.4256640625 0.38838437500000006 0.423590625 0.3842328125 0.4231749999999999 0.38298750000000004 0.41653906249999995 0.3788359375 0.4119265624999999 0.37494687500000007 0.3949703124999999 0.36264843750000003
5 0.43287037037037035 0.35185185185185186 0.4351851851851852 0.35185185185185186 0.4375 0.35648148148148145 0.4375 0.36574074074074076 0.4375 0.35648148148148145 0.4351851851851852 0.3541666666666667
5 0.5625 0.3055555555555556 0.5717592592592593 0.30324074074074076 0.5787037037037037 0.30787037037037035 0.5787037037037037 0.3101851851851852 0.5694444444444444 0.30324074074074076 0.5648148148148148 0.3055555555555556