4 0.09231875 0.21749218750000002 0.09231875 0.17292343749999997 0.0466140625 0.1730625 0.0465203125 0.217075 0.09231875 0.21749218750000002
4 0.08581250000000001 0.7521984375 0.08743906250000001 0.706246875 0.04069531250000001 0.7046203125 0.039475 0.75341875 0.08581250000000001 0.7521984375
4 0.14434531250000002 0.5034359375 0.1439390625 0.458296875 0.0968421875 0.45917187500000006 0.09719375000000001 0.5046546875 0.14434531250000002 0.5034359375
4 0.308965625 0.5701265624999999 0.26262812500000005 0.5701265624999999 0.26222187500000005 0.6156718749999999 0.308965625 0.616078125 0.308965625 0.5701265624999999
4 0.3097796875 0.3475109375 0.308965625 0.301153125 0.2643125 0.3008015625 0.2646609375 0.3475109375 0.3097796875 0.3475109375
4 0.522634375 0.22101874999999999 0.522634375 0.177690625 0.4782421875 0.17444062500000002 0.47715937500000005 0.22101874999999999 0.522634375 0.22101874999999999
4 0.9600578125 0.21451875 0.9589750000000001 0.1701078125 0.9156656249999999 0.167940625 0.9178312500000002 0.21560312499999998 0.9600578125 0.21451875
4 0.9719671875000001 0.5069875 0.9698015625000002 0.45932500000000004 0.92516875 0.458490625 0.9264937500000001 0.505903125 0.9719671875000001 0.5069875
4 0.9762984375000001 0.7442109375000001 0.975215625 0.695465625 0.9319578125 0.6970562499999999 0.9329890625000002 0.7442109375000001 0.9762984375000001 0.7442109375000001
4 0.792234375 0.6857171875 0.7911515625000001 0.6423890625 0.7478421875000001 0.6423890625 0.7478421875000001 0.6857171875 0.792234375 0.6857171875
4 0.7521734375000001 0.505903125 0.7521734375000001 0.46365781250000004 0.7079390625 0.4623703125 0.7088640625000001 0.5069875 0.7521734375000001 0.505903125
4 0.5200640625 0.511890625 0.521090625 0.4656921875000001 0.47610312500000007 0.464965625 0.47593906250000007 0.5129171875 0.5200640625 0.511890625
5 0.11342592592592593 0.7083333333333334 0.11805555555555555 0.7152777777777778 0.11805555555555555 0.7199074074074074 0.1111111111111111 0.7291666666666666 0.09722222222222222 0.7291666666666666 0.09259259259259259 0.7199074074074074 0.09259259259259259 0.7129629629629629 0.09722222222222222 0.7083333333333334 0.10185185185185185 0.7060185185185185 0.1087962962962963 0.7060185185185185 0.1111111111111111 0.7083333333333334
5 0.17824074074074073 0.4791666666666667 0.18287037037037038 0.47685185185185186 0.19444444444444445 0.47685185185185186 0.19907407407407407 0.48148148148148145 0.19907407407407407 0.4930555555555556 0.19675925925925927 0.4976851851851852 0.19212962962962962 0.5 0.17824074074074073 0.4976851851851852 0.17824074074074073 0.4930555555555556 0.17592592592592593 0.49074074074074076 0.17824074074074073 0.48148148148148145
5 0.10648148148148148 0.2222222222222222 0.12037037037037036 0.2222222222222222 0.125 0.22685185185185186 0.125 0.2361111111111111 0.12268518518518519 0.24074074074074073 0.12037037037037036 0.24305555555555555 0.1087962962962963 0.24305555555555555 0.10185185185185185 0.2361111111111111 0.10185185185185185 0.22685185185185186 0.10648148148148148 0.22453703703703703
5 0.33564814814814814 0.32407407407407407 0.3402777777777778 0.3287037037037037 0.3425925925925926 0.33796296296296297 0.3402777777777778 0.3425925925925926 0.3333333333333333 0.3472222222222222 0.3287037037037037 0.3472222222222222 0.3194444444444444 0.3425925925925926 0.3194444444444444 0.3287037037037037 0.3287037037037037 0.32175925925925924 0.3333333333333333 0.32407407407407407
5 0.5231481481481481 0.23148148148148148 0.5277777777777778 0.23842592592592593 0.5277777777777778 0.24537037037037038 0.5185185185185185 0.2523148148148148 0.5115740740740741 0.2523148148148148 0.5069444444444444 0.24768518518518517 0.5046296296296297 0.23842592592592593 0.5092592592592593 0.23148148148148148 0.5208333333333334 0.23148148148148148
5 0.5486111111111112 0.5 0.5555555555555556 0.5069444444444444 0.5555555555555556 0.5162037037037037 0.5509259259259259 0.5231481481481481 0.5393518518518519 0.5231481481481481 0.5347222222222222 0.5162037037037037 0.5347222222222222 0.5046296296296297 0.5393518518518519 0.5 0.5462962962962963 0.5
5 0.7407407407407407 0.6203703703703703 0.7546296296296297 0.6203703703703703 0.7592592592592593 0.625 0.7592592592592593 0.6388888888888888 0.7546296296296297 0.6412037037037037 0.7453703703703703 0.6412037037037037 0.7407407407407407 0.6388888888888888 0.7407407407407407 0.6342592592592593 0.7384259259259259 0.6319444444444444 0.7384259259259259 0.625 0.7407407407407407 0.6226851851851852
5 0.9421296296296297 0.6412037037037037 0.9490740740740741 0.6458333333333334 0.9513888888888888 0.6550925925925926 0.9490740740740741 0.6597222222222222 0.9398148148148148 0.6666666666666666 0.9282407407407407 0.6620370370370371 0.9282407407407407 0.6597222222222222 0.9236111111111112 0.6574074074074074 0.9236111111111112 0.6504629629629629 0.9328703703703703 0.6412037037037037 0.9398148148148148 0.6412037037037037
5 0.9375 0.4236111111111111 0.9467592592592593 0.42824074074074076 0.9490740740740741 0.43287037037037035 0.9490740740740741 0.4398148148148148 0.9444444444444444 0.44675925925925924 0.9328703703703703 0.44675925925925924 0.9259259259259259 0.44212962962962965 0.9259259259259259 0.4305555555555556 0.9351851851851852 0.4236111111111111
5 0.7268518518518519 0.43287037037037035 0.7384259259259259 0.4305555555555556 0.7476851851851852 0.4375 0.7476851851851852 0.44675925925925924 0.7384259259259259 0.4537037037037037 0.7314814814814815 0.4537037037037037 0.7268518518518519 0.4513888888888889 0.7222222222222222 0.44212962962962965 0.7268518518518519 0.4351851851851852
5 0.9027777777777778 0.18287037037037038 0.9050925925925926 0.1875 0.9027777777777778 0.2037037037037037 0.8912037037037037 0.2037037037037037 0.8865740740740741 0.2013888888888889 0.8865740740740741 0.18518518518518517 0.8958333333333334 0.18055555555555555 0.9004629629629629 0.18287037037037038
5 0.33564814814814814 0.6041666666666666 0.3449074074074074 0.6111111111111112 0.3449074074074074 0.6226851851851852 0.33564814814814814 0.6296296296296297 0.33101851851851855 0.6296296296296297 0.32407407407407407 0.625 0.32407407407407407 0.6203703703703703 0.32175925925925924 0.6180555555555556 0.32407407407407407 0.6064814814814815 0.3333333333333333 0.6041666666666666