4 0.908875 0.17105 0.9078484375 0.2172484375 0.9540265625000001 0.2172484375 0.9540437500000001 0.17084843749999998 0.908875 0.17105
4 0.477884375 0.1751578125 0.477884375 0.2213546875 0.5230359375 0.2213546875 0.522978125 0.1726875 0.477884375 0.1751578125
4 0.03970937499999986 0.1700234375 0.03970937499999986 0.2100625 0.08383437499999989 0.2100625 0.08486093749999997 0.1700234375 0.03970937499999986 0.1700234375
4 0.027395312499999953 0.501625 0.07459843749999996 0.5026515625 0.0756249999999999 0.4554265625 0.029412499999999925 0.45853281250000005 0.027395312499999953 0.501625
4 0.2469953125 0.45953281250000005 0.2469953125 0.5047046875000001 0.292146875 0.5067578125 0.29319843749999996 0.46128906250000007 0.2469953125 0.45953281250000005
4 0.210053125 0.6412453124999999 0.20902656249999993 0.6843640625 0.2541781249999999 0.6823109375 0.25520468749999997 0.642271875 0.210053125 0.6412453124999999
4 0.908875 0.17105 0.9078484375 0.2172484375 0.9540265625000001 0.2172484375 0.9540437500000001 0.17084843749999998 0.908875 0.17105
4 0.477884375 0.1751578125 0.477884375 0.2213546875 0.5230359375 0.2213546875 0.522978125 0.1726875 0.477884375 0.1751578125
4 0.03970937499999986 0.1700234375 0.03970937499999986 0.2100625 0.08383437499999989 0.2100625 0.08486093749999997 0.1700234375 0.03970937499999986 0.1700234375
4 0.027395312499999953 0.501625 0.07459843749999996 0.5026515625 0.0756249999999999 0.4554265625 0.029412499999999925 0.45853281250000005 0.027395312499999953 0.501625
4 0.2469953125 0.45953281250000005 0.2469953125 0.5047046875000001 0.292146875 0.5067578125 0.29319843749999996 0.46128906250000007 0.2469953125 0.45953281250000005
4 0.908875 0.17105 0.9078484375 0.2172484375 0.9540265625000001 0.2172484375 0.9540437500000001 0.17084843749999998 0.908875 0.17105
4 0.477884375 0.1751578125 0.477884375 0.2213546875 0.5230359375 0.2213546875 0.522978125 0.1726875 0.477884375 0.1751578125
4 0.03970937499999986 0.1700234375 0.03970937499999986 0.2100625 0.08383437499999989 0.2100625 0.08486093749999997 0.1700234375 0.03970937499999986 0.1700234375
4 0.027395312499999953 0.501625 0.07459843749999996 0.5026515625 0.0756249999999999 0.4554265625 0.029412499999999925 0.45853281250000005 0.027395312499999953 0.501625
4 0.2469953125 0.45953281250000005 0.2469953125 0.5047046875000001 0.292146875 0.5067578125 0.29319843749999996 0.46128906250000007 0.2469953125 0.45953281250000005
4 0.210053125 0.6412453124999999 0.20902656249999993 0.6843640625 0.2541781249999999 0.6823109375 0.25520468749999997 0.642271875 0.210053125 0.6412453124999999
4 0.908875 0.17105 0.9078484375 0.2172484375 0.9540265625000001 0.2172484375 0.9540437500000001 0.17084843749999998 0.908875 0.17105
4 0.477884375 0.1751578125 0.477884375 0.2213546875 0.5230359375 0.2213546875 0.522978125 0.1726875 0.477884375 0.1751578125
4 0.03970937499999986 0.1700234375 0.03970937499999986 0.2100625 0.08383437499999989 0.2100625 0.08486093749999997 0.1700234375 0.03970937499999986 0.1700234375
4 0.027395312499999953 0.501625 0.07459843749999996 0.5026515625 0.0756249999999999 0.4554265625 0.029412499999999925 0.45853281250000005 0.027395312499999953 0.501625
4 0.2469953125 0.45953281250000005 0.2469953125 0.5047046875000001 0.292146875 0.5067578125 0.29319843749999996 0.46128906250000007 0.2469953125 0.45953281250000005
4 0.4776578125 0.46363906250000003 0.47970937499999994 0.511890625 0.5248609375 0.5088109375000001 0.5248609375 0.46055937500000005 0.4776578125 0.46363906250000003
4 0.692128125 0.299378125 0.692128125 0.346603125 0.7362531250000001 0.346603125 0.7352265625 0.299378125 0.692128125 0.299378125
4 0.8552890624999999 0.45645312499999996 0.8552890624999999 0.501625 0.9024921874999999 0.5005984375 0.903065625 0.45669374999999995 0.8552890624999999 0.45645312499999996
4 0.6911015625 0.5693812500000001 0.6911015625 0.6135265625 0.73933125 0.6135265625 0.73854375 0.5688265625 0.6911015625 0.5693812500000001
4 0.911728125 0.7038703125 0.9107015625 0.754175 0.9620109375 0.752121875 0.9618890625 0.7020984375 0.911728125 0.7038703125
4 0.025117187499999954 0.697709375 0.024090625000000004 0.7439078125 0.06924218749999998 0.7418546874999999 0.07026874999999994 0.6966828125000001 0.025117187499999954 0.697709375