4 0.90768125 0.17292343749999997 0.90768125 0.21749218750000002 0.9534796875 0.217075 0.9533859375 0.1730625 0.90768125 0.17292343749999997
4 0.9125609374999999 0.706246875 0.9141874999999999 0.7521984375 0.960525 0.75341875 0.9593046875 0.7046203125 0.9125609374999999 0.706246875
4 0.8560609375 0.458296875 0.8556546875000001 0.5034359375 0.9028062499999999 0.5046546875 0.9031578125 0.45917187500000006 0.8560609375 0.458296875
4 0.737371875 0.5701265624999999 0.691034375 0.5701265624999999 0.691034375 0.616078125 0.737778125 0.6156718749999999 0.737371875 0.5701265624999999
4 0.691034375 0.301153125 0.6902203124999999 0.3475109375 0.7353390625 0.3475109375 0.7356875 0.3008015625 0.691034375 0.301153125
4 0.47736562499999996 0.177690625 0.47736562499999996 0.22101874999999999 0.522840625 0.22101874999999999 0.5217578125 0.17444062500000002 0.47736562499999996 0.177690625
4 0.04102499999999988 0.1701078125 0.039942187499999976 0.21451875 0.08216874999999983 0.21560312499999998 0.08433437500000004 0.167940625 0.04102499999999988 0.1701078125
4 0.03019843749999988 0.45932500000000004 0.02803281249999993 0.5069875 0.0735062499999999 0.505903125 0.07483125000000007 0.458490625 0.03019843749999988 0.45932500000000004
4 0.024784374999999942 0.695465625 0.0237015624999999 0.7442109375000001 0.0670109374999998 0.7442109375000001 0.06804218750000002 0.6970562499999999 0.024784374999999942 0.695465625
4 0.2088484374999999 0.6423890625 0.207765625 0.6857171875 0.2521578124999999 0.6857171875 0.2521578124999999 0.6423890625 0.2088484374999999 0.6423890625
4 0.2478265624999999 0.46365781250000004 0.2478265624999999 0.505903125 0.29113593749999994 0.5069875 0.2920609375 0.4623703125 0.2478265624999999 0.46365781250000004
4 0.504078125 0.4670390625 0.5029109374999999 0.4996890625 0.4784046874999999 0.499396875 0.4784046874999999 0.5122234375 0.5240609374999999 0.5129171875 0.5253749999999999 0.4670390625 0.504078125 0.4670390625
3 0.46064814814814814 0.44907407407407407 0.46296296296296297 0.4513888888888889 0.47685185185185186 0.4513888888888889 0.4791666666666667 0.44907407407407407 0.5 0.44907407407407407 0.5023148148148148 0.4513888888888889 0.5023148148148148 0.4699074074074074 0.5046296296296297 0.4722222222222222 0.5023148148148148 0.47685185185185186 0.5023148148148148 0.4861111111111111 0.5046296296296297 0.48842592592592593 0.5023148148148148 0.49074074074074076 0.5023148148148148 0.4976851851851852 0.5 0.5 0.48148148148148145 0.5 0.4791666666666667 0.5023148148148148 0.47685185185185186 0.5 0.4236111111111111 0.5 0.4212962962962963 0.4976851851851852 0.4212962962962963 0.4537037037037037 0.42592592592592593 0.44907407407407407 0.44212962962962965 0.44907407407407407 0.4444444444444444 0.4513888888888889 0.45601851851851855 0.44907407407407407 0.4583333333333333 0.4513888888888889
3 0.7939814814814815 0.2361111111111111 0.7986111111111112 0.24305555555555555 0.8101851851851852 0.2523148148148148 0.8101851851851852 0.2569444444444444 0.8194444444444444 0.2708333333333333 0.8194444444444444 0.2777777777777778 0.7592592592592593 0.32175925925925924 0.7546296296296297 0.32175925925925924 0.7546296296296297 0.3194444444444444 0.75 0.31712962962962965 0.75 0.3148148148148148 0.7384259259259259 0.30324074074074076 0.7384259259259259 0.2986111111111111 0.7291666666666666 0.28703703703703703 0.7291666666666666 0.2800925925925926 0.7384259259259259 0.27546296296296297 0.7453703703703703 0.26851851851851855 0.7523148148148148 0.2662037037037037 0.7546296296296297 0.26157407407407407 0.7638888888888888 0.2569444444444444 0.7731481481481481 0.24768518518518517 0.7916666666666666 0.2361111111111111
3 0.5925925925925926 0.2708333333333333 0.5925925925925926 0.2777777777777778 0.5972222222222222 0.2847222222222222 0.5972222222222222 0.2962962962962963 0.6018518518518519 0.3055555555555556 0.6018518518518519 0.31712962962962965 0.6064814814814815 0.3287037037037037 0.6087962962962963 0.34953703703703703 0.6018518518518519 0.34953703703703703 0.5902777777777778 0.3541666666666667 0.5833333333333334 0.3541666666666667 0.5810185185185185 0.35185185185185186 0.5810185185185185 0.3472222222222222 0.5763888888888888 0.33796296296296297 0.5763888888888888 0.32407407407407407 0.5717592592592593 0.31712962962962965 0.5717592592592593 0.30092592592592593 0.5648148148148148 0.2824074074074074 0.5648148148148148 0.2777777777777778 0.5671296296296297 0.27546296296296297 0.5740740740740741 0.27546296296296297 0.5856481481481481 0.26851851851851855 0.5902777777777778 0.2708333333333333
3 0.35648148148148145 0.19444444444444445 0.36342592592592593 0.19907407407407407 0.37037037037037035 0.19907407407407407 0.3958333333333333 0.20833333333333334 0.4074074074074074 0.20833333333333334 0.4236111111111111 0.2152777777777778 0.41898148148148145 0.22685185185185186 0.41898148148148145 0.23842592592592593 0.41435185185185186 0.24537037037037038 0.41435185185185186 0.2523148148148148 0.4097222222222222 0.26157407407407407 0.3888888888888889 0.25925925925925924 0.3819444444444444 0.25462962962962965 0.3726851851851852 0.25462962962962965 0.3587962962962963 0.24768518518518517 0.34953703703703703 0.24768518518518517 0.3425925925925926 0.24305555555555555 0.33564814814814814 0.24305555555555555 0.33564814814814814 0.23148148148148148 0.3402777777777778 0.22453703703703703 0.3402777777777778 0.21296296296296297 0.3449074074074074 0.2037037037037037 0.3449074074074074 0.19675925925925927 0.3472222222222222 0.19444444444444445 0.3541666666666667 0.19444444444444445
3 0.13425925925925927 0.16435185185185186 0.13657407407407407 0.16666666666666666 0.16898148148148148 0.17592592592592593 0.18055555555555555 0.18287037037037038 0.1875 0.18287037037037038 0.19444444444444445 0.1875 0.2037037037037037 0.18981481481481483 0.20601851851851852 0.19444444444444445 0.2037037037037037 0.19907407407407407 0.2037037037037037 0.20833333333333334 0.19907407407407407 0.21296296296296297 0.19675925925925927 0.2199074074074074 0.1527777777777778 0.20601851851851852 0.14583333333333334 0.2013888888888889 0.1388888888888889 0.2013888888888889 0.12037037037037036 0.19212962962962962 0.12037037037037036 0.1875 0.125 0.18055555555555555 0.12731481481481483 0.16666666666666666 0.13194444444444445 0.16435185185185186