4 0.90768125 0.8270765625000001 0.9533859375 0.8269374999999999 0.9534796875 0.7829250000000001 0.90768125 0.7825078124999999 0.90768125 0.8270765625000001
4 0.9125609374999999 0.29375312499999995 0.9593046875 0.29537968749999993 0.960525 0.24658125 0.9141874999999999 0.2478015625 0.9125609374999999 0.29375312499999995
4 0.8560609375 0.541703125 0.9031578125 0.540828125 0.9028062499999999 0.49534531249999997 0.8556546875000001 0.49656406249999996 0.8560609375 0.541703125
4 0.737371875 0.4298734375 0.737778125 0.3843281250000001 0.691034375 0.38392187499999997 0.691034375 0.4298734375 0.737371875 0.4298734375
4 0.691034375 0.698846875 0.7356875 0.6991984375 0.7353390625 0.6524890624999999 0.6902203124999999 0.6524890624999999 0.691034375 0.698846875
4 0.47736562499999996 0.8223093750000001 0.5217578125 0.8255593750000001 0.522840625 0.7789812500000001 0.47736562499999996 0.7789812500000001 0.47736562499999996 0.8223093750000001
4 0.04102499999999988 0.8298921874999999 0.08433437500000004 0.832059375 0.08216874999999983 0.7843968750000001 0.039942187499999976 0.78548125 0.04102499999999988 0.8298921874999999
4 0.03019843749999988 0.540675 0.07483125000000007 0.541509375 0.0735062499999999 0.494096875 0.02803281249999993 0.49301249999999996 0.03019843749999988 0.540675
4 0.024784374999999942 0.304534375 0.06804218750000002 0.30294375000000007 0.0670109374999998 0.2557890624999999 0.0237015624999999 0.2557890624999999 0.024784374999999942 0.304534375
4 0.2088484374999999 0.3576109374999999 0.2521578124999999 0.3576109374999999 0.2521578124999999 0.3142828125 0.207765625 0.3142828125 0.2088484374999999 0.3576109374999999
4 0.2478265624999999 0.5363421875 0.2920609375 0.5376296875 0.29113593749999994 0.49301249999999996 0.2478265624999999 0.494096875 0.2478265624999999 0.5363421875
3 0.7250765625 0.7880484375 0.7258765625 0.7932562499999999 0.7330828125000001 0.7952578125 0.7466937499999999 0.8072734375 0.7999375 0.74399375 0.783525 0.7331796875 0.7811218750000001 0.7279734374999999 0.7739171874999999 0.726771875 0.7555015625 0.7159578125 0.7102640625 0.776834375 0.7250765625 0.7880484375
3 0.47687031249999995 0.5384640625 0.478871875 0.5436718749999999 0.4840765625 0.5464749999999999 0.5020921875 0.5564874999999999 0.546928125 0.49160468749999997 0.530915625 0.48039062499999996 0.5277124999999999 0.4759859375 0.5209078125 0.47438281250000003 0.5008906249999999 0.46357031249999997 0.4608578125 0.529253125 0.47687031249999995 0.5384640625
3 0.5173718749999999 0.31909375 0.5969703125 0.3325296875 0.5994828124999999 0.32964999999999994 0.5983312500000001 0.32581093749999995 0.6023609375 0.303546875 0.5215921875 0.2887687500000001 0.5167953125 0.3137203125 0.5164125 0.31621406249999995 0.5173718749999999 0.31909375
3 0.0900828125 0.33322656249999993 0.11074218749999998 0.34241249999999995 0.14392031250000006 0.27101406250000004 0.14350312499999993 0.26934374999999994 0.1172109374999999 0.25473125 0.11199375000000002 0.25598281249999993 0.09571718750000002 0.24742343749999993 0.062329687499999856 0.3200734374999999 0.0813187499999999 0.3294687500000001 0.0838234375 0.33259999999999984 0.0900828125 0.33322656249999993
3 0.23328437499999996 0.6220296875 0.2475843749999999 0.631490625 0.25819374999999994 0.6364312500000001 0.2950953124999999 0.566884375 0.29463281249999995 0.563653125 0.2918656249999999 0.560653125 0.28932812500000005 0.5604234375 0.28494687499999993 0.560884375 0.2669578124999999 0.5518859374999999 0.23328437499999996 0.6220296875
5 0.7777777777777778 0.25925925925925924 0.7824074074074074 0.25925925925925924 0.7847222222222222 0.26157407407407407 0.7939814814814815 0.26157407407407407 0.7986111111111112 0.25925925925925924 0.7939814814814815 0.26157407407407407 0.7824074074074074 0.26157407407407407 0.7800925925925926 0.25925925925925924
5 0.9097222222222222 0.7222222222222222 0.9050925925925926 0.7268518518518519 0.8912037037037037 0.7245370370370371 0.9004629629629629 0.7245370370370371 0.9027777777777778 0.7268518518518519 0.9074074074074074 0.7245370370370371
5 0.36342592592592593 0.6064814814814815 0.36574074074074076 0.6157407407407407 0.3587962962962963 0.625 0.3449074074074074 0.625 0.3402777777777778 0.6226851851851852 0.3402777777777778 0.6180555555555556 0.3449074074074074 0.625 0.3587962962962963 0.625 0.36342592592592593 0.6203703703703703 0.36342592592592593 0.6157407407407407 0.36574074074074076 0.6134259259259259 0.36342592592592593 0.6087962962962963
5 0.09027777777777778 0.5625 0.09259259259259259 0.5625 0.09027777777777778 0.5648148148148148 0.0763888888888889 0.5648148148148148 0.07175925925925926 0.5601851851851852 0.07175925925925926 0.5486111111111112 0.08101851851851852 0.5416666666666666 0.07175925925925926 0.5486111111111112 0.07175925925925926 0.5601851851851852 0.0763888888888889 0.5648148148148148 0.08796296296296297 0.5648148148148148
5 0.125 0.6898148148148148 0.03009259259259259 0.02546296296296296
0 0.48842592592592593 0.6782407407407407 0.4930555555555556 0.6759259259259259 0.5023148148148148 0.6944444444444444 0.4930555555555556 0.6898148148148148 0.4976851851851852 0.6921296296296297 0.5 0.6875 0.49074074074074076 0.6782407407407407
0 0.5995370370370371 0.625 0.6041666666666666 0.6226851851851852 0.6041666666666666 0.6157407407407407 0.6111111111111112 0.6180555555555556 0.6064814814814815 0.6157407407407407 0.6041666666666666 0.6180555555555556 0.6041666666666666 0.6226851851851852 0.5972222222222222 0.6319444444444444 0.5995370370370371 0.6273148148148148
0 0.5902777777777778 0.4699074074074074 0.5925925925925926 0.4722222222222222 0.5925925925925926 0.47685185185185186 0.5949074074074074 0.4791666666666667 0.5995370370370371 0.4791666666666667 0.5949074074074074 0.4791666666666667 0.5902777777777778 0.4722222222222222
0 0.28935185185185186 0.36574074074074076 0.2824074074074074 0.35648148148148145 0.2824074074074074 0.3541666666666667 0.28935185185185186 0.3541666666666667 0.29398148148148145 0.3611111111111111 0.28935185185185186 0.36342592592592593
0 0.8379629629629629 0.48842592592592593 0.8356481481481481 0.4861111111111111 0.8379629629629629 0.48842592592592593 0.8402777777777778 0.4837962962962963 0.8356481481481481 0.48148148148148145 0.8356481481481481 0.4791666666666667 0.8449074074074074 0.48842592592592593 0.8472222222222222 0.48842592592592593 0.8495370370370371 0.49074074074074076 0.8472222222222222 0.4976851851851852 0.8402777777777778 0.4976851851851852 0.8402777777777778 0.4930555555555556 0.8425925925925926 0.4976851851851852 0.8495370370370371 0.4930555555555556 0.8402777777777778 0.4861111111111111
0 0.26469218749999995 0.24408124999999992 0.2678328125 0.24669999999999992 0.270971875 0.2510625 0.27324062499999996 0.2538546874999999 0.27446093749999995 0.256821875 0.2753343749999999 0.25786875 0.27672968750000004 0.2618828125 0.27585781249999997 0.26607187499999996 0.2735890625 0.2695624999999999 0.27009999999999984 0.27305312500000006 0.26730937499999996 0.27619374999999996 0.26347187499999997 0.27846249999999995 0.25876093749999995 0.27951093749999995 0.25509687499999995 0.27951093749999995 0.2526546875 0.27916093750000004 0.24951562500000002 0.2767171874999999 0.2472468749999999 0.27479843749999994 0.24428124999999998 0.27148125 0.2400953124999999 0.2685156249999999 0.23782656249999992 0.26711875000000007 0.23503593750000001 0.26694374999999987 0.23224531249999997 0.2674671874999999 0.23015156250000002 0.26834062499999994 0.22718593749999996 0.27130781249999997 0.22579062499999994 0.2740999999999999 0.2229984374999999 0.27654375000000003 0.221603125 0.279684375 0.22195156249999992 0.2814296875 0.22264999999999985 0.282303125 0.22369687499999996 0.28125625 0.2242203124999999 0.28177968749999993 0.22491718749999998 0.28073124999999993 0.22666250000000002 0.2803828124999999 0.2264875 0.27951093749999995 0.22892968749999987 0.2788125 0.2291046874999999 0.27828906249999996 0.23084999999999997 0.2767171874999999 0.23224531249999997 0.27584531249999994 0.23294218750000006 0.27479843749999994 0.23451249999999996 0.27305312500000006 0.23573437499999997 0.27148125 0.24044374999999996 0.273925 0.24288593749999995 0.2756703124999999 0.24410781249999994 0.27724062499999996 0.24550312499999996 0.2779390624999999 0.2484687499999999 0.2800343749999999 0.25091093750000004 0.2814296875 0.25492343749999996 0.2826515624999999 0.25963281250000003 0.28317499999999995 0.2629484374999999 0.28282656249999993 0.2664374999999999 0.28247656250000003 0.26922812499999993 0.28108125 0.27149531250000003 0.2800343749999999 0.2737640625 0.2789859374999999 0.27446093749999995 0.277590625 0.27620625 0.27619374999999996 0.27742656250000003 0.27479843749999994 0.2783 0.2734015624999999 0.2788234374999999 0.27113281249999993 0.28004375000000004 0.26938750000000006 0.2805671874999999 0.2674671874999999 0.280915625 0.26607187499999996 0.2812656249999999 0.26432656249999986 0.281090625 0.25909062499999996 0.2798687499999999 0.2562984374999999 0.2765546874999999 0.25315624999999997 0.27446093749999995 0.25071406249999995 0.2723687499999998 0.24827031249999998 0.2697515625 0.24565156249999995 0.2688796875 0.24460468749999997 0.2671343749999999 0.2423359375 0.265390625 0.23936875000000005 0.26626249999999996 0.23989218749999996 0.2657390624999999 0.2388453125 0.26556406250000003 0.23727499999999996 0.2664374999999999 0.2355296874999999 0.2688796875 0.23343593749999994 0.27149531250000003 0.23186406249999988 0.2723687499999998 0.23046875 0.2735890625 0.2294218749999999 0.2776015625 0.22575624999999988 0.2779499999999999 0.22505781249999993 0.27734375 0.22158124999999998 0.2730656249999999 0.22209062499999987 0.2697515625 0.22505781249999993 0.2657390624999999 0.22820000000000001 0.26172656249999987 0.23273749999999999 0.26015625 0.23675156250000004 0.26155156249999983 0.24163750000000003 0.26469218749999995 0.24408124999999992
1 0.26469218749999995 0.24408124999999992 0.2678328125 0.24669999999999992 0.270971875 0.2510625 0.27324062499999996 0.2538546874999999 0.27446093749999995 0.256821875 0.2753343749999999 0.25786875 0.27672968750000004 0.2618828125 0.27585781249999997 0.26607187499999996 0.2735890625 0.2695624999999999 0.27009999999999984 0.27305312500000006 0.26730937499999996 0.27619374999999996 0.26347187499999997 0.27846249999999995 0.25876093749999995 0.27951093749999995 0.25509687499999995 0.27951093749999995 0.2526546875 0.27916093750000004 0.24951562500000002 0.2767171874999999 0.2472468749999999 0.27479843749999994 0.24428124999999998 0.27148125 0.2400953124999999 0.2685156249999999 0.23782656249999992 0.26711875000000007 0.23503593750000001 0.26694374999999987 0.23224531249999997 0.2674671874999999 0.23015156250000002 0.26834062499999994 0.22718593749999996 0.27130781249999997 0.22579062499999994 0.2740999999999999 0.2229984374999999 0.27654375000000003 0.221603125 0.279684375 0.22195156249999992 0.2814296875 0.22264999999999985 0.282303125 0.22369687499999996 0.28125625 0.2242203124999999 0.28177968749999993 0.22491718749999998 0.28073124999999993 0.22666250000000002 0.2803828124999999 0.2264875 0.27951093749999995 0.22892968749999987 0.2788125 0.2291046874999999 0.27828906249999996 0.23084999999999997 0.2767171874999999 0.23224531249999997 0.27584531249999994 0.23294218750000006 0.27479843749999994 0.23451249999999996 0.27305312500000006 0.23573437499999997 0.27148125 0.24044374999999996 0.273925 0.24288593749999995 0.2756703124999999 0.24410781249999994 0.27724062499999996 0.24550312499999996 0.2779390624999999 0.2484687499999999 0.2800343749999999 0.25091093750000004 0.2814296875 0.25492343749999996 0.2826515624999999 0.25963281250000003 0.28317499999999995 0.2629484374999999 0.28282656249999993 0.2664374999999999 0.28247656250000003 0.26922812499999993 0.28108125 0.27149531250000003 0.2800343749999999 0.2737640625 0.2789859374999999 0.27446093749999995 0.277590625 0.27620625 0.27619374999999996 0.27742656250000003 0.27479843749999994 0.2783 0.2734015624999999 0.2788234374999999 0.27113281249999993 0.28004375000000004 0.26938750000000006 0.2805671874999999 0.2674671874999999 0.280915625 0.26607187499999996 0.2812656249999999 0.26432656249999986 0.281090625 0.25909062499999996 0.2798687499999999 0.2562984374999999 0.2765546874999999 0.25315624999999997 0.27446093749999995 0.25071406249999995 0.2723687499999998 0.24827031249999998 0.2697515625 0.24565156249999995 0.2688796875 0.24460468749999997 0.2671343749999999 0.2423359375 0.265390625 0.23936875000000005 0.26626249999999996 0.23989218749999996 0.2657390624999999 0.2388453125 0.26556406250000003 0.23727499999999996 0.2664374999999999 0.2355296874999999 0.2688796875 0.23343593749999994 0.27149531250000003 0.23186406249999988 0.2723687499999998 0.23046875 0.2735890625 0.2294218749999999 0.2776015625 0.22575624999999988 0.2779499999999999 0.22505781249999993 0.27734375 0.22158124999999998 0.2730656249999999 0.22209062499999987 0.2697515625 0.22505781249999993 0.2657390624999999 0.22820000000000001 0.26172656249999987 0.23273749999999999 0.26015625 0.23675156250000004 0.26155156249999983 0.24163750000000003 0.26469218749999995 0.24408124999999992
1 0.611109375 0.784675 0.6071609375 0.7822609375 0.6012390625 0.779628125 0.599265625 0.7820421875 0.5983875 0.78445625 0.5968515625 0.78445625 0.592246875 0.7837984374999999 0.585665625 0.7829203125 0.5819375 0.7807249999999999 0.5777703125 0.7778734375 0.5716281249999999 0.773265625 0.56811875 0.769315625 0.5670234375 0.7664625 0.5639515624999999 0.7642687499999999 0.5602234375 0.7629515625000001 0.5545203124999999 0.7592218749999999 0.550134375 0.7565875 0.5448703125 0.75636875 0.5400453125 0.761415625 0.5369734374999999 0.7664625 0.5371937499999999 0.7710703125 0.538509375 0.775240625 0.5418 0.7785312500000001 0.54640625 0.7811640625 0.5527656249999999 0.7835781250000001 0.5569328125 0.785334375 0.5586875 0.7864312499999999 0.5586875 0.789503125 0.5586875 0.7919171875000001 0.56088125 0.7938921874999999 0.5672421875 0.7989390624999999 0.5722875 0.8009140625 0.5766734375 0.80266875 0.5819375 0.8046437499999999 0.5836921875 0.8050828125 0.588078125 0.8048625 0.5909296875 0.8028875 0.5920265625 0.8015718749999999 0.5944390624999999 0.8015718749999999 0.5970718749999998 0.8024500000000001 0.6012390625 0.8037656249999999 0.6073796874999999 0.8048625 0.6117671874999999 0.8042046875 0.6141796874999998 0.8022296875 0.6168109374999999 0.797621875 0.6181281249999999 0.7952078124999999 0.6174703125 0.78840625 0.6152765625 0.7868703125000001 0.611109375 0.784675
1 0.397696875 0.511534375 0.40032968750000003 0.5064875 0.4025218749999999 0.501440625 0.402084375 0.493540625 0.40230312499999993 0.48915312499999997 0.4025218749999999 0.4836671875 0.40296093749999995 0.480375 0.40010937499999993 0.476425 0.3955046875 0.47225625 0.3889234375 0.47357343749999997 0.38475624999999997 0.47730312499999994 0.3808078124999999 0.4816921874999999 0.37993124999999994 0.48651875 0.379053125 0.4931015625 0.37795781249999993 0.4968328125 0.3772999999999999 0.5001234375 0.3744484374999999 0.50473125 0.37313124999999986 0.5097796874999999 0.3729124999999999 0.517678125 0.3729124999999999 0.5222859375 0.3722546874999999 0.5262359375 0.37335156249999996 0.53084375 0.3751062499999999 0.53479375 0.376640625 0.5374265625 0.3759828125 0.5420359374999999 0.37488593749999993 0.5464234375 0.375325 0.5508125 0.37576406249999994 0.55498125 0.3781765625 0.5573953125 0.38256249999999986 0.5595890625 0.38651093749999993 0.5598093749999999 0.3908984374999999 0.5587125 0.39418749999999997 0.5558593749999999 0.39572343749999994 0.553884375 0.397478125 0.547959375 0.3970390625 0.541596875 0.397696875 0.53676875 0.3965999999999999 0.52886875 0.39594218750000004 0.52448125 0.39572343749999994 0.519653125 0.39616249999999986 0.5168 0.397696875 0.511534375
1 0.8640953125 0.34861875 0.858665625 0.34861875 0.8494578125 0.3479093749999999 0.8463875000000001 0.34696562499999994 0.842375 0.3438953125 0.838125 0.33893437499999995 0.8362359374999999 0.33515468750000005 0.8362359374999999 0.33113906249999986 0.836 0.3290140625 0.8362359374999999 0.3238171874999999 0.839540625 0.32074687499999993 0.8430828125 0.31814843749999994 0.8473328125 0.3160218749999999 0.853234375 0.31436875 0.8619703125 0.3138968749999999 0.8674015625 0.3084640624999999 0.8674015625 0.30515781249999996 0.8669281249999999 0.2994875 0.8652765625 0.2952359375 0.8619703125 0.28814999999999996 0.8591375 0.28649687500000004 0.8577203124999999 0.2898031249999999 0.8584296875 0.29358281249999996 0.8593734375 0.29712656249999986 0.860790625 0.299725 0.8610265625000001 0.3020859375 0.860553125 0.30492031249999996 0.8584296875 0.30751874999999995 0.8572484375 0.3086999999999999 0.852290625 0.31153437500000003 0.8466234374999999 0.31271562499999994 0.840721875 0.3138968749999999 0.833403125 0.31696718749999986 0.8270281250000001 0.32476249999999995 0.8275 0.33255625000000005 0.8282078125 0.3372812500000001 0.8315140624999999 0.34295000000000003 0.8336390625 0.34649218749999994 0.8362359374999999 0.34932656250000005 0.8404859375 0.3528703125 0.8463875000000001 0.35357968749999996 0.852290625 0.3542874999999999 0.8589015625 0.3542874999999999 0.8652765625 0.35192500000000004 0.8674015625 0.35475937499999993 0.869525 0.36255468750000003 0.871178125 0.3701140625 0.873775 0.3736562499999999 0.8799140625 0.3722390625 0.88133125 0.3708218750000001 0.8820390625 0.3668062499999999 0.8825109375000001 0.36137343749999995 0.880621875 0.35594062499999995 0.878025 0.34861875 0.8714140625 0.3479093749999999 0.8640953125 0.34861875
1 0.39669687499999995 0.7868984374999999 0.39326718749999995 0.786684375 0.3883390625 0.7890437499999999 0.38619531249999994 0.7922593749999999 0.38383749999999994 0.7937593749999999 0.37505156249999994 0.8034078125 0.36755000000000004 0.806409375 0.36412187499999993 0.80598125 0.36133593750000004 0.8044796874999999 0.356834375 0.8010499999999999 0.3536203124999999 0.7950468749999999 0.353834375 0.7873281249999999 0.35340625 0.7821828124999999 0.35662031250000004 0.775321875 0.3594062499999999 0.77231875 0.36155 0.7701749999999999 0.364978125 0.7680312499999999 0.36605 0.7622421875000001 0.36583593749999993 0.7611703125 0.3643359375 0.7581687500000001 0.3639078125 0.7577390625 0.3604781249999999 0.7547375000000001 0.357478125 0.7489484375000001 0.354478125 0.747234375 0.35190625000000003 0.7468046875 0.3506203124999999 0.7489484375000001 0.3510484375 0.7528078125000001 0.354478125 0.7566671875 0.35662031250000004 0.7590265625 0.3587640624999999 0.7624562500000001 0.35597812500000003 0.7650296875 0.3536203124999999 0.768459375 0.349334375 0.7766078125 0.34504843749999997 0.7879718750000001 0.34547656250000003 0.792903125 0.34633437499999997 0.7971906249999999 0.3482624999999999 0.8008359374999999 0.3506203124999999 0.8040515625 0.35340625 0.8057671875 0.35790625 0.8085546874999999 0.3643359375 0.8102687500000001 0.3679796875 0.8102687500000001 0.37397968749999994 0.808125 0.37912343749999994 0.8040515625 0.38040937499999994 0.80255 0.3840531249999999 0.8010499999999999 0.38598125 0.7995484374999999 0.38962499999999994 0.7950468749999999 0.39155312499999995 0.7924734375 0.39326718749999995 0.7914015624999999 0.39562499999999995 0.7941890625 0.398196875 0.797834375 0.40184062499999995 0.8034078125 0.4035546875 0.8057671875 0.40494375 0.8078390624999999 0.4076265624999999 0.80598125 0.40784062499999996 0.7997640625 0.40655468749999996 0.796546875 0.4035546875 0.7922593749999999 0.39969687499999995 0.78775625 0.39969687499999995 0.7864703125 0.39669687499999995 0.7868984374999999
2 0.24768518518518517 0.7546296296296297 0.2337962962962963 0.7615740740740741 0.22916666666666666 0.7662037037037037 0.2199074074074074 0.7685185185185185 0.24537037037037038 0.7569444444444444
2 0.1736111111111111 0.44212962962962965 0.16898148148148148 0.4513888888888889 0.1574074074074074 0.46064814814814814 0.15046296296296297 0.4722222222222222 0.14814814814814814 0.4722222222222222 0.1527777777777778 0.4652777777777778 0.1550925925925926 0.4652777777777778 0.1574074074074074 0.46064814814814814 0.16666666666666666 0.4537037037037037 0.1712962962962963 0.4444444444444444
2 0.42824074074074076 0.34953703703703703 0.4236111111111111 0.3541666666666667 0.42592592592592593 0.3611111111111111 0.41898148148148145 0.3680555555555556 0.41435185185185186 0.3773148148148148 0.41203703703703703 0.3773148148148148 0.4097222222222222 0.3819444444444444 0.4027777777777778 0.38425925925925924 0.4050925925925926 0.38425925925925924 0.4166666666666667 0.3726851851851852 0.4212962962962963 0.36342592592592593 0.42592592592592593 0.3611111111111111 0.4236111111111111 0.35648148148148145 0.4212962962962963 0.35648148148148145 0.41435185185185186 0.36574074074074076 0.41203703703703703 0.36574074074074076 0.4097222222222222 0.37037037037037035 0.4027777777777778 0.375 0.4166666666666667 0.3611111111111111 0.4166666666666667 0.3587962962962963 0.42592592592592593 0.35185185185185186
2 0.6990740740740741 0.35185185185185186 0.7083333333333334 0.35185185185185186 0.7129629629629629 0.34953703703703703 0.7152777777777778 0.3449074074074074 0.7222222222222222 0.34953703703703703 0.7175925925925926 0.3449074074074074 0.7083333333333334 0.35185185185185186 0.7013888888888888 0.35185185185185186
2 0.7222222222222222 0.5879629629629629 0.7615740740740741 0.5856481481481481 0.7384259259259259 0.5856481481481481 0.7361111111111112 0.5879629629629629 0.7384259259259259 0.5902777777777778 0.7662037037037037 0.5902777777777778 0.7685185185185185 0.5925925925925926 0.7708333333333334 0.5902777777777778 0.7708333333333334 0.5925925925925926 0.7662037037037037 0.5925925925925926 0.7638888888888888 0.5902777777777778 0.7407407407407407 0.5902777777777778 0.7384259259259259 0.5925925925925926 0.7314814814814815 0.5925925925925926 0.7361111111111112 0.5925925925925926 0.7384259259259259 0.5902777777777778 0.7361111111111112 0.5879629629629629 0.7245370370370371 0.5879629629629629