4 0.09231875 0.8270765625000001 0.09231875 0.7825078124999999 0.0465203125 0.7829250000000001 0.0466140625 0.8269374999999999 0.09231875 0.8270765625000001
4 0.08743906250000001 0.29375312499999995 0.08581250000000001 0.2478015625 0.039475 0.24658125 0.04069531250000001 0.29537968749999993 0.08743906250000001 0.29375312499999995
4 0.1439390625 0.541703125 0.14434531250000002 0.49656406249999996 0.09719375000000001 0.49534531249999997 0.0968421875 0.540828125 0.1439390625 0.541703125
4 0.26262812500000005 0.4298734375 0.308965625 0.4298734375 0.308965625 0.38392187499999997 0.26222187500000005 0.3843281250000001 0.26262812500000005 0.4298734375
4 0.308965625 0.698846875 0.3097796875 0.6524890624999999 0.2646609375 0.6524890624999999 0.2643125 0.6991984375 0.308965625 0.698846875
4 0.522634375 0.8223093750000001 0.522634375 0.7789812500000001 0.47715937500000005 0.7789812500000001 0.4782421875 0.8255593750000001 0.522634375 0.8223093750000001
4 0.9589750000000001 0.8298921874999999 0.9600578125 0.78548125 0.9178312500000002 0.7843968750000001 0.9156656249999999 0.832059375 0.9589750000000001 0.8298921874999999
4 0.9698015625000002 0.540675 0.9719671875000001 0.49301249999999996 0.9264937500000001 0.494096875 0.92516875 0.541509375 0.9698015625000002 0.540675
4 0.975215625 0.304534375 0.9762984375000001 0.2557890624999999 0.9329890625000002 0.2557890624999999 0.9319578125 0.30294375000000007 0.975215625 0.304534375
4 0.7911515625000001 0.3576109374999999 0.792234375 0.3142828125 0.7478421875000001 0.3142828125 0.7478421875000001 0.3576109374999999 0.7911515625000001 0.3576109374999999
4 0.7521734375000001 0.5363421875 0.7521734375000001 0.494096875 0.7088640625000001 0.49301249999999996 0.7079390625 0.5376296875 0.7521734375000001 0.5363421875
4 0.521090625 0.5343078124999999 0.5200640625 0.488109375 0.47593906250000007 0.48708281249999996 0.47610312500000007 0.535034375 0.521090625 0.5343078124999999
1 0.6393750000000001 0.6565796875 0.6458453125 0.654153125 0.6490812499999999 0.6493 0.6490812499999999 0.64525625 0.6471937500000001 0.63905625 0.6428796874999999 0.636359375 0.6358703125 0.630159375 0.6248171874999999 0.6226093749999999 0.6129546875 0.6129046874999999 0.6024406250000001 0.60724375 0.5938125000000001 0.6007718750000001 0.586803125 0.5991546875 0.5827593750000001 0.6007718750000001 0.576828125 0.6031984375 0.5749406250000001 0.605625 0.5749406250000001 0.6061640625 0.5744015625000001 0.608590625 0.5741328125 0.612634375 0.576559375 0.614521875 0.5789843750000001 0.618565625 0.586534375 0.6226093749999999 0.5940828125000001 0.6288109375 0.6019015625 0.63528125 0.6126843750000001 0.6417515625 0.6183468750000001 0.6455265625000001 0.62158125 0.6474125 0.6253562500000001 0.6495703125 0.6257921875000001 0.6497875 0.6265328124999999 0.6505296875 0.628609375 0.651715625 0.6296484375 0.65364375 0.631725 0.6543859375 0.6339125000000001 0.6559656250000001 0.6393750000000001 0.6565796875
1 0.38878593750000007 0.429503125 0.39356406250000003 0.429503125 0.39730468750000003 0.42805 0.400628125 0.4241031249999999 0.40187500000000004 0.41807812499999997 0.4010437500000001 0.40644375000000005 0.3993812500000001 0.394603125 0.3964734375 0.38296874999999997 0.39626562500000007 0.372790625 0.39626562500000007 0.3621953125 0.3964734375 0.35679375 0.39294218750000004 0.3484843749999999 0.38650156249999995 0.3434984375 0.38130781250000007 0.3447453125 0.3777765625 0.34661406250000004 0.3761140625 0.34952343749999987 0.3734140625000001 0.3532625 0.3740375 0.36032499999999995 0.3729984375 0.3675968749999999 0.3740375 0.37299843749999995 0.3748671875 0.3804765624999999 0.37590625 0.3856703124999999 0.37569843750000004 0.39501875 0.377153125 0.4022890624999999 0.37756875 0.40872968749999994 0.3790234375 0.41662343749999997 0.3808921875 0.42181718749999997 0.3811 0.42514062499999994 0.38278906250000005 0.4280078125 0.38878593750000007 0.429503125
5 0.5625 0.6273148148148148 0.5763888888888888 0.625 0.5833333333333334 0.6319444444444444 0.5833333333333334 0.6412037037037037 0.5810185185185185 0.6458333333333334 0.5787037037037037 0.6458333333333334 0.5833333333333334 0.6412037037037037 0.5833333333333334 0.6319444444444444 0.5763888888888888 0.625 0.5648148148148148 0.6273148148148148 0.5578703703703703 0.6365740740740741 0.5648148148148148 0.6458333333333334 0.5625 0.6458333333333334 0.5578703703703703 0.6388888888888888 0.5578703703703703 0.6342592592592593 0.5625 0.6296296296296297
5 0.13194444444444445 0.5925925925925926 0.14351851851851852 0.5902777777777778 0.14814814814814814 0.5949074074074074 0.15046296296296297 0.6064814814814815 0.14814814814814814 0.6111111111111112 0.14351851851851852 0.6134259259259259 0.13425925925925927 0.6134259259259259 0.14351851851851852 0.6134259259259259 0.15046296296296297 0.6064814814814815 0.15046296296296297 0.5995370370370371 0.14351851851851852 0.5902777777777778 0.13657407407407407 0.5902777777777778 0.13425925925925927 0.5925925925925926