4 0.90768125 0.8270765625000001 0.9533859375 0.8269374999999999 0.9534796875 0.7829250000000001 0.90768125 0.7825078124999999 0.90768125 0.8270765625000001
4 0.9125609374999999 0.29375312499999995 0.9593046875 0.29537968749999993 0.960525 0.24658125 0.9141874999999999 0.2478015625 0.9125609374999999 0.29375312499999995
4 0.8560609375 0.541703125 0.9031578125 0.540828125 0.9028062499999999 0.49534531249999997 0.8556546875000001 0.49656406249999996 0.8560609375 0.541703125
4 0.737371875 0.4298734375 0.737778125 0.3843281250000001 0.691034375 0.38392187499999997 0.691034375 0.4298734375 0.737371875 0.4298734375
4 0.691034375 0.698846875 0.7356875 0.6991984375 0.7353390625 0.6524890624999999 0.6902203124999999 0.6524890624999999 0.691034375 0.698846875
4 0.47736562499999996 0.8223093750000001 0.5217578125 0.8255593750000001 0.522840625 0.7789812500000001 0.47736562499999996 0.7789812500000001 0.47736562499999996 0.8223093750000001
4 0.04102499999999988 0.8298921874999999 0.08433437500000004 0.832059375 0.08216874999999983 0.7843968750000001 0.039942187499999976 0.78548125 0.04102499999999988 0.8298921874999999
4 0.03019843749999988 0.540675 0.07483125000000007 0.541509375 0.0735062499999999 0.494096875 0.02803281249999993 0.49301249999999996 0.03019843749999988 0.540675
4 0.024784374999999942 0.304534375 0.06804218750000002 0.30294375000000007 0.0670109374999998 0.2557890624999999 0.0237015624999999 0.2557890624999999 0.024784374999999942 0.304534375
4 0.2088484374999999 0.3576109374999999 0.2521578124999999 0.3576109374999999 0.2521578124999999 0.3142828125 0.207765625 0.3142828125 0.2088484374999999 0.3576109374999999
4 0.2478265624999999 0.5363421875 0.2920609375 0.5376296875 0.29113593749999994 0.49301249999999996 0.2478265624999999 0.494096875 0.2478265624999999 0.5363421875
4 0.47890937499999997 0.5343078124999999 0.5238968749999999 0.535034375 0.5240609374999999 0.48708281249999996 0.4799359374999999 0.488109375 0.47890937499999997 0.5343078124999999
5 0.8935185185185185 0.2824074074074074 0.02546296296296296 0.02546296296296296
5 0.8009259259259259 0.5 0.8125 0.4976851851851852 0.8148148148148148 0.5 0.8194444444444444 0.5 0.8194444444444444 0.5046296296296297 0.8217592592592593 0.5069444444444444 0.8194444444444444 0.5185185185185185 0.8148148148148148 0.5208333333333334 0.8032407407407407 0.5208333333333334 0.7986111111111112 0.5162037037037037 0.7986111111111112 0.5046296296296297 0.8009259259259259 0.5023148148148148
5 0.8865740740740741 0.7662037037037037 0.02546296296296296 0.02546296296296296
5 0.6689814814814815 0.6666666666666666 0.02546296296296296 0.027777777777777776
5 0.47453703703703703 0.7662037037037037 0.4699074074074074 0.7592592592592593 0.4699074074074074 0.7523148148148148 0.4791666666666667 0.7453703703703703 0.4861111111111111 0.7453703703703703 0.49074074074074076 0.75 0.4930555555555556 0.7592592592592593 0.48842592592592593 0.7662037037037037 0.47685185185185186 0.7662037037037037
5 0.4537037037037037 0.48842592592592593 0.02546296296296296 0.02546296296296296
5 0.23842592592592593 0.3587962962962963 0.24305555555555555 0.35648148148148145 0.2523148148148148 0.35648148148148145 0.2569444444444444 0.3587962962962963 0.2569444444444444 0.36342592592592593 0.25925925925925924 0.36574074074074076 0.2569444444444444 0.3773148148148148 0.24305555555555555 0.3773148148148148 0.23842592592592593 0.3726851851851852 0.23842592592592593 0.3611111111111111
5 0.06481481481481481 0.3333333333333333 0.07407407407407407 0.3402777777777778 0.07407407407407407 0.3472222222222222 0.06481481481481481 0.35648148148148145 0.05555555555555555 0.35648148148148145 0.05092592592592592 0.3541666666666667 0.046296296296296294 0.3472222222222222 0.046296296296296294 0.3425925925925926 0.05092592592592592 0.33564814814814814 0.05787037037037037 0.33101851851851855 0.0625 0.3333333333333333
5 0.06944444444444445 0.5532407407407407 0.07175925925925926 0.5555555555555556 0.07175925925925926 0.5671296296296297 0.06481481481481481 0.5740740740740741 0.06018518518518518 0.5740740740740741 0.05092592592592592 0.5694444444444444 0.04861111111111111 0.5578703703703703 0.05324074074074074 0.5509259259259259 0.06481481481481481 0.5509259259259259 0.06712962962962964 0.5532407407407407
5 0.2708333333333333 0.5462962962962963 0.27546296296296297 0.5555555555555556 0.2708333333333333 0.5648148148148148 0.2662037037037037 0.5671296296296297 0.25462962962962965 0.5648148148148148 0.25 0.5601851851851852 0.25 0.5509259259259259 0.25925925925925924 0.5439814814814815 0.2662037037037037 0.5439814814814815 0.26851851851851855 0.5462962962962963
5 0.1111111111111111 0.7962962962962963 0.1111111111111111 0.8125 0.10185185185185185 0.8171296296296297 0.09490740740740741 0.8148148148148148 0.09259259259259259 0.8101851851851852 0.09259259259259259 0.8009259259259259 0.09490740740740741 0.7986111111111112 0.09490740740740741 0.7939814814814815 0.10648148148148148 0.7939814814814815 0.1087962962962963 0.7962962962962963
5 0.6736111111111112 0.3726851851851852 0.6759259259259259 0.38425925925925924 0.6736111111111112 0.38657407407407407 0.6736111111111112 0.3912037037037037 0.6689814814814815 0.3912037037037037 0.6666666666666666 0.39351851851851855 0.6620370370370371 0.39351851851851855 0.6527777777777778 0.38657407407407407 0.6527777777777778 0.375 0.6620370370370371 0.3680555555555556 0.6666666666666666 0.3680555555555556 0.6712962962962963 0.3726851851851852