4 0.90768125 0.8270765625000001 0.9533859375 0.8269374999999999 0.9534796875 0.7829250000000001 0.90768125 0.7825078124999999 0.90768125 0.8270765625000001
4 0.9125609374999999 0.29375312499999995 0.9593046875 0.29537968749999993 0.960525 0.24658125 0.9141874999999999 0.2478015625 0.9125609374999999 0.29375312499999995
4 0.8560609375 0.541703125 0.9031578125 0.540828125 0.9028062499999999 0.49534531249999997 0.8556546875000001 0.49656406249999996 0.8560609375 0.541703125
4 0.737371875 0.4298734375 0.737778125 0.3843281250000001 0.691034375 0.38392187499999997 0.691034375 0.4298734375 0.737371875 0.4298734375
4 0.691034375 0.698846875 0.7356875 0.6991984375 0.7353390625 0.6524890624999999 0.6902203124999999 0.6524890624999999 0.691034375 0.698846875
4 0.47736562499999996 0.8223093750000001 0.5217578125 0.8255593750000001 0.522840625 0.7789812500000001 0.47736562499999996 0.7789812500000001 0.47736562499999996 0.8223093750000001
4 0.04102499999999988 0.8298921874999999 0.08433437500000004 0.832059375 0.08216874999999983 0.7843968750000001 0.039942187499999976 0.78548125 0.04102499999999988 0.8298921874999999
4 0.03019843749999988 0.540675 0.07483125000000007 0.541509375 0.0735062499999999 0.494096875 0.02803281249999993 0.49301249999999996 0.03019843749999988 0.540675
4 0.024784374999999942 0.304534375 0.06804218750000002 0.30294375000000007 0.0670109374999998 0.2557890624999999 0.0237015624999999 0.2557890624999999 0.024784374999999942 0.304534375
4 0.2088484374999999 0.3576109374999999 0.2521578124999999 0.3576109374999999 0.2521578124999999 0.3142828125 0.207765625 0.3142828125 0.2088484374999999 0.3576109374999999
4 0.2478265624999999 0.5363421875 0.2920609375 0.5376296875 0.29113593749999994 0.49301249999999996 0.2478265624999999 0.494096875 0.2478265624999999 0.5363421875
4 0.47890937499999997 0.5343078124999999 0.5238968749999999 0.535034375 0.5240609374999999 0.48708281249999996 0.4799359374999999 0.488109375 0.47890937499999997 0.5343078124999999
1 0.59846875 0.6048609374999999 0.5889765625 0.6074515625000001 0.5832234374999999 0.6088921875 0.5748812499999999 0.6097546875 0.5651015625 0.6097546875 0.555321875 0.6094671875000001 0.5484171875 0.6106187499999999 0.5432406249999999 0.6137859375 0.5397890624999999 0.6181031250000001 0.5406515624999999 0.6250125 0.5429531249999999 0.62961875 0.5507187499999999 0.632209375 0.556471875 0.6330734375 0.561075 0.6301953124999999 0.5653890625 0.632209375 0.57286875 0.632209375 0.585525 0.6310578125 0.5941546875 0.6310578125 0.6019203125 0.6270281249999999 0.6073859374999999 0.6235734374999999 0.6119890625000001 0.6244374999999999 0.6217687500000001 0.6238609375 0.6243968750000001 0.620865625 0.626659375 0.6155124999999999 0.626371875 0.6106187499999999 0.62263125 0.6051484375 0.615728125 0.6031343749999999 0.6099749999999999 0.6022703125 0.6036468749999999 0.6037093750000001 0.59846875 0.6048609374999999
1 0.6065234375 0.5625234375 0.6122765625 0.55820625 0.6154406250000001 0.5484171875 0.614578125 0.542371875 0.6111265625 0.5380546875 0.6111265625 0.532584375 0.6131390625 0.5256749999999999 0.616015625 0.5193421874999999 0.615153125 0.5092656249999999 0.6091125 0.5035078125 0.6059484374999999 0.500053125 0.6042218749999999 0.4940078125 0.6042218749999999 0.4876749999999999 0.6001953124999999 0.48134062499999997 0.5953046874999999 0.47788593749999997 0.590990625 0.47788593749999997 0.585525 0.4790375 0.580346875 0.48393281250000003 0.5794843749999999 0.49285624999999994 0.584375 0.506675 0.5878265625 0.519053125 0.5892640625 0.5245234375 0.5895515625 0.5320078125 0.590703125 0.5386296875000001 0.591853125 0.5461140624999999 0.5932921875 0.5561906249999999 0.5996203125 0.561371875 0.6065234375 0.5625234375
0 0.6000546874999999 0.578040625 0.5952953124999999 0.57819375 0.5911515624999999 0.57819375 0.59023125 0.5789624999999999 0.591765625 0.5808046875 0.5920734375 0.5814203125 0.5949890624999999 0.582034375 0.599746875 0.5826484375000001 0.6051187499999999 0.5826484375000001 0.60619375 0.584184375 0.6092624999999999 0.5846453125000001 0.6118718750000001 0.5835703125 0.6118718750000001 0.580959375 0.6112578125 0.5789624999999999 0.6088031249999999 0.57819375 0.6071140625 0.5785015625000001 0.603584375 0.57819375 0.6000546874999999 0.578040625
0 0.5444921875000001 0.5543843749999999 0.5432640625 0.5528484375 0.5400421875 0.5522343749999999 0.5375859374999999 0.5526953125 0.5366640625 0.5557671875 0.53850625 0.558378125 0.5401953125 0.5612968749999999 0.5408093749999999 0.564215625 0.54265 0.567134375 0.5437249999999999 0.568978125 0.5469484375 0.5705140625 0.5472546875 0.5686703125 0.5472546875 0.566365625 0.5454140624999999 0.5640624999999999 0.5449531249999999 0.5626796875 0.5440328124999999 0.5599140625 0.543878125 0.5566890625 0.5444921875000001 0.5543843749999999