4 0.09231875 0.8270765625000001 0.09231875 0.7825078124999999 0.0465203125 0.7829250000000001 0.0466140625 0.8269374999999999 0.09231875 0.8270765625000001
4 0.08743906250000001 0.29375312499999995 0.08581250000000001 0.2478015625 0.039475 0.24658125 0.04069531250000001 0.29537968749999993 0.08743906250000001 0.29375312499999995
4 0.1439390625 0.541703125 0.14434531250000002 0.49656406249999996 0.09719375000000001 0.49534531249999997 0.0968421875 0.540828125 0.1439390625 0.541703125
4 0.26262812500000005 0.4298734375 0.308965625 0.4298734375 0.308965625 0.38392187499999997 0.26222187500000005 0.3843281250000001 0.26262812500000005 0.4298734375
4 0.308965625 0.698846875 0.3097796875 0.6524890624999999 0.2646609375 0.6524890624999999 0.2643125 0.6991984375 0.308965625 0.698846875
4 0.522634375 0.8223093750000001 0.522634375 0.7789812500000001 0.47715937500000005 0.7789812500000001 0.4782421875 0.8255593750000001 0.522634375 0.8223093750000001
4 0.9589750000000001 0.8298921874999999 0.9600578125 0.78548125 0.9178312500000002 0.7843968750000001 0.9156656249999999 0.832059375 0.9589750000000001 0.8298921874999999
4 0.9698015625000002 0.540675 0.9719671875000001 0.49301249999999996 0.9264937500000001 0.494096875 0.92516875 0.541509375 0.9698015625000002 0.540675
4 0.975215625 0.304534375 0.9762984375000001 0.2557890624999999 0.9329890625000002 0.2557890624999999 0.9319578125 0.30294375000000007 0.975215625 0.304534375
4 0.7911515625000001 0.3576109374999999 0.792234375 0.3142828125 0.7478421875000001 0.3142828125 0.7478421875000001 0.3576109374999999 0.7911515625000001 0.3576109374999999
4 0.7521734375000001 0.5363421875 0.7521734375000001 0.494096875 0.7088640625000001 0.49301249999999996 0.7079390625 0.5376296875 0.7521734375000001 0.5363421875
4 0.521090625 0.5343078124999999 0.5200640625 0.488109375 0.47593906250000007 0.48708281249999996 0.47610312500000007 0.535034375 0.521090625 0.5343078124999999
1 0.37823125 0.6238609375 0.38801093750000004 0.6244374999999999 0.39261406249999997 0.6235734374999999 0.3980796875 0.6270281249999999 0.4058453125 0.6310578125 0.4144750000000001 0.6310578125 0.42713125 0.632209375 0.43461093750000007 0.632209375 0.438925 0.6301953124999999 0.443528125 0.6330734375 0.44928125 0.632209375 0.457046875 0.62961875 0.45934843750000004 0.6250125 0.4602109375000001 0.6181031250000001 0.4567593750000001 0.6137859375 0.4515828125 0.6106187499999999 0.44467812500000004 0.6094671875000001 0.4348984375 0.6097546875 0.42511875000000005 0.6097546875 0.41677656250000006 0.6088921875 0.41102343750000003 0.6074515625000001 0.40153125000000006 0.6048609374999999 0.39635312500000003 0.6037093750000001 0.390025 0.6022703125 0.384271875 0.6031343749999999 0.37736875000000003 0.6051484375 0.37362812500000003 0.6106187499999999 0.37334062500000004 0.6155124999999999 0.375603125 0.620865625 0.37823125 0.6238609375
1 0.415625 0.506675 0.42051562500000006 0.49285624999999994 0.41965312499999996 0.48393281250000003 0.4144750000000001 0.4790375 0.40900937500000006 0.47788593749999997 0.40469531250000007 0.47788593749999997 0.39980468750000003 0.48134062499999997 0.39577812500000004 0.4876749999999999 0.39577812500000004 0.4940078125 0.3940515625 0.500053125 0.39088750000000005 0.5035078125 0.384846875 0.5092656249999999 0.38398437500000004 0.5193421874999999 0.38686093750000006 0.5256749999999999 0.3888734375 0.532584375 0.3888734375 0.5380546875 0.385421875 0.542371875 0.384559375 0.5484171875 0.38772343750000005 0.55820625 0.3934765625 0.5625234375 0.4003796875 0.561371875 0.40670781250000004 0.5561906249999999 0.408146875 0.5461140624999999 0.409296875 0.5386296875000001 0.4104484375000001 0.5320078125 0.41073593750000004 0.5245234375 0.4121734375 0.519053125 0.415625 0.506675
0 0.39380625 0.584184375 0.39488125 0.5826484375000001 0.400253125 0.5826484375000001 0.40501093750000006 0.582034375 0.40792656250000003 0.5814203125 0.408234375 0.5808046875 0.40976875 0.5789624999999999 0.40884843750000005 0.57819375 0.40470468750000005 0.57819375 0.3999453125 0.578040625 0.396415625 0.57819375 0.39288593750000006 0.5785015625000001 0.39119687500000005 0.57819375 0.3887421875 0.5789624999999999 0.388128125 0.580959375 0.388128125 0.5835703125 0.39073750000000007 0.5846453125000001 0.39380625 0.584184375
0 0.4562750000000001 0.568978125 0.45735000000000003 0.567134375 0.4591906250000001 0.564215625 0.45980468750000003 0.5612968749999999 0.46149375000000004 0.558378125 0.4633359375000001 0.5557671875 0.4624140625 0.5526953125 0.4599578125 0.5522343749999999 0.45673593749999997 0.5528484375 0.4555078125 0.5543843749999999 0.45612187500000007 0.5566890625 0.45596718750000004 0.5599140625 0.4550468750000001 0.5626796875 0.45458593750000004 0.5640624999999999 0.45274531250000005 0.566365625 0.45274531250000005 0.5686703125 0.4530515625 0.5705140625 0.4562750000000001 0.568978125