4 0.90768125 0.17292343749999997 0.90768125 0.21749218750000002 0.9534796875 0.217075 0.9533859375 0.1730625 0.90768125 0.17292343749999997
4 0.9125609374999999 0.706246875 0.9141874999999999 0.7521984375 0.960525 0.75341875 0.9593046875 0.7046203125 0.9125609374999999 0.706246875
4 0.8560609375 0.458296875 0.8556546875000001 0.5034359375 0.9028062499999999 0.5046546875 0.9031578125 0.45917187500000006 0.8560609375 0.458296875
4 0.737371875 0.5701265624999999 0.691034375 0.5701265624999999 0.691034375 0.616078125 0.737778125 0.6156718749999999 0.737371875 0.5701265624999999
4 0.690884375 0.3025 0.690884375 0.3078203125 0.7361953125 0.33673125000000004 0.7357328125 0.30180625 0.690884375 0.3025
4 0.47736562499999996 0.177690625 0.47736562499999996 0.22101874999999999 0.522840625 0.22101874999999999 0.5217578125 0.17444062500000002 0.47736562499999996 0.177690625
4 0.04102499999999988 0.1701078125 0.039942187499999976 0.21451875 0.07548437499999981 0.213553125 0.06085156249999996 0.2008796875 0.07570312500000004 0.1770625 0.08246562499999992 0.1809578125 0.08246562499999992 0.17025 0.04102499999999988 0.1701078125
4 0.03019843749999988 0.45932500000000004 0.02803281249999993 0.5069875 0.0735062499999999 0.505903125 0.07483125000000007 0.458490625 0.03019843749999988 0.45932500000000004
4 0.024784374999999942 0.695465625 0.0237015624999999 0.7442109375000001 0.0670109374999998 0.7442109375000001 0.06804218750000002 0.6970562499999999 0.024784374999999942 0.695465625
4 0.20973125000000004 0.6412109375 0.20953749999999996 0.6470375000000002 0.23050781249999994 0.6860828125 0.2521578124999999 0.6857171875 0.2521578124999999 0.6423890625 0.20973125000000004 0.6412109375
4 0.2478265624999999 0.46365781250000004 0.2478265624999999 0.505903125 0.29113593749999994 0.5069875 0.2920609375 0.4623703125 0.2478265624999999 0.46365781250000004
4 0.47890937499999997 0.4656921875000001 0.4799359374999999 0.511890625 0.5240609374999999 0.5129171875 0.5238968749999999 0.464965625 0.47890937499999997 0.4656921875000001
3 0.6767828125 0.29995625 0.6677656249999999 0.318690625 0.6619859375 0.321696875 0.6631421875 0.3251671875 0.6629109375 0.3290984375 0.6515828124999999 0.34366875 0.7186265624999999 0.386225 0.7294921875 0.36957343750000005 0.7324968749999999 0.36749218749999996 0.733653125 0.367028125 0.733884375 0.36309687500000004 0.74544375 0.3434375 0.6767828125 0.29995625
3 0.5694444444444444 0.3541666666666667 0.5555555555555556 0.3726851851851852 0.5486111111111112 0.3773148148148148 0.5393518518518519 0.3912037037037037 0.5254629629629629 0.3819444444444444 0.5393518518518519 0.3912037037037037 0.5462962962962963 0.37962962962962965 0.5555555555555556 0.3726851851851852 0.5671296296296297 0.35648148148148145
3 0.22916666666666666 0.6851851851851852 0.23148148148148148 0.6944444444444444 0.23842592592592593 0.7037037037037037 0.2337962962962963 0.7106481481481481 0.23842592592592593 0.7037037037037037 0.2337962962962963 0.6990740740740741 0.22916666666666666 0.6875
3 0.07744062499999994 0.1781171875 0.07569374999999988 0.17833593749999999 0.07372812499999999 0.1805203125 0.07307343749999999 0.184453125 0.06062343749999986 0.2014984375 0.12374531249999994 0.25153749999999997 0.1390359374999998 0.2329640625 0.14121874999999992 0.23252656249999998 0.14187499999999992 0.2279375 0.07744062499999994 0.1781171875
3 0.8051640624999999 0.7176234375 0.7445093749999999 0.7720140625 0.767440625 0.7951406249999999 0.8292046875 0.7388984375000001 0.8133015625 0.7231734375000001 0.8147796875 0.7202125 0.812746875 0.7165125000000001 0.8114515625000001 0.7165125000000001 0.8051640624999999 0.7176234375
5 0.8171296296296297 0.3680555555555556 0.8125 0.3587962962962963 0.8125 0.3541666666666667 0.8217592592592593 0.3472222222222222 0.8287037037037037 0.3472222222222222 0.8287037037037037 0.34953703703703703 0.8263888888888888 0.3472222222222222 0.8217592592592593 0.3472222222222222 0.8171296296296297 0.34953703703703703 0.8125 0.35648148148148145 0.8148148148148148 0.36342592592592593 0.8194444444444444 0.3680555555555556
5 0.6041666666666666 0.6666666666666666 0.6134259259259259 0.6759259259259259 0.6226851851851852 0.6759259259259259 0.625 0.6736111111111112 0.6226851851851852 0.6759259259259259 0.6134259259259259 0.6759259259259259 0.6064814814814815 0.6689814814814815
5 0.41898148148148145 0.35648148148148145 0.41203703703703703 0.36342592592592593 0.4027777777777778 0.36342592592592593 0.39351851851851855 0.3587962962962963 0.39351851851851855 0.35648148148148145 0.4027777777777778 0.36342592592592593 0.4097222222222222 0.36342592592592593 0.4166666666666667 0.3587962962962963
5 0.2962962962962963 0.4097222222222222 0.30324074074074076 0.4097222222222222 0.3148148148148148 0.41435185185185186 0.31712962962962965 0.41898148148148145 0.31712962962962965 0.4305555555555556 0.3148148148148148 0.4351851851851852 0.3125 0.4351851851851852 0.31712962962962965 0.4305555555555556 0.31712962962962965 0.41898148148148145 0.3101851851851852 0.41203703703703703 0.30324074074074076 0.41203703703703703 0.30092592592592593 0.4097222222222222 0.2916666666666667 0.4166666666666667 0.29398148148148145 0.41203703703703703
5 0.11805555555555555 0.30092592592592593 0.125 0.2986111111111111 0.13194444444444445 0.3055555555555556 0.13194444444444445 0.3148148148148148 0.12731481481481483 0.32175925925925924 0.125 0.32175925925925924 0.13194444444444445 0.3125 0.13194444444444445 0.3055555555555556 0.12268518518518519 0.2986111111111111 0.12037037037037036 0.30092592592592593
2 0.13657407407407407 0.30324074074074076 0.016203703703703703 0.09953703703703703
2 0.08564814814814815 0.3425925925925926 0.11342592592592593 0.3773148148148148 0.11805555555555555 0.38657407407407407 0.11805555555555555 0.3888888888888889 0.11342592592592593 0.3888888888888889 0.08796296296296297 0.3587962962962963 0.08564814814814815 0.3541666666666667 0.08796296296296297 0.3587962962962963 0.09722222222222222 0.36574074074074076 0.10185185185185185 0.3773148148148148 0.1087962962962963 0.3819444444444444 0.11342592592592593 0.3888888888888889 0.11805555555555555 0.38657407407407407 0.11342592592592593 0.3773148148148148 0.09490740740740741 0.35648148148148145 0.08796296296296297 0.3449074074074074
2 0.7337962962962963 0.6689814814814815 0.7361111111111112 0.6689814814814815 0.7268518518518519 0.6782407407407407 0.7222222222222222 0.6898148148148148 0.7152777777777778 0.6990740740740741 0.7245370370370371 0.6851851851851852 0.7291666666666666 0.6736111111111112 0.7337962962962963 0.6712962962962963
2 0.375 0.5833333333333334 0.3773148148148148 0.5833333333333334 0.3773148148148148 0.5856481481481481 0.38657407407407407 0.5925925925925926 0.38657407407407407 0.5949074074074074 0.4027777777777778 0.6111111111111112 0.4050925925925926 0.6111111111111112 0.4050925925925926 0.6134259259259259 0.4097222222222222 0.6157407407407407 0.4166666666666667 0.625 0.41898148148148145 0.625 0.41898148148148145 0.6273148148148148 0.3819444444444444 0.5902777777777778 0.37962962962962965 0.5902777777777778 0.3773148148148148 0.5856481481481481
2 0.7268518518518519 0.41435185185185186 0.7291666666666666 0.41435185185185186 0.7314814814814815 0.4212962962962963 0.7407407407407407 0.42824074074074076 0.7476851851851852 0.4375 0.7476851851851852 0.44212962962962965 0.7569444444444444 0.44907407407407407 0.7592592592592593 0.45601851851851855 0.7662037037037037 0.46296296296296297 0.7476851851851852 0.44212962962962965 0.7430555555555556 0.43287037037037035 0.7337962962962963 0.42592592592592593 0.7291666666666666 0.4166666666666667
1 0.09698124999999996 0.557575 0.08591093749999983 0.5566328125000001 0.07837343749999988 0.5526265625 0.07413437499999999 0.5469703125 0.07319218749999992 0.5417875000000001 0.0689531249999999 0.5363671875 0.062828125 0.5321250000000001 0.057410937500000064 0.529534375 0.05293593749999993 0.529534375 0.045164062499999866 0.533775 0.04186562499999993 0.5399015625 0.04469218749999989 0.5462640625 0.04893281249999991 0.552390625 0.05293593749999993 0.5540406250000001 0.055762499999999895 0.5561609375000001 0.05293593749999993 0.5578109375000001 0.05552656250000004 0.5634656250000001 0.059295312499999815 0.56629375 0.06683281250000003 0.56935625 0.07342812500000004 0.5733625 0.08049374999999988 0.5771328125 0.09085781249999993 0.57901875 0.09651093749999999 0.5801968750000001 0.10098593749999986 0.5839671875 0.10334062499999998 0.5860875000000001 0.10946406250000001 0.5865593750000001 0.11346874999999991 0.5858515625 0.11629531249999987 0.582553125 0.11841562499999989 0.5787828125 0.11864999999999999 0.572184375 0.11676562499999997 0.5674718750000001 0.11017187499999997 0.5620515625000001 0.1068734374999999 0.55993125 0.10192812500000006 0.5582812500000001 0.09698124999999996 0.557575
1 0.25519062499999995 0.24583750000000001 0.25559218749999996 0.244628125 0.2567999999999999 0.2412046875 0.2570015625 0.2381828125 0.25619687500000005 0.23616875 0.2541828124999999 0.2337515625 0.2517671875 0.22932031249999998 0.24834374999999995 0.226903125 0.24532499999999993 0.22549218749999997 0.23384843749999995 0.223478125 0.2306265625 0.22267343750000002 0.22800937499999996 0.21723437499999998 0.22659999999999994 0.2103859375 0.22579374999999993 0.20635625 0.22659999999999994 0.20232812500000003 0.22659999999999994 0.20252968750000003 0.22700156249999992 0.2003140625 0.22800937499999996 0.198703125 0.23304218749999994 0.19568125 0.23908281249999985 0.19467343750000002 0.25297499999999995 0.19850156249999998 0.25800937499999993 0.1980984375 0.26062656249999994 0.19467343750000002 0.26364687499999995 0.1918546875 0.26344531250000003 0.1880265625 0.26425000000000004 0.1817828125 0.2622374999999999 0.17473281250000003 0.2616328125 0.1731203125 0.2600218749999999 0.169696875 0.25861249999999997 0.16586874999999998 0.2576062499999999 0.16445937500000002 0.25519062499999995 0.16405625 0.2537812499999999 0.16566875 0.2537812499999999 0.169696875 0.2549890624999999 0.17251718749999997 0.2565999999999999 0.17453125000000003 0.25901562499999997 0.17835781250000002 0.25941875 0.18339375 0.25881406250000005 0.18742187500000002 0.25599531249999996 0.191653125 0.25076093750000006 0.19084687500000003 0.24411562499999995 0.1894375 0.23586093750000003 0.187825 0.23183437499999998 0.1880265625 0.2282109374999999 0.189034375 0.2255921875 0.19084687500000003 0.2239828124999999 0.19225625 0.22196874999999994 0.19487500000000002 0.21935156249999993 0.1983 0.21834531249999986 0.203134375 0.21854531249999992 0.2077671875 0.22015624999999991 0.2142125 0.22297499999999998 0.2200546875 0.22619687499999994 0.22468749999999998 0.2306265625 0.2281109375 0.23445156249999985 0.22932031249999998 0.24190156249999994 0.22992500000000002 0.2473374999999999 0.231334375 0.2477406249999999 0.233953125 0.2473374999999999 0.23717656250000002 0.24653281249999992 0.240196875 0.24653281249999992 0.24624062499999996 0.24955312499999993 0.2504703125 0.2523718749999999 0.248859375 0.25519062499999995 0.24583750000000001
1 0.84180625 0.2333578125 0.8371140625000001 0.2357046875 0.8324203124999999 0.2395453125 0.8264484375 0.24189218750000002 0.8219703125000001 0.2433859375 0.8179171875 0.240825 0.81471875 0.236771875 0.8104515625 0.23143750000000002 0.8059734375 0.227809375 0.8031999999999999 0.22567500000000001 0.7968015625 0.22652968750000002 0.7910421875 0.22994375 0.7865640625 0.2333578125 0.780165625 0.236984375 0.7759 0.24274687500000003 0.7746203125000001 0.24786718750000003 0.7754734375 0.25149531249999996 0.778671875 0.2570421875 0.7814453125 0.26344375000000003 0.7857109375 0.2683515625 0.7840046875 0.2728328125 0.7829375 0.27539375 0.778671875 0.279234375 0.7759 0.280515625 0.771634375 0.2832890625 0.7720609375 0.2862765625 0.775046875 0.2847828125 0.7788859375 0.283075 0.7831515625000001 0.27987500000000004 0.78635 0.277528125 0.7910421875 0.27347343749999997 0.793815625 0.2713390625 0.7950953125 0.26813906249999997 0.7944562500000001 0.262378125 0.7893359375000001 0.257896875 0.78443125 0.2523484375 0.7850703125 0.24808125000000003 0.7859234375 0.24274687500000003 0.790615625 0.238265625 0.7963749999999999 0.23442500000000002 0.7997875 0.2327171875 0.8034140625 0.23442500000000002 0.807465625 0.238478125 0.8117312499999999 0.2448796875 0.818984375 0.24893437499999999 0.8253828125 0.24786718750000003 0.8326343749999999 0.2448796875 0.8373265625 0.240825 0.8422328124999999 0.236984375 0.8456421875000001 0.2317671875 0.84180625 0.2333578125
1 0.8228812499999999 0.6320875 0.8210625 0.6278421875000001 0.8128796875 0.6226875 0.8031796874999999 0.622990625 0.79590625 0.6245078125 0.792875 0.6272359375 0.7892375 0.631784375 0.788328125 0.6384562500000001 0.7816609375 0.6423984374999999 0.7759015625000001 0.6414875000000001 0.7695359375 0.63785 0.76650625 0.632996875 0.7658999999999999 0.6296624999999999 0.7671109375 0.6205656249999999 0.7719609374999999 0.612075 0.7737796875 0.60449375 0.7683234375 0.5984296875 0.758928125 0.5947906250000001 0.75135 0.5917578125 0.7461984375 0.5905453125000001 0.7446828124999999 0.5914546875000001 0.7446828124999999 0.596609375 0.7486234375 0.5999453125 0.754078125 0.602371875 0.761959375 0.6069203125 0.7598374999999999 0.6099515625000002 0.7568062499999999 0.6141968750000001 0.7531687499999999 0.622384375 0.7537750000000001 0.632996875 0.758625 0.63966875 0.7658999999999999 0.6469468749999999 0.7743859375 0.6481593750000001 0.78863125 0.6445203125 0.796209375 0.63785 0.7989375 0.6336046875 0.8049984375 0.628753125 0.8116671875 0.6308750000000001 0.8162140625 0.6323906250000001 0.8210625 0.631178125 0.8228812499999999 0.6320875
1 0.39401406249999993 0.441646875 0.39154062500000003 0.44232187500000003 0.38906718749999997 0.44479687500000004 0.38726718749999994 0.4477203125 0.38524375 0.4519953125 0.38524375 0.45559531249999996 0.3838953124999999 0.46099375000000004 0.37894843749999996 0.46369375000000007 0.37692343749999996 0.46976718750000007 0.37489999999999996 0.4740421875 0.3731015625 0.47854218750000005 0.37265156250000003 0.48056562500000005 0.3719765625 0.484840625 0.37130156249999996 0.489790625 0.3717515625 0.4927140625 0.3717515625 0.49743906250000003 0.371078125 0.5001390625000001 0.369053125 0.5041875 0.3679296875 0.5082375 0.36815468749999997 0.5143109375 0.3697281249999999 0.5197109375000001 0.37399999999999994 0.5233093750000001 0.37782343749999997 0.5239843750000001 0.3838953124999999 0.524209375 0.3895171874999999 0.5179109375000001 0.391765625 0.5113859375 0.391990625 0.5077875000000001 0.39311406249999997 0.5050875 0.3955875 0.5001390625000001 0.39468906249999997 0.4951890625 0.3942390624999999 0.4929390625 0.39401406249999993 0.487990625 0.39491406249999994 0.484840625 0.3962624999999999 0.4774171875 0.3985109375 0.4740421875 0.40188437500000007 0.4722421875000001 0.40368281250000004 0.47044218750000005 0.4048078124999999 0.46616875 0.40705625 0.46009375 0.4086296875 0.45244531250000003 0.4079562499999999 0.445471875 0.40141406249999995 0.44138906250000004 0.39401406249999993 0.441646875
0 0.8402777777777778 0.5 0.8472222222222222 0.5 0.8495370370370371 0.5046296296296297 0.8495370370370371 0.5069444444444444 0.8472222222222222 0.5069444444444444 0.8379629629629629 0.5162037037037037 0.8379629629629629 0.5185185185185185 0.8356481481481481 0.5185185185185185 0.8402777777777778 0.5138888888888888 0.8379629629629629 0.5092592592592593 0.8356481481481481 0.5115740740740741 0.8402777777777778 0.5023148148148148
0 0.6921296296296297 0.41898148148148145 0.6944444444444444 0.4212962962962963 0.6921296296296297 0.4212962962962963 0.6898148148148148 0.42592592592592593 0.6921296296296297 0.42824074074074076 0.6967592592592593 0.42592592592592593 0.6944444444444444 0.42824074074074076 0.6967592592592593 0.43287037037037035 0.7013888888888888 0.4305555555555556 0.7013888888888888 0.42824074074074076 0.7013888888888888 0.4305555555555556 0.6944444444444444 0.4351851851851852 0.6944444444444444 0.4305555555555556 0.6875 0.4236111111111111 0.6875 0.41898148148148145 0.6898148148148148 0.4236111111111111 0.6921296296296297 0.4212962962962963
0 0.41898148148148145 0.22685185185185186 0.42824074074074076 0.22453703703703703 0.42824074074074076 0.22916666666666666 0.4212962962962963 0.2361111111111111 0.4212962962962963 0.24305555555555555 0.41898148148148145 0.24305555555555555 0.41203703703703703 0.2337962962962963 0.41435185185185186 0.2337962962962963 0.41435185185185186 0.23842592592592593 0.41898148148148145 0.24074074074074073 0.42824074074074076 0.22685185185185186 0.4236111111111111 0.22453703703703703 0.41898148148148145 0.22916666666666666
0 0.16435185185185186 0.5532407407407407 0.16898148148148148 0.5532407407407407 0.1712962962962963 0.5555555555555556 0.16666666666666666 0.5625 0.16666666666666666 0.5671296296296297 0.16203703703703703 0.5717592592592593 0.16203703703703703 0.5694444444444444 0.16666666666666666 0.5671296296296297 0.16666666666666666 0.5625 0.16435185185185186 0.5601851851851852 0.16203703703703703 0.5648148148148148 0.16435185185185186 0.5601851851851852 0.16203703703703703 0.5532407407407407
0 0.4722222222222222 0.5208333333333334 0.4722222222222222 0.5231481481481481 0.4791666666666667 0.5277777777777778 0.47685185185185186 0.5324074074074074 0.4699074074074074 0.5347222222222222 0.47685185185185186 0.5300925925925926 0.4722222222222222 0.5231481481481481 0.4699074074074074 0.5254629629629629 0.4699074074074074 0.5300925925925926 0.4699074074074074 0.5254629629629629 0.4722222222222222 0.5231481481481481