4 0.4783859374999999 0.17809375 0.47799531249999994 0.20922031249999998 0.47799531249999994 0.2197703125 0.47799531249999994 0.2217234375 0.5203125 0.221875 0.5203125 0.2192484375 0.5204421875 0.1823921875 0.5203125 0.178125 0.4783859374999999 0.17809375
4 0.953071875 0.173175 0.9091921875 0.1734359375 0.9091921875 0.21459062499999998 0.909321875 0.21745625000000002 0.9535921875 0.217325 0.9534625 0.216153125 0.953071875 0.173175
4 0.88149375 0.4615015625 0.867825 0.45998125 0.8578125 0.45937500000000003 0.8578125 0.46406250000000004 0.85625 0.465625 0.8566890625 0.50455625 0.8578125 0.503125 0.8765625 0.5046875000000001 0.9037656249999999 0.5055703125 0.903125 0.49531250000000004 0.9015625 0.4625 0.88149375 0.4615015625
4 0.9171875 0.70625 0.9134890625 0.7065828125000001 0.9140625 0.74375 0.9139671875 0.7544671875 0.916840625 0.7542281250000001 0.9359375 0.753125 0.9606453125000001 0.753509375 0.9609375 0.7515625 0.9609375 0.7078125 0.9604062499999999 0.7068218749999999 0.9171875 0.70625
4 0.6956125 0.5711828125 0.6915421875 0.5711828125 0.691303125 0.57884375 0.6915421875 0.58506875 0.6921875 0.6078125000000001 0.6922609375000001 0.6104484375 0.6924999999999999 0.615715625 0.6968749999999999 0.6156250000000001 0.7328125 0.6156250000000001 0.73798125 0.61619375 0.7375015625000001 0.5733375 0.7375015625000001 0.5709421875 0.6956125 0.5711828125
4 0.4819515625 0.4671015625 0.47954687500000004 0.4671015625 0.4796875 0.5046875000000001 0.47964999999999997 0.5128343750000001 0.48419843749999997 0.5125937500000001 0.523934375 0.5116359375 0.523934375 0.4848203125 0.5234375 0.47968750000000004 0.5234375 0.46718750000000003 0.4819515625 0.4671015625
4 0.266690625 0.4642453125 0.26366875 0.463678125 0.25044687499999996 0.4638671875 0.24855937499999992 0.463678125 0.24843749999999998 0.503125 0.2491249999999999 0.5065609375 0.25312499999999993 0.5062500000000001 0.2902984374999999 0.50599375 0.29048749999999995 0.5031609375 0.2908656249999999 0.4676453125000001 0.2908656249999999 0.46348906250000005 0.266690625 0.4642453125
4 0.06874999999999998 0.4609375 0.0328124999999999 0.4609375 0.029582812499999937 0.46088125 0.029582812499999937 0.5062203125 0.03147187499999996 0.50603125 0.07283437499999999 0.5058421875 0.07226718749999987 0.5030078125 0.07283437499999999 0.46163593750000004 0.0735890624999999 0.46125781250000003 0.06874999999999998 0.4609375
4 0.7356125 0.3030234375 0.6920828125 0.30360625 0.6921875 0.3046875 0.6921875 0.3453125 0.6923734375 0.34802031250000004 0.735903125 0.347146875 0.7360484374999999 0.3451078125 0.7361953125 0.342340625 0.735903125 0.310596875 0.7356125 0.3030234375
4 0.20940781250000004 0.6437203125000001 0.2095671874999999 0.650721875 0.20940781250000004 0.6586796874999999 0.2089312499999999 0.6855734375 0.21249999999999988 0.6859375000000001 0.25268281249999985 0.68636875 0.2523640624999999 0.6854140625 0.2523640624999999 0.6811171875 0.25315937499999996 0.643403125 0.24774999999999991 0.6435609375 0.20940781250000004 0.6437203125000001
4 0.025474999999999873 0.6995718750000001 0.025954687499999858 0.7442031250000001 0.06913593749999981 0.7442031250000001 0.06913593749999981 0.70053125 0.025474999999999873 0.6995718750000001
1 0.17642343749999986 0.3907734375 0.1698453125 0.391934375 0.16562499999999988 0.396875 0.16597500000000007 0.40606250000000005 0.16655624999999996 0.4126421875000001 0.1576546874999999 0.4176750000000001 0.15629999999999994 0.42231875 0.1484375 0.4234375 0.14449843749999994 0.426190625 0.14198281249999997 0.4323828125 0.14120781250000003 0.43915625 0.14333749999999992 0.44825312500000003 0.14914218749999997 0.45522031250000006 0.15900937499999987 0.46199375 0.182615625 0.46218750000000003 0.1841625 0.47573437500000004 0.18958124999999995 0.476703125 0.19374999999999998 0.47187500000000004 0.19374999999999998 0.453125 0.18764531249999983 0.44554375000000007 0.17119999999999996 0.44864062499999996 0.16133124999999993 0.4472859375 0.15668749999999992 0.442446875 0.1545593749999999 0.434125 0.17061874999999993 0.42812500000000003 0.17274687499999997 0.42173906250000004 0.17835781249999996 0.41225625 0.1796875 0.4046875 0.17893906249999983 0.40045000000000003 0.17642343749999986 0.3907734375
1 0.30781249999999993 0.38593750000000004 0.296875 0.38593750000000004 0.29374999999999996 0.3875 0.2906249999999999 0.39375000000000004 0.2906249999999999 0.3984375 0.2951843749999999 0.4099640625 0.294409375 0.4211984375 0.30060624999999996 0.43475625 0.3095140624999999 0.445603125 0.3160984374999999 0.4607125 0.32343749999999993 0.46406250000000004 0.33430156249999987 0.46458593750000005 0.3374999999999999 0.4578125 0.33906249999999993 0.45156250000000003 0.3359375 0.44375000000000003 0.32229531249999993 0.4188734375 0.3145484374999999 0.39563125000000005 0.30781249999999993 0.38593750000000004
2 0.46034062499999995 0.248725 0.4558859375 0.2421890625 0.45603437500000005 0.255409375 0.45989531250000004 0.27056250000000004 0.4618265625 0.2788828125 0.46464843749999996 0.2924 0.47014374999999997 0.31646718749999997 0.4732624999999999 0.32671718749999995 0.47519375 0.341721875 0.48172812499999995 0.34231562500000007 0.484253125 0.33830468750000003 0.4803921875 0.33370000000000005 0.4783125 0.3212203125 0.47459999999999997 0.310228125 0.46865781249999994 0.284378125 0.46553906249999993 0.2711578125 0.46271718749999996 0.25585625 0.46034062499999995 0.248725
2 0.1982609374999999 0.3187296875 0.1947328125 0.3097296875 0.18379375000000006 0.2841390625 0.17920625 0.2717859375 0.17250156249999982 0.26437343750000003 0.17179531249999988 0.27266875 0.17779374999999997 0.28802187500000004 0.1859109374999998 0.307259375 0.1934984375000001 0.32737812499999996 0.20002656249999998 0.3416734375 0.20090781249999998 0.3427328125 0.20214374999999998 0.34855625 0.20284843749999995 0.35649843749999993 0.20781249999999996 0.3578125 0.21361249999999998 0.35420312500000006 0.21431874999999995 0.34996718750000005 0.20920156249999997 0.34855625 0.2088484374999999 0.34255625000000006 0.20302499999999998 0.33143750000000005 0.1982609374999999 0.3187296875
4 0.038617187499999935 0.17086875 0.0390625 0.171875 0.039417187499999916 0.2141078125 0.0842468749999999 0.21370625000000001 0.08184531249999984 0.17086875 0.038617187499999935 0.17086875