4 0.90768125 0.17292343749999997 0.90768125 0.21749218750000002 0.9534796875 0.217075 0.9533859375 0.1730625 0.90768125 0.17292343749999997
4 0.9125609374999999 0.706246875 0.9141874999999999 0.7521984375 0.960525 0.75341875 0.9593046875 0.7046203125 0.9125609374999999 0.706246875
4 0.8560609375 0.458296875 0.8556546875000001 0.5034359375 0.9028062499999999 0.5046546875 0.9031578125 0.45917187500000006 0.8560609375 0.458296875
4 0.737371875 0.5701265624999999 0.691034375 0.5701265624999999 0.691034375 0.616078125 0.737778125 0.6156718749999999 0.737371875 0.5701265624999999
4 0.691034375 0.301153125 0.6902203124999999 0.3475109375 0.7353390625 0.3475109375 0.7356875 0.3008015625 0.691034375 0.301153125
4 0.47736562499999996 0.177690625 0.47736562499999996 0.22101874999999999 0.522840625 0.22101874999999999 0.5217578125 0.17444062500000002 0.47736562499999996 0.177690625
4 0.04102499999999988 0.1701078125 0.039942187499999976 0.21451875 0.08216874999999983 0.21560312499999998 0.08433437500000004 0.167940625 0.04102499999999988 0.1701078125
4 0.03019843749999988 0.45932500000000004 0.02803281249999993 0.5069875 0.0735062499999999 0.505903125 0.07483125000000007 0.458490625 0.03019843749999988 0.45932500000000004
4 0.024784374999999942 0.695465625 0.0237015624999999 0.7442109375000001 0.0670109374999998 0.7442109375000001 0.06804218750000002 0.6970562499999999 0.024784374999999942 0.695465625
4 0.2088484374999999 0.6423890625 0.207765625 0.6857171875 0.2521578124999999 0.6857171875 0.2521578124999999 0.6423890625 0.2088484374999999 0.6423890625
4 0.2478265624999999 0.46365781250000004 0.2478265624999999 0.505903125 0.29113593749999994 0.5069875 0.2920609375 0.4623703125 0.2478265624999999 0.46365781250000004
4 0.47890937499999997 0.4656921875000001 0.4799359374999999 0.511890625 0.5240609374999999 0.5129171875 0.5238968749999999 0.464965625 0.47890937499999997 0.4656921875000001
1 0.6217687500000001 0.3761390625 0.6119890625000001 0.3755625000000001 0.6073859374999999 0.37642656250000006 0.6019203125 0.372971875 0.5941546875 0.3689421875 0.585525 0.3689421875 0.57286875 0.36779062500000004 0.5653890625 0.36779062500000004 0.561075 0.3698046875 0.556471875 0.3669265625 0.5507187499999999 0.36779062500000004 0.5429531249999999 0.37038125000000005 0.5406515624999999 0.3749875 0.5397890624999999 0.38189687499999997 0.5432406249999999 0.38621406249999995 0.5484171875 0.38938125 0.555321875 0.3905328125 0.5651015625 0.39024531250000005 0.5748812499999999 0.39024531250000005 0.5832234374999999 0.3911078125 0.5889765625 0.3925484375 0.59846875 0.3951390625000001 0.6036468749999999 0.396290625 0.6099749999999999 0.39772968750000004 0.615728125 0.396865625 0.62263125 0.3948515625 0.626371875 0.38938125 0.626659375 0.38448750000000004 0.6243968750000001 0.37913437499999997 0.6217687500000001 0.3761390625
1 0.584375 0.49332500000000007 0.5794843749999999 0.50714375 0.580346875 0.5160671875 0.585525 0.5209625 0.590990625 0.5221140625 0.5953046874999999 0.5221140625 0.6001953124999999 0.518659375 0.6042218749999999 0.512325 0.6042218749999999 0.5059921875 0.6059484374999999 0.49994687500000007 0.6091125 0.49649218749999996 0.615153125 0.490734375 0.616015625 0.48065781250000006 0.6131390625 0.47432500000000005 0.6111265625 0.467415625 0.6111265625 0.46194531250000004 0.614578125 0.45762812500000005 0.6154406250000001 0.4515828125 0.6122765625 0.44179375000000004 0.6065234375 0.43747656250000005 0.5996203125 0.43862812500000004 0.5932921875 0.44380937500000006 0.591853125 0.45388593750000006 0.590703125 0.4613703125 0.5895515625 0.46799218750000005 0.5892640625 0.47547656250000003 0.5878265625 0.48094687500000005 0.584375 0.49332500000000007
0 0.60619375 0.4158156250000001 0.6051187499999999 0.4173515625 0.599746875 0.4173515625 0.5949890624999999 0.417965625 0.5920734375 0.4185796875 0.591765625 0.41919531250000003 0.59023125 0.4210375 0.5911515624999999 0.42180625 0.5952953124999999 0.42180625 0.6000546874999999 0.421959375 0.603584375 0.42180625 0.6071140625 0.4214984375 0.6088031249999999 0.42180625 0.6112578125 0.4210375 0.6118718750000001 0.419040625 0.6118718750000001 0.41642968750000003 0.6092624999999999 0.4153546875 0.60619375 0.4158156250000001
0 0.5437249999999999 0.43102187500000005 0.54265 0.43286562500000003 0.5408093749999999 0.435784375 0.5401953125 0.438703125 0.53850625 0.441621875 0.5366640625 0.4442328125 0.5375859374999999 0.4473046875 0.5400421875 0.447765625 0.5432640625 0.4471515625 0.5444921875000001 0.445615625 0.543878125 0.4433109375 0.5440328124999999 0.4400859375 0.5449531249999999 0.43732031250000003 0.5454140624999999 0.43593750000000003 0.5472546875 0.43363437500000007 0.5472546875 0.4313296875 0.5469484375 0.4294859375 0.5437249999999999 0.43102187500000005