4 0.09231875 0.17292343749999997 0.0466140625 0.1730625 0.0465203125 0.217075 0.09231875 0.21749218750000002 0.09231875 0.17292343749999997
4 0.08743906250000001 0.706246875 0.04069531250000001 0.7046203125 0.039475 0.75341875 0.08581250000000001 0.7521984375 0.08743906250000001 0.706246875
4 0.1439390625 0.458296875 0.0968421875 0.45917187500000006 0.09719375000000001 0.5046546875 0.14434531250000002 0.5034359375 0.1439390625 0.458296875
4 0.26262812500000005 0.5701265624999999 0.26222187500000005 0.6156718749999999 0.308965625 0.616078125 0.308965625 0.5701265624999999 0.26262812500000005 0.5701265624999999
4 0.308965625 0.301153125 0.2643125 0.3008015625 0.2646609375 0.3475109375 0.3097796875 0.3475109375 0.308965625 0.301153125
4 0.522634375 0.177690625 0.4782421875 0.17444062500000002 0.47715937500000005 0.22101874999999999 0.522634375 0.22101874999999999 0.522634375 0.177690625
4 0.9589750000000001 0.1701078125 0.9156656249999999 0.167940625 0.9178312500000002 0.21560312499999998 0.9600578125 0.21451875 0.9589750000000001 0.1701078125
4 0.9698015625000002 0.45932500000000004 0.92516875 0.458490625 0.9264937500000001 0.505903125 0.9719671875000001 0.5069875 0.9698015625000002 0.45932500000000004
4 0.975215625 0.695465625 0.9319578125 0.6970562499999999 0.9329890625000002 0.7442109375000001 0.9762984375000001 0.7442109375000001 0.975215625 0.695465625
4 0.7911515625000001 0.6423890625 0.7478421875000001 0.6423890625 0.7478421875000001 0.6857171875 0.792234375 0.6857171875 0.7911515625000001 0.6423890625
4 0.7521734375000001 0.46365781250000004 0.7079390625 0.4623703125 0.7088640625000001 0.5069875 0.7521734375000001 0.505903125 0.7521734375000001 0.46365781250000004
4 0.521090625 0.4656921875000001 0.47610312500000007 0.464965625 0.47593906250000007 0.5129171875 0.5200640625 0.511890625 0.521090625 0.4656921875000001
1 0.628609375 0.348284375 0.6265328124999999 0.34947031250000005 0.6257921875000001 0.35021250000000004 0.6253562500000001 0.35042968750000003 0.62158125 0.3525875 0.6183468750000001 0.3544734375 0.6126843750000001 0.3582484375 0.6019015625 0.36471875 0.5940828125000001 0.3711890625 0.586534375 0.37739062500000004 0.5789843750000001 0.381434375 0.576559375 0.38547812499999995 0.5741328125 0.387365625 0.5744015625000001 0.391409375 0.5749406250000001 0.39383593750000007 0.5749406250000001 0.39437500000000003 0.576828125 0.3968015625 0.5827593750000001 0.39922812500000004 0.586803125 0.4008453125 0.5938125000000001 0.39922812500000004 0.6024406250000001 0.39275625000000003 0.6129546875 0.38709531250000007 0.6248171874999999 0.37739062500000004 0.6358703125 0.36984062500000003 0.6428796874999999 0.363640625 0.6471937500000001 0.36094375000000006 0.6490812499999999 0.35474375 0.6490812499999999 0.35070000000000007 0.6458453125 0.34584687500000005 0.6393750000000001 0.3434203125 0.6339125000000001 0.344034375 0.631725 0.3456140625 0.6296484375 0.34635625 0.628609375 0.348284375
1 0.3790234375 0.5833765625 0.37756875 0.5912703125000001 0.377153125 0.5977109375 0.37569843750000004 0.60498125 0.37590625 0.6143296875000002 0.3748671875 0.6195234375 0.3740375 0.6270015625 0.3729984375 0.6324031250000002 0.3740375 0.639675 0.3734140625000001 0.6467375 0.3761140625 0.6504765625000002 0.3777765625 0.6533859375 0.38130781250000007 0.6552546874999999 0.38650156249999995 0.6565015625 0.39294218750000004 0.6515156250000002 0.3964734375 0.64320625 0.39626562500000007 0.6378046875000001 0.39626562500000007 0.6272093750000001 0.3964734375 0.61703125 0.3993812500000001 0.6053968750000001 0.4010437500000001 0.5935562499999999 0.40187500000000004 0.581921875 0.400628125 0.5758968750000001 0.39730468750000003 0.5719500000000001 0.39356406250000003 0.570496875 0.38878593750000007 0.570496875 0.38278906250000005 0.5719921875 0.3811 0.5748593750000001 0.3808921875 0.5781828125 0.3790234375 0.5833765625
5 0.5625 0.35185185185185186 0.5648148148148148 0.35185185185185186 0.5578703703703703 0.3611111111111111 0.5648148148148148 0.37037037037037035 0.5763888888888888 0.3726851851851852 0.5833333333333334 0.36574074074074076 0.5833333333333334 0.35648148148148145 0.5787037037037037 0.35185185185185186 0.5810185185185185 0.35185185185185186 0.5833333333333334 0.35648148148148145 0.5833333333333334 0.36574074074074076 0.5763888888888888 0.3726851851851852 0.5625 0.37037037037037035 0.5578703703703703 0.36342592592592593 0.5578703703703703 0.3587962962962963 0.5625 0.3541666666666667
5 0.13425925925925927 0.38425925925925924 0.14351851851851852 0.38425925925925924 0.14814814814814814 0.38657407407407407 0.15046296296296297 0.3912037037037037 0.15046296296296297 0.39814814814814814 0.14351851851851852 0.4074074074074074 0.13194444444444445 0.4050925925925926 0.14351851851851852 0.4074074074074074 0.15046296296296297 0.39814814814814814 0.15046296296296297 0.3912037037037037 0.14351851851851852 0.38425925925925924 0.13657407407407407 0.38425925925925924