4 0.09231875 0.8270765625000001 0.09231875 0.7825078124999999 0.0465203125 0.7829250000000001 0.0466140625 0.8269374999999999 0.09231875 0.8270765625000001
4 0.08743906250000001 0.29375312499999995 0.08581250000000001 0.2478015625 0.039475 0.24658125 0.04069531250000001 0.29537968749999993 0.08743906250000001 0.29375312499999995
4 0.1439390625 0.541703125 0.14434531250000002 0.49656406249999996 0.09719375000000001 0.49534531249999997 0.0968421875 0.540828125 0.1439390625 0.541703125
4 0.26262812500000005 0.4298734375 0.308965625 0.4298734375 0.308965625 0.38392187499999997 0.26222187500000005 0.3843281250000001 0.26262812500000005 0.4298734375
4 0.308965625 0.698846875 0.3097796875 0.6524890624999999 0.2646609375 0.6524890624999999 0.2643125 0.6991984375 0.308965625 0.698846875
4 0.522634375 0.8223093750000001 0.522634375 0.7789812500000001 0.47715937500000005 0.7789812500000001 0.4782421875 0.8255593750000001 0.522634375 0.8223093750000001
4 0.9589750000000001 0.8298921874999999 0.9600578125 0.78548125 0.9178312500000002 0.7843968750000001 0.9156656249999999 0.832059375 0.9589750000000001 0.8298921874999999
4 0.9698015625000002 0.540675 0.9719671875000001 0.49301249999999996 0.9264937500000001 0.494096875 0.92516875 0.541509375 0.9698015625000002 0.540675
4 0.975215625 0.304534375 0.9762984375000001 0.2557890624999999 0.9329890625000002 0.2557890624999999 0.9319578125 0.30294375000000007 0.975215625 0.304534375
4 0.7911515625000001 0.3576109374999999 0.792234375 0.3142828125 0.7478421875000001 0.3142828125 0.7478421875000001 0.3576109374999999 0.7911515625000001 0.3576109374999999
4 0.7521734375000001 0.5363421875 0.7521734375000001 0.494096875 0.7088640625000001 0.49301249999999996 0.7079390625 0.5376296875 0.7521734375000001 0.5363421875
4 0.521090625 0.5343078124999999 0.5200640625 0.488109375 0.47593906250000007 0.48708281249999996 0.47610312500000007 0.535034375 0.521090625 0.5343078124999999
2 0.9537037037037037 0.4444444444444444 0.9560185185185185 0.44212962962962965 0.9537037037037037 0.4398148148148148 0.9537037037037037 0.4050925925925926 0.9513888888888888 0.4027777777777778 0.9513888888888888 0.3888888888888889 0.9490740740740741 0.38657407407407407 0.9490740740740741 0.35185185185185186 0.9537037037037037 0.35185185185185186 0.9560185185185185 0.35648148148148145 0.9560185185185185 0.38425925925925924 0.9583333333333334 0.38657407407407407 0.9583333333333334 0.3958333333333333 0.9606481481481481 0.39814814814814814 0.9606481481481481 0.42592592592592593 0.9629629629629629 0.42824074074074076 0.9606481481481481 0.4305555555555556 0.9652777777777778 0.44212962962962965 0.9652777777777778 0.44907407407407407 0.9606481481481481 0.4537037037037037 0.9560185185185185 0.4513888888888889 0.9560185185185185 0.44675925925925924
2 0.8240740740740741 0.3194444444444444 0.8379629629629629 0.3125 0.8425925925925926 0.3125 0.8518518518518519 0.3055555555555556 0.8564814814814815 0.3055555555555556 0.8865740740740741 0.2916666666666667 0.8912037037037037 0.2916666666666667 0.8958333333333334 0.28703703703703703 0.9027777777777778 0.28703703703703703 0.9097222222222222 0.2800925925925926 0.9143518518518519 0.2824074074074074 0.9143518518518519 0.28935185185185186 0.9050925925925926 0.28935185185185186 0.8981481481481481 0.29398148148148145 0.8912037037037037 0.29398148148148145 0.8865740740740741 0.2986111111111111 0.8703703703703703 0.30324074074074076 0.8611111111111112 0.3101851851851852 0.8449074074074074 0.3148148148148148 0.8402777777777778 0.3194444444444444 0.8333333333333334 0.3194444444444444 0.8263888888888888 0.32407407407407407 0.8240740740740741 0.32407407407407407 0.8240740740740741 0.32175925925925924
2 0.6689814814814815 0.39351851851851855 0.6782407407407407 0.38657407407407407 0.6805555555555556 0.3888888888888889 0.6805555555555556 0.3958333333333333 0.6759259259259259 0.3958333333333333 0.6689814814814815 0.40046296296296297 0.6666666666666666 0.4050925925925926 0.6365740740740741 0.42824074074074076 0.6319444444444444 0.4351851851851852 0.6134259259259259 0.44907407407407407 0.6064814814814815 0.4513888888888889 0.6064814814814815 0.44907407407407407 0.6273148148148148 0.4305555555555556 0.6296296296296297 0.4305555555555556 0.6319444444444444 0.42592592592592593 0.6574074074074074 0.4074074074074074 0.6597222222222222 0.4027777777777778 0.6689814814814815 0.3958333333333333
2 0.37037037037037035 0.43287037037037035 0.41203703703703703 0.46064814814814814 0.4166666666666667 0.46064814814814814 0.41898148148148145 0.4652777777777778 0.4236111111111111 0.4652777777777778 0.4305555555555556 0.4699074074074074 0.43287037037037035 0.47453703703703703 0.44212962962962965 0.4791666666666667 0.44675925925925924 0.4791666666666667 0.44675925925925924 0.4861111111111111 0.44212962962962965 0.48842592592592593 0.4398148148148148 0.48842592592592593 0.4375 0.4837962962962963 0.42824074074074076 0.47685185185185186 0.4236111111111111 0.47685185185185186 0.41435185185185186 0.4675925925925926 0.4027777777777778 0.46296296296296297 0.3773148148148148 0.4444444444444444 0.36574074074074076 0.4398148148148148 0.36342592592592593 0.43287037037037035 0.36574074074074076 0.4305555555555556 0.3680555555555556 0.43287037037037035
2 0.14351851851851852 0.2916666666666667 0.1527777777777778 0.2916666666666667 0.17824074074074073 0.3055555555555556 0.18287037037037038 0.3055555555555556 0.1875 0.3101851851851852 0.19212962962962962 0.3101851851851852 0.2037037037037037 0.31712962962962965 0.2199074074074074 0.32175925925925924 0.22453703703703703 0.3263888888888889 0.2337962962962963 0.3263888888888889 0.23842592592592593 0.33101851851851855 0.23842592592592593 0.3333333333333333 0.23148148148148148 0.33564814814814814 0.21064814814814814 0.32407407407407407 0.20601851851851852 0.32407407407407407 0.2013888888888889 0.3194444444444444 0.19444444444444445 0.3194444444444444 0.18981481481481483 0.3148148148148148 0.18287037037037038 0.3148148148148148 0.17824074074074073 0.3101851851851852 0.1736111111111111 0.3101851851851852 0.16666666666666666 0.30324074074074076 0.1597222222222222 0.30324074074074076 0.1550925925925926 0.2986111111111111 0.15046296296296297 0.2986111111111111 0.14351851851851852 0.29398148148148145
2 0.09953703703703703 0.39351851851851855 0.04398148148148148 0.09953703703703703
2 0.11574074074074074 0.6550925925925926 0.02546296296296296 0.09953703703703703
2 0.22685185185185186 0.7152777777777778 0.2199074074074074 0.7268518518518519 0.21296296296296297 0.7291666666666666 0.19212962962962962 0.7476851851851852 0.18287037037037038 0.7523148148148148 0.18055555555555555 0.7569444444444444 0.1736111111111111 0.7592592592592593 0.16435185185185186 0.7662037037037037 0.16203703703703703 0.7708333333333334 0.1597222222222222 0.7708333333333334 0.15046296296296297 0.7800925925925926 0.14583333333333334 0.7800925925925926 0.14351851851851852 0.7731481481481481 0.14814814814814814 0.7731481481481481 0.16203703703703703 0.7638888888888888 0.16435185185185186 0.7592592592592593 0.17592592592592593 0.7523148148148148 0.1875 0.7407407407407407 0.20601851851851852 0.7291666666666666 0.20833333333333334 0.7245370370370371 0.22453703703703703 0.7152777777777778
2 0.35185185185185186 0.7060185185185185 0.3587962962962963 0.7060185185185185 0.3726851851851852 0.7152777777777778 0.3773148148148148 0.7152777777777778 0.3819444444444444 0.7199074074074074 0.4305555555555556 0.7430555555555556 0.4398148148148148 0.75 0.4375 0.7546296296296297 0.42824074074074076 0.7523148148148148 0.4236111111111111 0.7476851851851852 0.41898148148148145 0.7476851851851852 0.41203703703703703 0.7407407407407407 0.4074074074074074 0.7407407407407407 0.4027777777777778 0.7361111111111112 0.39814814814814814 0.7361111111111112 0.39351851851851855 0.7314814814814815 0.3888888888888889 0.7314814814814815 0.38425925925925924 0.7268518518518519 0.37962962962962965 0.7268518518518519 0.375 0.7222222222222222 0.37037037037037035 0.7222222222222222 0.36574074074074076 0.7175925925925926 0.3611111111111111 0.7175925925925926 0.35185185185185186 0.7129629629629629 0.35185185185185186 0.7083333333333334