4 0.90768125 0.8270765625000001 0.9533859375 0.8269374999999999 0.9534796875 0.7829250000000001 0.90768125 0.7825078124999999 0.90768125 0.8270765625000001
4 0.9125609374999999 0.29375312499999995 0.9593046875 0.29537968749999993 0.960525 0.24658125 0.9141874999999999 0.2478015625 0.9125609374999999 0.29375312499999995
4 0.8560609375 0.541703125 0.9031578125 0.540828125 0.9028062499999999 0.49534531249999997 0.8556546875000001 0.49656406249999996 0.8560609375 0.541703125
4 0.7228421875000001 0.3825546874999998 0.7082109375 0.40625781250000004 0.6911390625 0.39739687499999987 0.691034375 0.4298734375 0.737371875 0.4298734375 0.737475 0.3827765624999999 0.7228421875000001 0.3825546874999998
4 0.691034375 0.698846875 0.7356875 0.6991984375 0.7353390625 0.6524890624999999 0.6902203124999999 0.6524890624999999 0.691034375 0.698846875
4 0.47736562499999996 0.8223093750000001 0.5217578125 0.8255593750000001 0.522840625 0.7789812500000001 0.47736562499999996 0.7789812500000001 0.47736562499999996 0.8223093750000001
4 0.04102499999999988 0.8298921874999999 0.08433437500000004 0.832059375 0.08216874999999983 0.7843968750000001 0.039942187499999976 0.78548125 0.04102499999999988 0.8298921874999999
4 0.03019843749999988 0.540675 0.07483125000000007 0.541509375 0.0735062499999999 0.494096875 0.02803281249999993 0.49301249999999996 0.03019843749999988 0.540675
4 0.024784374999999942 0.304534375 0.06804218750000002 0.30294375000000007 0.0670109374999998 0.2557890624999999 0.0237015624999999 0.2557890624999999 0.024784374999999942 0.304534375
4 0.2088484374999999 0.3576109374999999 0.2521578124999999 0.3576109374999999 0.2521578124999999 0.3142828125 0.207765625 0.3142828125 0.2088484374999999 0.3576109374999999
4 0.2478265624999999 0.5363421875 0.2920609375 0.5376296875 0.29113593749999994 0.49301249999999996 0.2478265624999999 0.494096875 0.2478265624999999 0.5363421875
4 0.47890937499999997 0.5343078124999999 0.5238968749999999 0.535034375 0.5240609374999999 0.48708281249999996 0.4799359374999999 0.488109375 0.47890937499999997 0.5343078124999999
3 0.1875 0.6296296296296297 0.08796296296296297 0.06481481481481481
3 0.3912037037037037 0.33101851851851855 0.40046296296296297 0.3472222222222222 0.4050925925925926 0.34953703703703703 0.4050925925925926 0.3587962962962963 0.41435185185185186 0.3726851851851852 0.4027777777777778 0.3819444444444444 0.39814814814814814 0.3819444444444444 0.39351851851851855 0.38657407407407407 0.3888888888888889 0.38657407407407407 0.3773148148148148 0.3958333333333333 0.36574074074074076 0.40046296296296297 0.3611111111111111 0.4050925925925926 0.35648148148148145 0.4050925925925926 0.35185185185185186 0.4097222222222222 0.3449074074074074 0.4097222222222222 0.3402777777777778 0.4050925925925926 0.33564814814814814 0.39351851851851855 0.33101851851851855 0.3912037037037037 0.33101851851851855 0.38657407407407407 0.3263888888888889 0.3819444444444444 0.3263888888888889 0.375 0.32175925925925924 0.3680555555555556 0.3425925925925926 0.3541666666666667 0.3472222222222222 0.3541666666666667 0.35185185185185186 0.34953703703703703 0.35648148148148145 0.34953703703703703 0.3587962962962963 0.3449074074074074 0.36342592592592593 0.3449074074074074 0.3819444444444444 0.33101851851851855 0.3888888888888889 0.33101851851851855
3 0.6712962962962963 0.5740740740740741 0.6712962962962963 0.5555555555555556 0.6689814814814815 0.5532407407407407 0.6689814814814815 0.5416666666666666 0.6666666666666666 0.5393518518518519 0.6666666666666666 0.5347222222222222 0.6689814814814815 0.5324074074074074 0.6666666666666666 0.5300925925925926 0.6666666666666666 0.4976851851851852 0.6689814814814815 0.49537037037037035 0.6828703703703703 0.49537037037037035 0.6851851851851852 0.4930555555555556 0.7129629629629629 0.4930555555555556 0.7152777777777778 0.49537037037037035 0.7152777777777778 0.5092592592592593 0.7175925925925926 0.5115740740740741 0.7175925925925926 0.5393518518518519 0.7199074074074074 0.5416666666666666 0.7199074074074074 0.5601851851851852 0.7222222222222222 0.5648148148148148 0.7199074074074074 0.5694444444444444 0.7152777777777778 0.5694444444444444 0.7083333333333334 0.5740740740740741 0.6990740740740741 0.5740740740740741 0.6967592592592593 0.5763888888888888 0.6944444444444444 0.5740740740740741 0.6782407407407407 0.5740740740740741 0.6759259259259259 0.5763888888888888 0.6736111111111112 0.5740740740740741
3 0.8564814814814815 0.6921296296296297 0.8564814814814815 0.6944444444444444 0.8657407407407407 0.7013888888888888 0.8657407407407407 0.7083333333333334 0.8773148148148148 0.7199074074074074 0.8773148148148148 0.7268518518518519 0.8148148148148148 0.7685185185185185 0.8078703703703703 0.7662037037037037 0.8078703703703703 0.7638888888888888 0.7962962962962963 0.7523148148148148 0.7916666666666666 0.7407407407407407 0.7870370370370371 0.7337962962962963 0.7824074074074074 0.7314814814814815 0.7824074074074074 0.7245370370370371 0.8194444444444444 0.7013888888888888 0.8425925925925926 0.6828703703703703 0.8472222222222222 0.6828703703703703 0.8541666666666666 0.6921296296296297
3 0.7407407407407407 0.33101851851851855 0.7453703703703703 0.33796296296296297 0.7407407407407407 0.3402777777777778 0.7407407407407407 0.3472222222222222 0.7361111111111112 0.35648148148148145 0.7268518518518519 0.3680555555555556 0.7268518518518519 0.3726851851851852 0.7083333333333334 0.40046296296296297 0.7037037037037037 0.4027777777777778 0.6967592592592593 0.40046296296296297 0.6805555555555556 0.3888888888888889 0.6875 0.3819444444444444 0.6921296296296297 0.3726851851851852 0.6921296296296297 0.3680555555555556 0.7060185185185185 0.35185185185185186 0.7106481481481481 0.3425925925925926 0.7106481481481481 0.33796296296296297 0.7199074074074074 0.32407407407407407 0.7222222222222222 0.32175925925925924 0.7268518518518519 0.32175925925925924 0.7314814814814815 0.3263888888888889 0.7361111111111112 0.3263888888888889 0.7384259259259259 0.33101851851851855