4 0.90768125 0.17292343749999997 0.90768125 0.21749218750000002 0.9534796875 0.217075 0.9533859375 0.1730625 0.90768125 0.17292343749999997
4 0.9125609374999999 0.706246875 0.9141874999999999 0.7521984375 0.960525 0.75341875 0.9593046875 0.7046203125 0.9125609374999999 0.706246875
4 0.8560609375 0.458296875 0.8554906250000001 0.48330156249999995 0.879615625 0.5062859375000001 0.9028062499999999 0.5046546875 0.9031578125 0.45917187500000006 0.8560609375 0.458296875
4 0.737371875 0.5701265624999999 0.691034375 0.5701265624999999 0.691034375 0.616078125 0.737778125 0.6156718749999999 0.737371875 0.5701265624999999
4 0.691034375 0.301153125 0.6902203124999999 0.3475109375 0.7353390625 0.3475109375 0.7356875 0.3008015625 0.691034375 0.301153125
4 0.47736562499999996 0.177690625 0.47736562499999996 0.22101874999999999 0.522840625 0.22101874999999999 0.5217578125 0.17444062500000002 0.47736562499999996 0.177690625
4 0.04102499999999988 0.1701078125 0.039942187499999976 0.21451875 0.08216874999999983 0.21560312499999998 0.08433437500000004 0.167940625 0.04102499999999988 0.1701078125
4 0.03019843749999988 0.45932500000000004 0.02803281249999993 0.5069875 0.0735062499999999 0.505903125 0.07483125000000007 0.458490625 0.03019843749999988 0.45932500000000004
4 0.024784374999999942 0.695465625 0.0237015624999999 0.7442109375000001 0.0670109374999998 0.7442109375000001 0.06804218750000002 0.6970562499999999 0.024784374999999942 0.695465625
4 0.2088484374999999 0.6423890625 0.207765625 0.6857171875 0.2521578124999999 0.6857171875 0.2521578124999999 0.6423890625 0.2088484374999999 0.6423890625
4 0.2478265624999999 0.46365781250000004 0.2478265624999999 0.505903125 0.29113593749999994 0.5069875 0.2920609375 0.4623703125 0.2478265624999999 0.46365781250000004
4 0.47890937499999997 0.4656921875000001 0.4799359374999999 0.511890625 0.5240609374999999 0.5129171875 0.5238968749999999 0.464965625 0.47890937499999997 0.4656921875000001
3 0.7893518518518519 0.19212962962962962 0.7916666666666666 0.19444444444444445 0.7986111111111112 0.19444444444444445 0.8055555555555556 0.19907407407407407 0.8101851851851852 0.19907407407407407 0.8171296296296297 0.2037037037037037 0.8217592592592593 0.2037037037037037 0.8287037037037037 0.20833333333333334 0.8333333333333334 0.20833333333333334 0.8402777777777778 0.21296296296296297 0.8472222222222222 0.21296296296296297 0.8518518518518519 0.2175925925925926 0.8449074074074074 0.2361111111111111 0.8472222222222222 0.23842592592592593 0.8402777777777778 0.24537037037037038 0.8379629629629629 0.25462962962962965 0.8310185185185185 0.2638888888888889 0.8263888888888888 0.2638888888888889 0.8194444444444444 0.25925925925925924 0.8125 0.25925925925925924 0.8078703703703703 0.25462962962962965 0.8009259259259259 0.25462962962962965 0.7916666666666666 0.24768518518518517 0.7870370370370371 0.24768518518518517 0.7800925925925926 0.24305555555555555 0.7638888888888888 0.23842592592592593 0.7592592592592593 0.2337962962962963 0.7638888888888888 0.22685185185185186 0.7638888888888888 0.2199074074074074 0.7685185185185185 0.21064814814814814 0.7685185185185185 0.2037037037037037 0.7731481481481481 0.19907407407407407 0.7731481481481481 0.19444444444444445 0.7777777777777778 0.1875 0.7824074074074074 0.1875 0.7870370370370371 0.19212962962962962
3 0.17824074074074073 0.24074074074074073 0.17824074074074073 0.25462962962962965 0.18055555555555555 0.2569444444444444 0.18055555555555555 0.28703703703703703 0.17592592592592593 0.2916666666666667 0.12962962962962962 0.2916666666666667 0.12731481481481483 0.29398148148148145 0.12268518518518519 0.2916666666666667 0.1087962962962963 0.2916666666666667 0.10648148148148148 0.29398148148148145 0.10185185185185185 0.2916666666666667 0.09953703703703703 0.28703703703703703 0.09953703703703703 0.26157407407407407 0.10416666666666667 0.2569444444444444 0.10185185185185185 0.25462962962962965 0.10185185185185185 0.24305555555555555 0.10648148148148148 0.24305555555555555 0.1087962962962963 0.24074074074074073 0.17592592592592593 0.24074074074074073
3 0.40046296296296297 0.4398148148148148 0.4027777777777778 0.44212962962962965 0.4027777777777778 0.4513888888888889 0.4050925925925926 0.4537037037037037 0.4050925925925926 0.4652777777777778 0.40046296296296297 0.4699074074074074 0.3587962962962963 0.4699074074074074 0.35648148148148145 0.4675925925925926 0.3472222222222222 0.4675925925925926 0.3449074074074074 0.4699074074074074 0.3263888888888889 0.4699074074074074 0.32175925925925924 0.4583333333333333 0.32407407407407407 0.4537037037037037 0.32407407407407407 0.44212962962962965 0.39814814814814814 0.4398148148148148
3 0.12962962962962962 0.6921296296296297 0.13194444444444445 0.6944444444444444 0.1597222222222222 0.6944444444444444 0.16203703703703703 0.6967592592592593 0.1736111111111111 0.6990740740740741 0.1736111111111111 0.7222222222222222 0.16898148148148148 0.7337962962962963 0.16898148148148148 0.7592592592592593 0.16666666666666666 0.7615740740740741 0.16666666666666666 0.7731481481481481 0.16435185185185186 0.7777777777777778 0.1412037037037037 0.7777777777777778 0.13194444444444445 0.7731481481481481 0.11805555555555555 0.7731481481481481 0.11574074074074074 0.7708333333333334 0.12037037037037036 0.7129629629629629 0.12268518518518519 0.7106481481481481 0.125 0.6944444444444444 0.12731481481481483 0.6944444444444444
3 0.8217592592592593 0.46296296296296297 0.8333333333333334 0.46296296296296297 0.8333333333333334 0.4652777777777778 0.8541666666666666 0.4861111111111111 0.8564814814814815 0.4861111111111111 0.8564814814814815 0.48842592592592593 0.8611111111111112 0.49074074074074076 0.8611111111111112 0.4930555555555556 0.8657407407407407 0.49537037037037035 0.8657407407407407 0.4976851851851852 0.8703703703703703 0.5 0.8842592592592593 0.5162037037037037 0.8865740740740741 0.5162037037037037 0.8819444444444444 0.5231481481481481 0.8726851851851852 0.5300925925925926 0.8726851851851852 0.5347222222222222 0.8657407407407407 0.5370370370370371 0.8564814814814815 0.5462962962962963 0.8541666666666666 0.5462962962962963 0.8518518518518519 0.5509259259259259 0.8449074074074074 0.5509259259259259 0.8449074074074074 0.5486111111111112 0.8402777777777778 0.5462962962962963 0.8402777777777778 0.5439814814814815 0.8356481481481481 0.5416666666666666 0.8356481481481481 0.5393518518518519 0.8263888888888888 0.5324074074074074 0.8263888888888888 0.5300925925925926 0.8217592592592593 0.5277777777777778 0.8217592592592593 0.5254629629629629 0.8171296296296297 0.5231481481481481 0.8171296296296297 0.5208333333333334 0.8125 0.5185185185185185 0.8125 0.5162037037037037 0.8078703703703703 0.5138888888888888 0.7916666666666666 0.49537037037037035 0.8078703703703703 0.4791666666666667 0.8078703703703703 0.47685185185185186 0.8101851851851852 0.47685185185185186 0.8125 0.4722222222222222 0.8217592592592593 0.4652777777777778