4 0.09231875 0.21749218750000002 0.09231875 0.17292343749999997 0.0466140625 0.1730625 0.0465203125 0.217075 0.09231875 0.21749218750000002
4 0.08581250000000001 0.7521984375 0.08743906250000001 0.706246875 0.04069531250000001 0.7046203125 0.039475 0.75341875 0.08581250000000001 0.7521984375
4 0.14434531250000002 0.5034359375 0.1439390625 0.458296875 0.0968421875 0.45917187500000006 0.09719375000000001 0.5046546875 0.14434531250000002 0.5034359375
4 0.308965625 0.5701265624999999 0.26262812500000005 0.5701265624999999 0.26222187500000005 0.6156718749999999 0.308965625 0.616078125 0.308965625 0.5701265624999999
4 0.3097796875 0.3475109375 0.308965625 0.301153125 0.2643125 0.3008015625 0.2646609375 0.3475109375 0.3097796875 0.3475109375
4 0.522634375 0.22101874999999999 0.522634375 0.177690625 0.4782421875 0.17444062500000002 0.47715937500000005 0.22101874999999999 0.522634375 0.22101874999999999
4 0.9600578125 0.21451875 0.9589750000000001 0.1701078125 0.9156656249999999 0.167940625 0.9178312500000002 0.21560312499999998 0.9600578125 0.21451875
4 0.9719671875000001 0.5069875 0.9698015625000002 0.45932500000000004 0.92516875 0.458490625 0.9264937500000001 0.505903125 0.9719671875000001 0.5069875
4 0.9762984375000001 0.7442109375000001 0.975215625 0.695465625 0.9319578125 0.6970562499999999 0.9329890625000002 0.7442109375000001 0.9762984375000001 0.7442109375000001
4 0.792234375 0.6857171875 0.7911515625000001 0.6423890625 0.7478421875000001 0.6423890625 0.7478421875000001 0.6857171875 0.792234375 0.6857171875
4 0.7521734375000001 0.505903125 0.7521734375000001 0.46365781250000004 0.7079390625 0.4623703125 0.7088640625000001 0.5069875 0.7521734375000001 0.505903125
4 0.5200640625 0.511890625 0.521090625 0.4656921875000001 0.47610312500000007 0.464965625 0.47593906250000007 0.5129171875 0.5200640625 0.511890625
0 0.16898148148148148 0.7037037037037037 0.1736111111111111 0.7037037037037037 0.17592592592592593 0.7060185185185185 0.17592592592592593 0.7106481481481481 0.1736111111111111 0.7106481481481481 0.17592592592592593 0.7083333333333334 0.1712962962962963 0.7037037037037037 0.16666666666666666 0.7060185185185185
0 0.4722222222222222 0.6689814814814815 0.4722222222222222 0.6805555555555556 0.47453703703703703 0.6828703703703703 0.4791666666666667 0.6828703703703703 0.4837962962962963 0.6782407407407407 0.4837962962962963 0.6805555555555556 0.4722222222222222 0.6851851851851852 0.4722222222222222 0.6712962962962963
0 0.3773148148148148 0.3958333333333333 0.3888888888888889 0.39351851851851855 0.3888888888888889 0.4074074074074074 0.3888888888888889 0.40046296296296297 0.38657407407407407 0.39814814814814814 0.3888888888888889 0.3958333333333333 0.38657407407407407 0.39351851851851855 0.3819444444444444 0.39351851851851855 0.37962962962962965 0.3958333333333333 0.38425925925925924 0.4074074074074074 0.37962962962962965 0.39814814814814814
0 0.38425925925925924 0.2662037037037037 0.3773148148148148 0.27314814814814814 0.38425925925925924 0.2777777777777778 0.39351851851851855 0.2662037037037037 0.39351851851851855 0.26851851851851855 0.3912037037037037 0.26851851851851855 0.38425925925925924 0.2777777777777778 0.375 0.2708333333333333 0.37962962962962965 0.2708333333333333 0.3819444444444444 0.26851851851851855
0 0.6550925925925926 0.34953703703703703 0.6550925925925926 0.3449074074074074 0.6574074074074074 0.3425925925925926 0.6620370370370371 0.3425925925925926 0.6620370370370371 0.3472222222222222 0.6689814814814815 0.35185185185185186 0.6689814814814815 0.3587962962962963 0.6666666666666666 0.3587962962962963 0.6574074074074074 0.34953703703703703
0 0.7962962962962963 0.4583333333333333 0.7986111111111112 0.46064814814814814 0.8101851851851852 0.46064814814814814 0.8148148148148148 0.46296296296296297 0.8101851851851852 0.4652777777777778 0.7986111111111112 0.4652777777777778 0.8078703703703703 0.4652777777777778 0.8101851851851852 0.46296296296296297 0.8078703703703703 0.46064814814814814 0.7986111111111112 0.46064814814814814
0 0.1597222222222222 0.2986111111111111 0.16666666666666666 0.2986111111111111 0.1712962962962963 0.30324074074074076 0.1712962962962963 0.3055555555555556 0.16435185185185186 0.3101851851851852 0.1712962962962963 0.30324074074074076 0.16203703703703703 0.2986111111111111 0.1597222222222222 0.30092592592592593 0.16203703703703703 0.30324074074074076 0.1597222222222222 0.3125 0.1597222222222222 0.30787037037037035 0.16203703703703703 0.3055555555555556 0.1597222222222222 0.30092592592592593
0 0.8819444444444444 0.7129629629629629 0.8865740740740741 0.7152777777777778 0.8865740740740741 0.7199074074074074 0.8842592592592593 0.7245370370370371 0.8796296296296297 0.7245370370370371 0.8773148148148148 0.7175925925925926 0.8819444444444444 0.7245370370370371 0.8865740740740741 0.7199074074074074 0.8842592592592593 0.7152777777777778