4 0.90768125 0.17292343749999997 0.90768125 0.21749218750000002 0.9534796875 0.217075 0.9533859375 0.1730625 0.90768125 0.17292343749999997
4 0.9125609374999999 0.706246875 0.9141874999999999 0.7521984375 0.960525 0.75341875 0.9593046875 0.7046203125 0.9125609374999999 0.706246875
4 0.8560609375 0.458296875 0.8556546875000001 0.5034359375 0.9028062499999999 0.5046546875 0.9031578125 0.45917187500000006 0.8560609375 0.458296875
4 0.737371875 0.5701265624999999 0.691034375 0.5701265624999999 0.691034375 0.616078125 0.737778125 0.6156718749999999 0.737371875 0.5701265624999999
4 0.691034375 0.301153125 0.6902203124999999 0.3475109375 0.7353390625 0.3475109375 0.7356875 0.3008015625 0.691034375 0.301153125
4 0.47736562499999996 0.177690625 0.47736562499999996 0.22101874999999999 0.522840625 0.22101874999999999 0.5217578125 0.17444062500000002 0.47736562499999996 0.177690625
4 0.04102499999999988 0.1701078125 0.039942187499999976 0.21451875 0.08216874999999983 0.21560312499999998 0.08433437500000004 0.167940625 0.04102499999999988 0.1701078125
4 0.03019843749999988 0.45932500000000004 0.02803281249999993 0.5069875 0.0735062499999999 0.505903125 0.07483125000000007 0.458490625 0.03019843749999988 0.45932500000000004
4 0.024784374999999942 0.695465625 0.0237015624999999 0.7442109375000001 0.0670109374999998 0.7442109375000001 0.06804218750000002 0.6970562499999999 0.024784374999999942 0.695465625
4 0.2088484374999999 0.6423890625 0.207765625 0.6857171875 0.2521578124999999 0.6857171875 0.2521578124999999 0.6423890625 0.2088484374999999 0.6423890625
4 0.2478265624999999 0.46365781250000004 0.2478265624999999 0.505903125 0.29113593749999994 0.5069875 0.2920609375 0.4623703125 0.2478265624999999 0.46365781250000004
4 0.47890937499999997 0.4656921875000001 0.4799359374999999 0.511890625 0.5240609374999999 0.5129171875 0.5238968749999999 0.464965625 0.47890937499999997 0.4656921875000001
2 0.034722222222222224 0.5694444444444444 0.037037037037037035 0.5671296296296297 0.034722222222222224 0.5648148148148148 0.032407407407407406 0.5486111111111112 0.03935185185185185 0.5439814814814815 0.04398148148148148 0.5532407407407407 0.041666666666666664 0.5555555555555556 0.04398148148148148 0.5578703703703703 0.04398148148148148 0.5925925925925926 0.046296296296296294 0.5949074074074074 0.046296296296296294 0.6087962962962963 0.04861111111111111 0.6111111111111112 0.04861111111111111 0.6458333333333334 0.04398148148148148 0.6458333333333334 0.041666666666666664 0.6412037037037037 0.041666666666666664 0.6134259259259259 0.03935185185185185 0.6111111111111112 0.03935185185185185 0.6018518518518519 0.037037037037037035 0.5995370370370371 0.037037037037037035 0.5717592592592593
2 0.13194444444444445 0.6967592592592593 0.09259259259259259 0.046296296296296294
2 0.33101851851851855 0.5925925925925926 0.3611111111111111 0.5694444444444444 0.36574074074074076 0.5625 0.38425925925925924 0.5486111111111112 0.3912037037037037 0.5462962962962963 0.3912037037037037 0.5486111111111112 0.37037037037037035 0.5671296296296297 0.3680555555555556 0.5671296296296297 0.36574074074074076 0.5717592592592593 0.3402777777777778 0.5902777777777778 0.32175925925925924 0.6111111111111112 0.31712962962962965 0.6087962962962963 0.31712962962962965 0.6018518518518519 0.32175925925925924 0.6018518518518519 0.33101851851851855 0.5949074074074074
2 0.5648148148148148 0.5162037037037037 0.6203703703703703 0.5532407407407407 0.6319444444444444 0.5578703703703703 0.6342592592592593 0.5625 0.6319444444444444 0.5671296296296297 0.6226851851851852 0.5601851851851852 0.6180555555555556 0.5601851851851852 0.6111111111111112 0.5532407407407407 0.6041666666666666 0.5509259259259259 0.5856481481481481 0.5370370370370371 0.5810185185185185 0.5370370370370371 0.5787037037037037 0.5324074074074074 0.5740740740740741 0.5324074074074074 0.5671296296296297 0.5277777777777778 0.5648148148148148 0.5231481481481481 0.5555555555555556 0.5185185185185185 0.5509259259259259 0.5185185185185185 0.5509259259259259 0.5115740740740741 0.5555555555555556 0.5092592592592593 0.5578703703703703 0.5092592592592593 0.5625 0.5162037037037037
2 0.7708333333333334 0.6643518518518519 0.7870370370370371 0.6736111111111112 0.7916666666666666 0.6736111111111112 0.7962962962962963 0.6782407407407407 0.8032407407407407 0.6782407407407407 0.8078703703703703 0.6828703703703703 0.8148148148148148 0.6828703703703703 0.8194444444444444 0.6875 0.8240740740740741 0.6875 0.8310185185185185 0.6944444444444444 0.8379629629629629 0.6944444444444444 0.8425925925925926 0.6990740740740741 0.8472222222222222 0.6990740740740741 0.8541666666666666 0.7037037037037037 0.8541666666666666 0.7060185185185185 0.8449074074074074 0.7060185185185185 0.8194444444444444 0.6921296296296297 0.8148148148148148 0.6921296296296297 0.8101851851851852 0.6875 0.8055555555555556 0.6875 0.7939814814814815 0.6805555555555556 0.7777777777777778 0.6759259259259259 0.7731481481481481 0.6712962962962963 0.7638888888888888 0.6712962962962963 0.7592592592592593 0.6643518518518519 0.7638888888888888 0.6620370370370371 0.7685185185185185 0.6643518518518519
2 0.8796296296296297 0.5601851851851852 0.8819444444444444 0.5601851851851852 0.8865740740740741 0.5671296296296297 0.8865740740740741 0.5717592592592593 0.8912037037037037 0.5787037037037037 0.8912037037037037 0.5856481481481481 0.9004629629629629 0.6018518518518519 0.9004629629629629 0.6087962962962963 0.9050925925925926 0.6157407407407407 0.9050925925925926 0.6226851851851852 0.9097222222222222 0.6273148148148148 0.9097222222222222 0.6342592592592593 0.9143518518518519 0.6412037037037037 0.9143518518518519 0.6458333333333334 0.9189814814814815 0.6504629629629629 0.9166666666666666 0.6550925925925926 0.9097222222222222 0.6550925925925926 0.9097222222222222 0.6481481481481481 0.9027777777777778 0.6342592592592593 0.9027777777777778 0.6273148148148148 0.8981481481481481 0.6203703703703703 0.8981481481481481 0.6157407407407407 0.8935185185185185 0.6087962962962963 0.8935185185185185 0.6018518518518519 0.8888888888888888 0.5949074074074074 0.8888888888888888 0.5879629629629629 0.8842592592592593 0.5833333333333334 0.8842592592592593 0.5763888888888888 0.8796296296296297 0.5694444444444444 0.8796296296296297 0.5625
2 0.8842592592592593 0.3449074074074074 0.02546296296296296 0.09953703703703703
2 0.8518518518518519 0.2175925925925926 0.8541666666666666 0.22453703703703703 0.8495370370370371 0.22453703703703703 0.8356481481481481 0.2337962962962963 0.8333333333333334 0.23842592592592593 0.8217592592592593 0.24537037037037038 0.8101851851851852 0.2569444444444444 0.8009259259259259 0.26157407407407407 0.7916666666666666 0.26851851851851855 0.7893518518518519 0.27314814814814814 0.7754629629629629 0.2824074074074074 0.7708333333333334 0.2824074074074074 0.7708333333333334 0.2800925925925926 0.7777777777777778 0.2708333333333333 0.7847222222222222 0.26851851851851855 0.8055555555555556 0.25 0.8148148148148148 0.24537037037037038 0.8171296296296297 0.24074074074074073 0.8240740740740741 0.23842592592592593 0.8333333333333334 0.23148148148148148 0.8356481481481481 0.22685185185185186 0.8495370370370371 0.2175925925925926
2 0.6412037037037037 0.2824074074074074 0.6458333333333334 0.2847222222222222 0.6458333333333334 0.2916666666666667 0.6388888888888888 0.2916666666666667 0.625 0.2824074074074074 0.6203703703703703 0.2824074074074074 0.6157407407407407 0.2777777777777778 0.5671296296296297 0.25462962962962965 0.5578703703703703 0.24768518518518517 0.5601851851851852 0.24305555555555555 0.5694444444444444 0.24537037037037038 0.5740740740740741 0.25 0.5787037037037037 0.25 0.5856481481481481 0.2569444444444444 0.5902777777777778 0.2569444444444444 0.5949074074074074 0.26157407407407407 0.5995370370370371 0.26157407407407407 0.6041666666666666 0.2662037037037037 0.6087962962962963 0.2662037037037037 0.6134259259259259 0.2708333333333333 0.6180555555555556 0.2708333333333333 0.6226851851851852 0.27546296296296297 0.6273148148148148 0.27546296296296297 0.6319444444444444 0.2800925925925926 0.6365740740740741 0.2800925925925926 0.6388888888888888 0.2824074074074074