4 0.09231875 0.8270765625000001 0.09231875 0.7825078124999999 0.0465203125 0.7829250000000001 0.0466140625 0.8269374999999999 0.09231875 0.8270765625000001
4 0.08743906250000001 0.29375312499999995 0.08581250000000001 0.2478015625 0.039475 0.24658125 0.04069531250000001 0.29537968749999993 0.08743906250000001 0.29375312499999995
4 0.1439390625 0.541703125 0.14434531250000002 0.49656406249999996 0.09719375000000001 0.49534531249999997 0.0968421875 0.540828125 0.1439390625 0.541703125
4 0.26262812500000005 0.4298734375 0.308965625 0.4298734375 0.308965625 0.38392187499999997 0.26222187500000005 0.3843281250000001 0.26262812500000005 0.4298734375
4 0.308965625 0.698846875 0.3097796875 0.6524890624999999 0.2646609375 0.6524890624999999 0.2643125 0.6991984375 0.308965625 0.698846875
4 0.522634375 0.8223093750000001 0.522634375 0.7789812500000001 0.47715937500000005 0.7789812500000001 0.4782421875 0.8255593750000001 0.522634375 0.8223093750000001
4 0.9589750000000001 0.8298921874999999 0.9600578125 0.78548125 0.9178312500000002 0.7843968750000001 0.9156656249999999 0.832059375 0.9589750000000001 0.8298921874999999
4 0.9698015625000002 0.540675 0.9719671875000001 0.49301249999999996 0.9264937500000001 0.494096875 0.92516875 0.541509375 0.9698015625000002 0.540675
4 0.975215625 0.304534375 0.9762984375000001 0.2557890624999999 0.9329890625000002 0.2557890624999999 0.9319578125 0.30294375000000007 0.975215625 0.304534375
4 0.7911515625000001 0.3576109374999999 0.792234375 0.3142828125 0.7478421875000001 0.3142828125 0.7478421875000001 0.3576109374999999 0.7911515625000001 0.3576109374999999
4 0.7521734375000001 0.5363421875 0.7521734375000001 0.494096875 0.7088640625000001 0.49301249999999996 0.7079390625 0.5376296875 0.7521734375000001 0.5363421875
4 0.495921875 0.5329609375 0.4970890625 0.5003109375 0.5215953125 0.500603125 0.5215953125 0.48777656249999995 0.47593906250000007 0.48708281249999996 0.474625 0.5329609375 0.495921875 0.5329609375
3 0.5185185185185185 0.49537037037037035 0.5208333333333334 0.4976851851851852 0.5740740740740741 0.4976851851851852 0.5763888888888888 0.5 0.5763888888888888 0.5439814814814815 0.5717592592592593 0.5486111111111112 0.5555555555555556 0.5486111111111112 0.5532407407407407 0.5462962962962963 0.5486111111111112 0.5486111111111112 0.5416666666666666 0.5486111111111112 0.5393518518518519 0.5462962962962963 0.5370370370370371 0.5486111111111112 0.5347222222222222 0.5462962962962963 0.4976851851851852 0.5486111111111112 0.49537037037037035 0.5462962962962963 0.49537037037037035 0.5277777777777778 0.4930555555555556 0.5254629629629629 0.49537037037037035 0.5208333333333334 0.49537037037037035 0.5115740740740741 0.4930555555555556 0.5092592592592593 0.49537037037037035 0.5069444444444444 0.49537037037037035 0.5 0.4976851851851852 0.4976851851851852 0.5162037037037037 0.4976851851851852
3 0.24768518518518517 0.6805555555555556 0.24768518518518517 0.6828703703703703 0.25925925925925924 0.6944444444444444 0.25925925925925924 0.6990740740740741 0.2662037037037037 0.7060185185185185 0.26851851851851855 0.7175925925925926 0.25925925925925924 0.7222222222222222 0.2523148148148148 0.7291666666666666 0.24537037037037038 0.7314814814814815 0.24305555555555555 0.7361111111111112 0.2337962962962963 0.7407407407407407 0.20833333333333334 0.7615740740740741 0.2037037037037037 0.7615740740740741 0.19907407407407407 0.7546296296296297 0.1875 0.7453703703703703 0.1875 0.7407407407407407 0.17824074074074073 0.7268518518518519 0.17824074074074073 0.7199074074074074 0.23842592592592593 0.6759259259259259 0.24305555555555555 0.6759259259259259 0.24537037037037038 0.6805555555555556
3 0.3888888888888889 0.6481481481481481 0.3958333333333333 0.6481481481481481 0.4074074074074074 0.6435185185185185 0.41435185185185186 0.6435185185185185 0.4166666666666667 0.6458333333333334 0.4166666666666667 0.6504629629629629 0.4212962962962963 0.6597222222222222 0.4212962962962963 0.6736111111111112 0.42592592592592593 0.6805555555555556 0.42592592592592593 0.6967592592592593 0.43287037037037035 0.7152777777777778 0.43287037037037035 0.7199074074074074 0.4305555555555556 0.7222222222222222 0.4236111111111111 0.7222222222222222 0.41203703703703703 0.7291666666666666 0.4050925925925926 0.7268518518518519 0.4050925925925926 0.7199074074074074 0.40046296296296297 0.7129629629629629 0.40046296296296297 0.7013888888888888 0.3958333333333333 0.6921296296296297 0.3958333333333333 0.6805555555555556 0.3912037037037037 0.6689814814814815 0.3912037037037037 0.6574074074074074 0.3888888888888889 0.6550925925925926 0.3888888888888889 0.6504629629629629
3 0.6087962962962963 0.7384259259259259 0.6157407407407407 0.7430555555555556 0.625 0.7430555555555556 0.6388888888888888 0.75 0.6481481481481481 0.75 0.6550925925925926 0.7546296296296297 0.6620370370370371 0.7546296296296297 0.6620370370370371 0.7662037037037037 0.6574074074074074 0.7731481481481481 0.6574074074074074 0.7847222222222222 0.6504629629629629 0.8032407407407407 0.6412037037037037 0.8032407407407407 0.6342592592592593 0.7986111111111112 0.6273148148148148 0.7986111111111112 0.6018518518518519 0.7893518518518519 0.5902777777777778 0.7893518518518519 0.5740740740740741 0.7824074074074074 0.5787037037037037 0.7708333333333334 0.5787037037037037 0.7592592592592593 0.5833333333333334 0.7523148148148148 0.5833333333333334 0.7453703703703703 0.5879629629629629 0.7361111111111112 0.6064814814814815 0.7384259259259259
3 0.8101851851851852 0.7800925925925926 0.8125 0.7824074074074074 0.8449074074074074 0.7916666666666666 0.8518518518518519 0.7962962962962963 0.8587962962962963 0.7962962962962963 0.8773148148148148 0.8055555555555556 0.8773148148148148 0.8101851851851852 0.8726851851851852 0.8171296296296297 0.8726851851851852 0.8240740740740741 0.8680555555555556 0.8333333333333334 0.8287037037037037 0.8217592592592593 0.8171296296296297 0.8148148148148148 0.8101851851851852 0.8148148148148148 0.8032407407407407 0.8101851851851852 0.7939814814814815 0.8078703703703703 0.7916666666666666 0.8032407407407407 0.7939814814814815 0.7986111111111112 0.7939814814814815 0.7893518518518519 0.7986111111111112 0.7847222222222222 0.8009259259259259 0.7777777777777778 0.8055555555555556 0.7777777777777778 0.8078703703703703 0.7800925925925926