4 0.09231875 0.21749218750000002 0.09231875 0.17292343749999997 0.0466140625 0.1730625 0.0465203125 0.217075 0.09231875 0.21749218750000002
4 0.08581250000000001 0.7521984375 0.08743906250000001 0.706246875 0.04069531250000001 0.7046203125 0.039475 0.75341875 0.08581250000000001 0.7521984375
4 0.14434531250000002 0.5034359375 0.1439390625 0.458296875 0.0968421875 0.45917187500000006 0.09719375000000001 0.5046546875 0.14434531250000002 0.5034359375
4 0.308965625 0.5701265624999999 0.26262812500000005 0.5701265624999999 0.26222187500000005 0.6156718749999999 0.308965625 0.616078125 0.308965625 0.5701265624999999
4 0.3097796875 0.3475109375 0.308965625 0.301153125 0.2643125 0.3008015625 0.2646609375 0.3475109375 0.3097796875 0.3475109375
4 0.522634375 0.22101874999999999 0.522634375 0.177690625 0.4782421875 0.17444062500000002 0.47715937500000005 0.22101874999999999 0.522634375 0.22101874999999999
4 0.9600578125 0.21451875 0.9589750000000001 0.1701078125 0.9156656249999999 0.167940625 0.9178312500000002 0.21560312499999998 0.9600578125 0.21451875
4 0.9719671875000001 0.5069875 0.9698015625000002 0.45932500000000004 0.92516875 0.458490625 0.9264937500000001 0.505903125 0.9719671875000001 0.5069875
4 0.9762984375000001 0.7442109375000001 0.975215625 0.695465625 0.9319578125 0.6970562499999999 0.9329890625000002 0.7442109375000001 0.9762984375000001 0.7442109375000001
4 0.792234375 0.6857171875 0.7911515625000001 0.6423890625 0.7478421875000001 0.6423890625 0.7478421875000001 0.6857171875 0.792234375 0.6857171875
4 0.7521734375000001 0.505903125 0.7521734375000001 0.46365781250000004 0.7079390625 0.4623703125 0.7088640625000001 0.5069875 0.7521734375000001 0.505903125
4 0.5200640625 0.511890625 0.521090625 0.4656921875000001 0.47610312500000007 0.464965625 0.47593906250000007 0.5129171875 0.5200640625 0.511890625
1 0.2739765625 0.76050625 0.2773109375 0.7527218750000001 0.2790890625 0.7462734375000001 0.27975625000000004 0.7424921875 0.2786453125 0.7380453125 0.27464375 0.7364890625 0.27153125 0.7353765625 0.25641562500000004 0.7349312499999999 0.25308125000000004 0.7333750000000001 0.247746875 0.7278156250000001 0.247746875 0.7204765625 0.25174843750000003 0.7140265625 0.255971875 0.708021875 0.25975000000000004 0.706465625 0.2657515625 0.706465625 0.274865625 0.7062437500000001 0.27753281250000006 0.7046875 0.2802015625 0.7022406250000002 0.2837578125 0.6989046875 0.28597968749999997 0.6946796875 0.286646875 0.69134375 0.286646875 0.6893421875000001 0.28486875 0.684671875 0.281090625 0.6824484375 0.27820000000000006 0.6813359375 0.277978125 0.6813359375 0.27553281250000006 0.6844500000000001 0.2753109375 0.6853390625000001 0.27442187500000004 0.688675 0.27375468750000004 0.69134375 0.273309375 0.6933453125 0.268196875 0.6984593750000001 0.2639734375 0.7000171875000001 0.2608609375 0.6993499999999999 0.2539703125 0.6991265624999999 0.249746875 0.7004609375 0.24485625 0.7029078125 0.24241093750000003 0.7062437500000001 0.241078125 0.7084671874999999 0.23774375000000003 0.71469375 0.2357421875 0.7206984375000002 0.235965625 0.7289265625 0.24241093750000003 0.734709375 0.25041406250000003 0.738934375 0.25752656250000006 0.7422703125 0.2655984375 0.743978125 0.2639734375 0.7502765625000001 0.26330625 0.756725 0.2628625 0.7613953125 0.2637515625 0.7651765625000001 0.269309375 0.7667328125 0.2739765625 0.76050625
1 0.3575875 0.5388484375 0.3619046875 0.54076875 0.36814062500000005 0.5441281250000001 0.37437656250000007 0.5441281250000001 0.38445 0.5489265625 0.38612968750000004 0.548446875 0.3911671875 0.5458078125000001 0.3959640625 0.540528125 0.3978828125 0.5357296875 0.3976421875 0.5323703125 0.391646875 0.5275703125 0.3839703125 0.5244515625 0.377975 0.5220515625 0.36957968750000003 0.520371875 0.3638234375 0.5182125000000001 0.3599859375 0.5165328125 0.3551890625 0.514853125 0.34895156250000003 0.5134125 0.34031718750000006 0.5131734375 0.3297640625 0.5098125 0.3220890625 0.5105328125 0.3189703125 0.514371875 0.31633125 0.5186921875 0.31705156250000005 0.5254109375 0.3189703125 0.5285296875000001 0.32640625000000006 0.5323703125 0.33887812500000003 0.535009375 0.33983750000000007 0.5352484375000001 0.3463140625 0.5369281250000001 0.35446875000000005 0.5376484375000001 0.3575875 0.5388484375
1 0.12288437500000002 0.293809375 0.12265 0.2886625 0.1233515625 0.2849203125 0.12732656250000002 0.28187968750000003 0.13083281250000003 0.27954062500000004 0.1362109375 0.2757984375 0.1434578125 0.2746296875 0.15397812500000002 0.273459375 0.15701875 0.273928125 0.15958906250000002 0.2743953125 0.16239531250000003 0.27533125 0.16566875000000003 0.27275781250000003 0.17104531250000002 0.26925 0.17502031250000002 0.2669109375 0.1761890625 0.26316875 0.17502031250000002 0.25591718750000003 0.17268281249999998 0.252175 0.1696421875 0.249603125 0.16332968750000004 0.247965625 0.1581875 0.247965625 0.1542125 0.25100625000000004 0.149303125 0.253578125 0.14322500000000002 0.253578125 0.1397171875 0.252409375 0.13176875000000002 0.2542796875 0.1242875 0.2573203125 0.117740625 0.2608296875 0.10955781250000002 0.266209375 0.10955781250000002 0.2708875 0.10955781250000002 0.27720156250000005 0.10628593750000001 0.2781375 0.10044062499999999 0.28187968750000003 0.09553125 0.2849203125 0.0936609375 0.28889687500000005 0.0934265625 0.295446875 0.098209375 0.29961718749999994 0.1030125 0.3003578125 0.11119531250000002 0.29965625 0.11633750000000001 0.29778437500000005 0.11867656250000001 0.296615625 0.1203125 0.29474375 0.12288437500000002 0.293809375
1 0.4012531250000001 0.31804375 0.4004765625 0.31804375 0.39485000000000003 0.31765625000000003 0.38980624999999997 0.32076093750000007 0.383596875 0.3221203125 0.379328125 0.32289687499999997 0.37544843750000007 0.32270312500000004 0.36904531250000006 0.3205671875 0.3657484375 0.3170734375 0.3643890625 0.3118328125 0.365165625 0.30950312500000005 0.36924062500000004 0.30465156250000003 0.373703125 0.30251562500000007 0.37738906250000004 0.30076875 0.3816578125 0.2968875 0.3843734375 0.29378125 0.38515000000000005 0.2899 0.38534375000000004 0.2858234375 0.38534375000000004 0.281359375 0.38417968750000003 0.27650625 0.3820453125 0.271071875 0.37855312500000005 0.2671890625 0.37758281250000003 0.2671890625 0.3748671875 0.269325 0.37758281250000003 0.27359531249999997 0.3795234375 0.27961250000000004 0.38010468750000004 0.2823296875 0.37738906250000004 0.28640468750000003 0.37215 0.2891234375 0.36671718750000004 0.2943640625 0.3630312500000001 0.29766406249999994 0.36031562500000003 0.303875 0.35992656250000005 0.30911562500000006 0.36031562500000003 0.31474375 0.3634203125 0.32153750000000003 0.370015625 0.32542031250000003 0.374284375 0.3273609375 0.37855312500000005 0.3291078125 0.3870890625 0.3281375 0.392715625 0.32639062499999993 0.39659687500000007 0.3275546875 0.4006703125 0.33163125 0.403775 0.33861874999999997 0.40532656250000004 0.34036562500000006 0.40732812500000004 0.3395921875 0.40940156250000004 0.33570781250000004 0.40940156250000004 0.3326015625 0.40843125 0.329690625 0.40687968750000003 0.32522500000000004 0.40435625000000003 0.3223140625 0.4012531250000001 0.31804375
1 0.75 0.3888888888888889 0.7592592592592593 0.3912037037037037 0.7731481481481481 0.4027777777777778 0.7685185185185185 0.4050925925925926 0.7708333333333334 0.4027777777777778 0.7685185185185185 0.39814814814814814 0.7638888888888888 0.40046296296296297 0.7569444444444444 0.39814814814814814 0.7430555555555556 0.4074074074074074 0.7569444444444444 0.39814814814814814 0.7615740740740741 0.40046296296296297 0.7662037037037037 0.39814814814814814 0.7592592592592593 0.3912037037037037 0.7523148148148148 0.3888888888888889