4 0.90768125 0.17292343749999997 0.90768125 0.21749218750000002 0.9534796875 0.217075 0.9533859375 0.1730625 0.90768125 0.17292343749999997
4 0.9125609374999999 0.706246875 0.9141874999999999 0.7521984375 0.960525 0.75341875 0.9593046875 0.7046203125 0.9125609374999999 0.706246875
4 0.8560609375 0.458296875 0.8556546875000001 0.5034359375 0.9028062499999999 0.5046546875 0.9031578125 0.45917187500000006 0.8560609375 0.458296875
4 0.737371875 0.5701265624999999 0.691034375 0.5701265624999999 0.691034375 0.616078125 0.737778125 0.6156718749999999 0.737371875 0.5701265624999999
4 0.691034375 0.301153125 0.6902203124999999 0.3475109375 0.7353390625 0.3475109375 0.7356875 0.3008015625 0.691034375 0.301153125
4 0.47736562499999996 0.177690625 0.47736562499999996 0.22101874999999999 0.522840625 0.22101874999999999 0.5217578125 0.17444062500000002 0.47736562499999996 0.177690625
4 0.04102499999999988 0.1701078125 0.039942187499999976 0.21451875 0.08216874999999983 0.21560312499999998 0.08433437500000004 0.167940625 0.04102499999999988 0.1701078125
4 0.03019843749999988 0.45932500000000004 0.02803281249999993 0.5069875 0.0735062499999999 0.505903125 0.07483125000000007 0.458490625 0.03019843749999988 0.45932500000000004
4 0.024784374999999942 0.695465625 0.0237015624999999 0.7442109375000001 0.0670109374999998 0.7442109375000001 0.06804218750000002 0.6970562499999999 0.024784374999999942 0.695465625
4 0.2088484374999999 0.6423890625 0.207765625 0.6857171875 0.2521578124999999 0.6857171875 0.2521578124999999 0.6423890625 0.2088484374999999 0.6423890625
4 0.2478265624999999 0.46365781250000004 0.2478265624999999 0.505903125 0.29113593749999994 0.5069875 0.2920609375 0.4623703125 0.2478265624999999 0.46365781250000004
4 0.47890937499999997 0.4656921875000001 0.4799359374999999 0.511890625 0.5240609374999999 0.5129171875 0.5238968749999999 0.464965625 0.47890937499999997 0.4656921875000001
1 0.20156249999999998 0.325 0.19687499999999988 0.33125000000000004 0.19687499999999988 0.34375 0.19062499999999993 0.34687500000000004 0.18593749999999998 0.353125 0.18593749999999998 0.371875 0.19062499999999993 0.38125 0.19374999999999998 0.3828125 0.19374999999999998 0.4 0.19843749999999993 0.40625 0.19999999999999996 0.4078125 0.2109375 0.4078125 0.21718749999999998 0.4 0.21562499999999996 0.38125 0.2109375 0.3734375 0.2109375 0.36875 0.21249999999999988 0.3671875 0.21249999999999988 0.353125 0.21718749999999998 0.34687500000000004 0.22187499999999993 0.3453125 0.22187499999999993 0.3296875 0.22031249999999988 0.3265625 0.21875 0.325 0.20156249999999998 0.325
1 0.2906249999999999 0.3484375 0.2890625 0.35 0.25625 0.353125 0.25468749999999996 0.36875 0.26249999999999996 0.375 0.3109375 0.3734375 0.3203125 0.37812500000000004 0.334375 0.37812500000000004 0.3421875 0.37031250000000004 0.34062499999999996 0.359375 0.3359375 0.35468750000000004 0.3218749999999999 0.35625 0.31875 0.353125 0.30937499999999996 0.35 0.30781249999999993 0.3484375 0.2906249999999999 0.3484375
1 0.4027777777777778 0.3587962962962963 0.4050925925925926 0.35648148148148145 0.4166666666666667 0.35648148148148145 0.41898148148148145 0.3611111111111111 0.4212962962962963 0.35648148148148145 0.4236111111111111 0.36342592592592593 0.4212962962962963 0.3611111111111111 0.41898148148148145 0.36342592592592593 0.4166666666666667 0.3680555555555556 0.41898148148148145 0.3726851851851852 0.4166666666666667 0.37037037037037035 0.41898148148148145 0.3611111111111111 0.41435185185185186 0.35648148148148145 0.4050925925925926 0.35648148148148145
1 0.5925925925925926 0.38657407407407407 0.6134259259259259 0.38657407407407407 0.6157407407407407 0.3958333333333333 0.6157407407407407 0.3912037037037037 0.6111111111111112 0.38657407407407407 0.5949074074074074 0.38657407407407407
1 0.4930555555555556 0.35648148148148145 0.49537037037037035 0.375 0.5 0.37962962962962965 0.5115740740740741 0.37962962962962965 0.5208333333333334 0.375 0.5115740740740741 0.37962962962962965 0.5 0.37962962962962965 0.49537037037037035 0.375 0.4930555555555556 0.3587962962962963