4 0.90768125 0.8270765625000001 0.9533859375 0.8269374999999999 0.9534796875 0.7829250000000001 0.90768125 0.7825078124999999 0.90768125 0.8270765625000001
4 0.9125609374999999 0.29375312499999995 0.9593046875 0.29537968749999993 0.960525 0.24658125 0.9141874999999999 0.2478015625 0.9125609374999999 0.29375312499999995
4 0.8560609375 0.541703125 0.9031578125 0.540828125 0.9028062499999999 0.49534531249999997 0.8556546875000001 0.49656406249999996 0.8560609375 0.541703125
4 0.737371875 0.4298734375 0.737778125 0.3843281250000001 0.691034375 0.38392187499999997 0.691034375 0.4298734375 0.737371875 0.4298734375
4 0.691034375 0.698846875 0.7356875 0.6991984375 0.7353390625 0.6524890624999999 0.6902203124999999 0.6524890624999999 0.691034375 0.698846875
4 0.47736562499999996 0.8223093750000001 0.5217578125 0.8255593750000001 0.522840625 0.7789812500000001 0.47736562499999996 0.7789812500000001 0.47736562499999996 0.8223093750000001
4 0.04102499999999988 0.8298921874999999 0.08433437500000004 0.832059375 0.08216874999999983 0.7843968750000001 0.039942187499999976 0.78548125 0.04102499999999988 0.8298921874999999
4 0.03019843749999988 0.540675 0.07483125000000007 0.541509375 0.0735062499999999 0.494096875 0.02803281249999993 0.49301249999999996 0.03019843749999988 0.540675
4 0.024784374999999942 0.304534375 0.06804218750000002 0.30294375000000007 0.0670109374999998 0.2557890624999999 0.0237015624999999 0.2557890624999999 0.024784374999999942 0.304534375
4 0.2088484374999999 0.3576109374999999 0.2521578124999999 0.3576109374999999 0.2521578124999999 0.3142828125 0.207765625 0.3142828125 0.2088484374999999 0.3576109374999999
4 0.2478265624999999 0.5363421875 0.2920609375 0.5376296875 0.29113593749999994 0.49301249999999996 0.2478265624999999 0.494096875 0.2478265624999999 0.5363421875
4 0.47890937499999997 0.5343078124999999 0.5238968749999999 0.535034375 0.5240609374999999 0.48708281249999996 0.4799359374999999 0.488109375 0.47890937499999997 0.5343078124999999
1 0.8148148148148148 0.23842592592592593 0.8194444444444444 0.24305555555555555 0.8194444444444444 0.2523148148148148 0.8148148148148148 0.2569444444444444 0.8055555555555556 0.26157407407407407 0.7800925925925926 0.26157407407407407 0.7592592592592593 0.2708333333333333 0.7546296296296297 0.27546296296296297 0.7361111111111112 0.27546296296296297 0.7337962962962963 0.27314814814814814 0.7337962962962963 0.25925925925925924 0.7407407407407407 0.25462962962962965 0.7476851851851852 0.25462962962962965 0.7546296296296297 0.24305555555555555 0.7615740740740741 0.24305555555555555 0.7731481481481481 0.23842592592592593 0.8125 0.23842592592592593
1 0.6087962962962963 0.3287037037037037 0.04398148148148148 0.08101851851851852
1 0.6365740740740741 0.6273148148148148 0.6365740740740741 0.6504629629629629 0.6388888888888888 0.6527777777777778 0.6412037037037037 0.6666666666666666 0.6388888888888888 0.6689814814814815 0.6365740740740741 0.7013888888888888 0.6273148148148148 0.7083333333333334 0.6180555555555556 0.7060185185185185 0.6134259259259259 0.6990740740740741 0.6134259259259259 0.6875 0.6157407407407407 0.6851851851851852 0.6157407407407407 0.6342592592592593 0.6203703703703703 0.625 0.6319444444444444 0.625 0.6342592592592593 0.6273148148148148
1 0.18055555555555555 0.6319444444444444 0.18055555555555555 0.6296296296296297 0.17592592592592593 0.6273148148148148 0.18287037037037038 0.6180555555555556 0.19444444444444445 0.6180555555555556 0.19675925925925927 0.6157407407407407 0.19675925925925927 0.6111111111111112 0.20601851851851852 0.5995370370370371 0.2175925925925926 0.5972222222222222 0.2199074074074074 0.5949074074074074 0.22685185185185186 0.5949074074074074 0.24074074074074073 0.6087962962962963 0.24074074074074073 0.6157407407407407 0.24537037037037038 0.6273148148148148 0.24305555555555555 0.6319444444444444 0.24537037037037038 0.6342592592592593 0.2569444444444444 0.6342592592592593 0.26157407407407407 0.6365740740740741 0.26157407407407407 0.6412037037037037 0.24537037037037038 0.6412037037037037 0.24074074074074073 0.6365740740740741 0.2337962962962963 0.6365740740740741 0.23148148148148148 0.625 0.22916666666666666 0.6226851851851852 0.23148148148148148 0.6180555555555556 0.22916666666666666 0.6157407407407407 0.22916666666666666 0.6111111111111112 0.22453703703703703 0.6064814814814815 0.2175925925925926 0.6087962962962963 0.20833333333333334 0.6180555555555556 0.20833333333333334 0.6296296296296297 0.2037037037037037 0.6365740740740741 0.18981481481481483 0.6365740740740741 0.18287037037037038 0.6319444444444444
1 0.10185185185185185 0.4837962962962963 0.10648148148148148 0.4861111111111111 0.1111111111111111 0.4837962962962963 0.11805555555555555 0.47453703703703703 0.12268518518518519 0.47453703703703703 0.125 0.4722222222222222 0.1388888888888889 0.4722222222222222 0.1412037037037037 0.47453703703703703 0.14583333333333334 0.47453703703703703 0.1550925925925926 0.49074074074074076 0.1550925925925926 0.5115740740740741 0.16435185185185186 0.5185185185185185 0.16898148148148148 0.5185185185185185 0.16898148148148148 0.5208333333333334 0.16435185185185186 0.5231481481481481 0.16435185185185186 0.5277777777777778 0.14814814814814814 0.5208333333333334 0.1388888888888889 0.5138888888888888 0.1388888888888889 0.5069444444444444 0.14351851851851852 0.5023148148148148 0.14351851851851852 0.4861111111111111 0.1388888888888889 0.48148148148148145 0.12962962962962962 0.48148148148148145 0.11342592592592593 0.5023148148148148 0.1087962962962963 0.5023148148148148 0.09490740740740741 0.49074074074074076 0.09027777777777778 0.49074074074074076 0.09027777777777778 0.48842592592592593 0.08564814814814815 0.4861111111111111 0.08796296296296297 0.4837962962962963 0.09953703703703703 0.4837962962962963