4 0.90768125 0.17292343749999997 0.90768125 0.21749218750000002 0.9534796875 0.217075 0.9533859375 0.1730625 0.90768125 0.17292343749999997
4 0.9125609374999999 0.706246875 0.9141874999999999 0.7521984375 0.960525 0.75341875 0.9593046875 0.7046203125 0.9125609374999999 0.706246875
4 0.8560609375 0.458296875 0.8556546875000001 0.5034359375 0.9028062499999999 0.5046546875 0.9031578125 0.45917187500000006 0.8560609375 0.458296875
4 0.737371875 0.5701265624999999 0.691034375 0.5701265624999999 0.691034375 0.616078125 0.737778125 0.6156718749999999 0.737371875 0.5701265624999999
4 0.691034375 0.301153125 0.6902203124999999 0.3475109375 0.7353390625 0.3475109375 0.7356875 0.3008015625 0.691034375 0.301153125
4 0.47736562499999996 0.177690625 0.47736562499999996 0.22101874999999999 0.522840625 0.22101874999999999 0.5217578125 0.17444062500000002 0.47736562499999996 0.177690625
4 0.04102499999999988 0.1701078125 0.039942187499999976 0.21451875 0.08216874999999983 0.21560312499999998 0.08433437500000004 0.167940625 0.04102499999999988 0.1701078125
4 0.03019843749999988 0.45932500000000004 0.02803281249999993 0.5069875 0.0735062499999999 0.505903125 0.07483125000000007 0.458490625 0.03019843749999988 0.45932500000000004
4 0.024784374999999942 0.695465625 0.0237015624999999 0.7442109375000001 0.0670109374999998 0.7442109375000001 0.06804218750000002 0.6970562499999999 0.024784374999999942 0.695465625
4 0.2088484374999999 0.6423890625 0.207765625 0.6857171875 0.2521578124999999 0.6857171875 0.2521578124999999 0.6423890625 0.2088484374999999 0.6423890625
4 0.2478265624999999 0.46365781250000004 0.2478265624999999 0.505903125 0.29113593749999994 0.5069875 0.2920609375 0.4623703125 0.2478265624999999 0.46365781250000004
4 0.47890937499999997 0.4656921875000001 0.4799359374999999 0.511890625 0.5240609374999999 0.5129171875 0.5238968749999999 0.464965625 0.47890937499999997 0.4656921875000001
1 0.8479359375 0.38426249999999995 0.859228125 0.389396875 0.8657296875 0.38528906250000006 0.868809375 0.38254999999999995 0.8698359375 0.3767296875 0.8691515625 0.37262187500000005 0.8691515625 0.365775 0.8701796875 0.3640625 0.87394375 0.3623515625 0.87668125 0.35447656250000004 0.8753124999999999 0.3483140625 0.8753124999999999 0.34215156250000006 0.874628125 0.3332515625 0.8729171875 0.32982812499999997 0.8708640625 0.32400781250000005 0.8708640625 0.3209265625 0.8712062500000001 0.316475 0.8681249999999999 0.30962812500000003 0.86675625 0.30723125 0.8595703125 0.305178125 0.8540953125 0.30552031250000006 0.849646875 0.30723125 0.8438296875 0.3109984375 0.8438296875 0.3154484375 0.844171875 0.318871875 0.846225 0.32297968749999995 0.8486203125 0.32640312499999996 0.85033125 0.32982812499999997 0.852384375 0.335646875 0.8534109375 0.3414671875 0.8540953125 0.3500265625 0.852384375 0.35653125 0.8461343749999999 0.3646515625 0.8479359375 0.38426249999999995
1 0.655275 0.38871250000000007 0.6539062499999999 0.38528906250000006 0.65219375 0.383234375 0.6484296875 0.38015468750000003 0.6436390625 0.377415625 0.6405593749999999 0.37433437500000005 0.639190625 0.3715953125 0.6347421875 0.36714375000000005 0.6320046875 0.361325 0.6251609375 0.357215625 0.6193421874999999 0.35345000000000004 0.615578125 0.3513953125 0.6111296875 0.35173906250000003 0.6032593749999999 0.3483140625 0.6032593749999999 0.3462609375 0.5953890625 0.341809375 0.5912828124999999 0.341809375 0.587859375 0.34420625 0.5817 0.34694531250000005 0.5799890624999999 0.351053125 0.5820421874999999 0.35687343750000006 0.5888859375 0.36269375 0.5929937500000001 0.36714375000000005 0.5947046874999999 0.36817187500000004 0.5988109375 0.37091093750000004 0.6029171875 0.37091093750000004 0.6083921875 0.37262187500000005 0.6131828125 0.3763875 0.616946875 0.38357812500000005 0.6237921874999999 0.39076718750000006 0.6299515625 0.39384843750000004 0.6347421875 0.39829843750000005 0.6429546875000001 0.4020640625 0.648771875 0.39761406250000003 0.6539062499999999 0.3931640625 0.655275 0.38871250000000007
1 0.49933124999999995 0.259146875 0.4948828125 0.257778125 0.49009062499999995 0.25640781250000005 0.48393125 0.26120156250000004 0.48119375 0.2635984375 0.48085156249999994 0.26873281250000003 0.48085156249999994 0.274553125 0.48153593749999996 0.27695000000000003 0.480509375 0.279003125 0.47914062499999993 0.28448125 0.47777187499999996 0.29167031250000003 0.47845624999999997 0.2964640625 0.47811406249999994 0.30125625 0.47948281249999997 0.30947343749999995 0.48085156249999994 0.31221250000000006 0.48119375 0.3173484375 0.48119375 0.32214062500000007 0.48085156249999994 0.3279609375 0.48085156249999994 0.3337812500000001 0.483246875 0.3378890625 0.48701093749999996 0.340628125 0.48940625 0.340628125 0.49625156249999997 0.3396015625 0.49967343749999993 0.33515000000000006 0.5017265625 0.3320687500000001 0.5024109375 0.32727656250000003 0.501384375 0.322825 0.5034375 0.31597812499999994 0.5024109375 0.30776093749999994 0.5006999999999999 0.30228437500000005 0.5006999999999999 0.2957796875 0.5017265625 0.2896171875 0.5024109375 0.28208437500000005 0.50206875 0.27695000000000003 0.5031546874999999 0.2668765625 0.49933124999999995 0.259146875
1 0.405453125 0.6070515624999999 0.3984375 0.6050859375000001 0.39114218750000007 0.6011562500000002 0.38693437499999994 0.5969453125 0.381321875 0.592734375 0.38019999999999987 0.5890859375 0.3796375 0.5857171875 0.37570937499999996 0.5823484375 0.37290312500000006 0.579821875 0.37065937499999996 0.5772953125 0.36645 0.5744875 0.35971562500000004 0.5725234375000001 0.35606874999999993 0.573084375 0.350175 0.5775765625 0.349053125 0.5879625 0.354384375 0.5918921875 0.3588734375 0.5969453125 0.36055781249999996 0.6028406249999999 0.36364375000000004 0.6059281249999999 0.36757187499999994 0.6084546875000001 0.3734656249999999 0.6135078125 0.3790765624999999 0.6185609375000001 0.38160312500000004 0.6208062500000001 0.3886171874999999 0.6233328124999999 0.39563281249999993 0.6247375000000001 0.40012187499999996 0.629228125 0.4048921874999999 0.6331593750000001 0.41022343749999995 0.6337203125000002 0.41695781249999997 0.6317546875 0.42032499999999995 0.6283859374999999 0.42256875 0.6236140625000002 0.4222890624999999 0.6177187500000001 0.42060468749999996 0.616315625 0.405453125 0.6070515624999999
1 0.08292656249999987 0.5683984375 0.08399062500000001 0.559890625 0.08133281249999992 0.5535109375 0.07734687499999993 0.5508515625 0.07229687499999991 0.5505859375000001 0.06592031249999987 0.5529781250000001 0.06166874999999984 0.555903125 0.06060468749999996 0.5609546875000001 0.06113750000000003 0.5652078125000001 0.06193437500000001 0.5715874999999999 0.05794843749999988 0.5745125 0.05396249999999988 0.5777031250000001 0.05210156250000003 0.58089375 0.05077343749999999 0.5883375000000001 0.05103906249999989 0.592590625 0.05236718749999993 0.5992375000000001 0.052632812499999834 0.6050859375000001 0.053431249999999944 0.606946875 0.06113750000000003 0.61066875 0.06273124999999997 0.61173125 0.06432499999999992 0.6151875000000001 0.06432499999999992 0.6181125 0.06565468749999998 0.6234296875 0.06804531249999989 0.6306078125000001 0.07256406249999996 0.6351265625000001 0.07787812499999987 0.6356578125000001 0.08372343749999984 0.633796875 0.0871781249999999 0.6316703124999999 0.08930468749999992 0.6279484375000001 0.08957031249999996 0.625290625 0.08930468749999992 0.6202390624999999 0.08771093749999997 0.6146562500000001 0.08531875000000005 0.6125296875000001 0.08425624999999991 0.611996875 0.08027031250000005 0.610403125 0.0781437499999999 0.6066812500000002 0.07442343749999994 0.6005656250000001 0.07229687499999991 0.592590625 0.07203125000000002 0.5864765625000001 0.07654999999999983 0.5782343750000001 0.0821296874999999 0.574778125 0.08292656249999987 0.5683984375