4 0.09231875 0.8270765625000001 0.09231875 0.7825078124999999 0.0465203125 0.7829250000000001 0.0466140625 0.8269374999999999 0.09231875 0.8270765625000001
4 0.08743906250000001 0.29375312499999995 0.08581250000000001 0.2478015625 0.039475 0.24658125 0.04069531250000001 0.29537968749999993 0.08743906250000001 0.29375312499999995
4 0.1439390625 0.541703125 0.14434531250000002 0.49656406249999996 0.09719375000000001 0.49534531249999997 0.0968421875 0.540828125 0.1439390625 0.541703125
4 0.26262812500000005 0.4298734375 0.308965625 0.4298734375 0.308965625 0.38392187499999997 0.26222187500000005 0.3843281250000001 0.26262812500000005 0.4298734375
4 0.308965625 0.698846875 0.3097796875 0.6524890624999999 0.2646609375 0.6524890624999999 0.2643125 0.6991984375 0.308965625 0.698846875
4 0.522634375 0.8223093750000001 0.522634375 0.7789812500000001 0.47715937500000005 0.7789812500000001 0.4782421875 0.8255593750000001 0.522634375 0.8223093750000001
4 0.9589750000000001 0.8298921874999999 0.9600578125 0.78548125 0.9178312500000002 0.7843968750000001 0.9156656249999999 0.832059375 0.9589750000000001 0.8298921874999999
4 0.9698015625000002 0.540675 0.9719671875000001 0.49301249999999996 0.9264937500000001 0.494096875 0.92516875 0.541509375 0.9698015625000002 0.540675
4 0.975215625 0.304534375 0.9762984375000001 0.2557890624999999 0.9329890625000002 0.2557890624999999 0.9319578125 0.30294375000000007 0.975215625 0.304534375
4 0.7911515625000001 0.3576109374999999 0.792234375 0.3142828125 0.7478421875000001 0.3142828125 0.7478421875000001 0.3576109374999999 0.7911515625000001 0.3576109374999999
4 0.7521734375000001 0.5363421875 0.7521734375000001 0.494096875 0.7088640625000001 0.49301249999999996 0.7079390625 0.5376296875 0.7521734375000001 0.5363421875
4 0.521090625 0.5343078124999999 0.5200640625 0.488109375 0.47593906250000007 0.48708281249999996 0.47610312500000007 0.535034375 0.521090625 0.5343078124999999
3 0.5046296296296297 0.31712962962962965 0.5046296296296297 0.32175925925925924 0.5138888888888888 0.33101851851851855 0.5185185185185185 0.3425925925925926 0.5231481481481481 0.3449074074074074 0.5231481481481481 0.35185185185185186 0.5 0.3680555555555556 0.4930555555555556 0.3773148148148148 0.48148148148148145 0.3819444444444444 0.4791666666666667 0.38657407407407407 0.4675925925925926 0.3912037037037037 0.4652777777777778 0.3958333333333333 0.46064814814814814 0.3958333333333333 0.4583333333333333 0.39351851851851855 0.4537037037037037 0.38425925925925924 0.44907407407407407 0.3819444444444444 0.4444444444444444 0.3726851851851852 0.4444444444444444 0.3680555555555556 0.4398148148148148 0.36574074074074076 0.43287037037037035 0.35648148148148145 0.4375 0.34953703703703703 0.44212962962962965 0.34953703703703703 0.4444444444444444 0.3449074074074074 0.44907407407407407 0.3449074074074074 0.45601851851851855 0.33796296296296297 0.46296296296296297 0.33564814814814814 0.4675925925925926 0.3287037037037037 0.47453703703703703 0.3263888888888889 0.47685185185185186 0.32175925925925924 0.4837962962962963 0.31712962962962965 0.48842592592592593 0.31712962962962965 0.49074074074074076 0.3125 0.4976851851851852 0.3125 0.5023148148148148 0.31712962962962965
3 0.7615740740740741 0.5787037037037037 0.08796296296296297 0.07175925925925926
3 0.40046296296296297 0.7245370370370371 0.41435185185185186 0.7152777777777778 0.4236111111111111 0.7245370370370371 0.4236111111111111 0.7268518518518519 0.4305555555555556 0.7314814814814815 0.4351851851851852 0.7407407407407407 0.4398148148148148 0.7430555555555556 0.44675925925925924 0.7523148148148148 0.4398148148148148 0.7615740740740741 0.4305555555555556 0.7662037037037037 0.4166666666666667 0.7800925925925926 0.41435185185185186 0.7800925925925926 0.41203703703703703 0.7847222222222222 0.3912037037037037 0.7986111111111112 0.3888888888888889 0.8032407407407407 0.38425925925925924 0.8032407407407407 0.38425925925925924 0.8009259259259259 0.3680555555555556 0.7870370370370371 0.36574074074074076 0.7800925925925926 0.35648148148148145 0.7708333333333334 0.35648148148148145 0.7638888888888888 0.36342592592592593 0.7592592592592593 0.37037037037037035 0.75 0.3773148148148148 0.7476851851851852 0.40046296296296297 0.7268518518518519
3 0.6504629629629629 0.7708333333333334 0.6504629629629629 0.7638888888888888 0.6435185185185185 0.7476851851851852 0.6412037037037037 0.7314814814814815 0.6365740740740741 0.7245370370370371 0.6365740740740741 0.7152777777777778 0.6319444444444444 0.7106481481481481 0.6319444444444444 0.7013888888888888 0.6296296296296297 0.6990740740740741 0.6296296296296297 0.6944444444444444 0.6319444444444444 0.6921296296296297 0.6412037037037037 0.6921296296296297 0.6481481481481481 0.6875 0.6550925925925926 0.6875 0.6574074074074074 0.6898148148148148 0.6574074074074074 0.6944444444444444 0.6620370370370371 0.7037037037037037 0.6620370370370371 0.7129629629629629 0.6712962962962963 0.7268518518518519 0.6712962962962963 0.7407407407407407 0.6759259259259259 0.7476851851851852 0.6759259259259259 0.7546296296296297 0.6782407407407407 0.7569444444444444 0.6782407407407407 0.7615740740740741 0.6736111111111112 0.7662037037037037 0.6689814814814815 0.7662037037037037 0.6620370370370371 0.7708333333333334 0.6527777777777778 0.7708333333333334
3 0.06712962962962964 0.4305555555555556 0.08564814814814815 0.4305555555555556 0.09722222222222222 0.4351851851851852 0.09490740740740741 0.46296296296296297 0.09027777777777778 0.47453703703703703 0.09027777777777778 0.5 0.08796296296296297 0.5023148148148148 0.08796296296296297 0.5115740740740741 0.08564814814814815 0.5162037037037037 0.0787037037037037 0.5162037037037037 0.06944444444444445 0.5115740740740741 0.05787037037037037 0.5115740740740741 0.05787037037037037 0.48842592592592593 0.06018518518518518 0.4861111111111111 0.0625 0.44907407407407407 0.06481481481481481 0.44675925925925924 0.06481481481481481 0.4351851851851852 0.06712962962962964 0.43287037037037035
2 0.06481481481481481 0.6527777777777778 0.06712962962962964 0.6527777777777778 0.06944444444444445 0.6481481481481481 0.0763888888888889 0.6481481481481481 0.0763888888888889 0.6527777777777778 0.08564814814814815 0.6620370370370371 0.08796296296296297 0.6620370370370371 0.09027777777777778 0.6689814814814815 0.09490740740740741 0.6712962962962963 0.10416666666666667 0.6851851851851852 0.1087962962962963 0.6875 0.12268518518518519 0.7060185185185185 0.12962962962962962 0.7106481481481481 0.13194444444444445 0.7152777777777778 0.13425925925925927 0.7152777777777778 0.13657407407407407 0.7222222222222222 0.12731481481481483 0.7199074074074074 0.125 0.7152777777777778 0.12037037037037036 0.7129629629629629 0.12037037037037036 0.7106481481481481 0.11574074074074074 0.7083333333333334 0.11574074074074074 0.7060185185185185 0.1111111111111111 0.7037037037037037 0.10416666666666667 0.6944444444444444 0.10185185185185185 0.6944444444444444 0.09259259259259259 0.6805555555555556 0.08796296296296297 0.6782407407407407 0.08796296296296297 0.6759259259259259 0.08333333333333333 0.6736111111111112 0.08333333333333333 0.6712962962962963 0.06712962962962964 0.6550925925925926
2 0.5300925925925926 0.5763888888888888 0.5347222222222222 0.5740740740740741 0.5370370370370371 0.5671296296296297 0.5439814814814815 0.5601851851851852 0.5439814814814815 0.5555555555555556 0.5509259259259259 0.5555555555555556 0.5532407407407407 0.5601851851851852 0.5509259259259259 0.5648148148148148 0.5416666666666666 0.5717592592592593 0.5277777777777778 0.5925925925925926 0.5231481481481481 0.5949074074074074 0.5138888888888888 0.6111111111111112 0.5092592592592593 0.6134259259259259 0.5046296296296297 0.6226851851851852 0.4930555555555556 0.6342592592592593 0.49074074074074076 0.6342592592592593 0.49074074074074076 0.6296296296296297 0.49537037037037035 0.625 0.4976851851851852 0.6180555555555556 0.5092592592592593 0.6064814814814815 0.5115740740740741 0.5995370370370371 0.5208333333333334 0.5925925925925926 0.5300925925925926 0.5787037037037037
2 0.24074074074074073 0.3819444444444444 0.2361111111111111 0.375 0.2361111111111111 0.37037037037037035 0.23842592592592593 0.3680555555555556 0.24305555555555555 0.3680555555555556 0.24537037037037038 0.375 0.25462962962962965 0.38657407407407407 0.25462962962962965 0.3912037037037037 0.26851851851851855 0.4097222222222222 0.26851851851851855 0.41435185185185186 0.28703703703703703 0.44212962962962965 0.2916666666666667 0.4537037037037037 0.28703703703703703 0.4537037037037037 0.2824074074074074 0.44907407407407407 0.27314814814814814 0.4305555555555556 0.2662037037037037 0.4236111111111111 0.26157407407407407 0.41203703703703703 0.24537037037037038 0.3888888888888889 0.24537037037037038 0.38425925925925924 0.24305555555555555 0.3819444444444444
2 0.8032407407407407 0.49074074074074076 0.8032407407407407 0.48148148148148145 0.7962962962962963 0.4722222222222222 0.7962962962962963 0.4652777777777778 0.7893518518518519 0.4537037037037037 0.7893518518518519 0.44907407407407407 0.7847222222222222 0.4444444444444444 0.7847222222222222 0.4375 0.7800925925925926 0.4305555555555556 0.7754629629629629 0.41435185185185186 0.7708333333333334 0.4097222222222222 0.7708333333333334 0.39814814814814814 0.7731481481481481 0.39814814814814814 0.7777777777777778 0.4050925925925926 0.7777777777777778 0.4097222222222222 0.7962962962962963 0.44675925925925924 0.7962962962962963 0.4537037037037037 0.8125 0.4861111111111111 0.8055555555555556 0.49074074074074076
2 0.8796296296296297 0.6851851851851852 0.8842592592592593 0.6875 0.8842592592592593 0.6921296296296297 0.8888888888888888 0.7013888888888888 0.8888888888888888 0.7083333333333334 0.8935185185185185 0.7175925925925926 0.8935185185185185 0.7268518518518519 0.8981481481481481 0.7337962962962963 0.8981481481481481 0.7407407407407407 0.9027777777777778 0.75 0.9027777777777778 0.7592592592592593 0.9074074074074074 0.7662037037037037 0.9074074074074074 0.7800925925925926 0.9004629629629629 0.7800925925925926 0.9004629629629629 0.7731481481481481 0.8958333333333334 0.7638888888888888 0.8958333333333334 0.7523148148148148 0.8912037037037037 0.7430555555555556 0.8912037037037037 0.7337962962962963 0.8865740740740741 0.7268518518518519 0.8865740740740741 0.7152777777777778 0.8819444444444444 0.7083333333333334 0.8796296296296297 0.6875
5 0.5995370370370371 0.30324074074074076 0.02546296296296296 0.02546296296296296
5 0.8726851851851852 0.37962962962962965 0.8726851851851852 0.3912037037037037 0.8634259259259259 0.39814814814814814 0.8518518518518519 0.39351851851851855 0.8518518518518519 0.37962962962962965 0.8564814814814815 0.375 0.8680555555555556 0.375 0.8703703703703703 0.37962962962962965
5 0.45625000000000004 0.6328125 0.45625000000000004 0.6265625 0.45562968750000005 0.62113125 0.4539296875 0.6190906249999999 0.44916875000000006 0.616709375 0.44062500000000004 0.615625 0.43593750000000003 0.61875 0.434375 0.63125 0.4390625 0.6375 0.45 0.6390625 0.45156250000000003 0.6390625 0.45625000000000004 0.6328125
5 0.18055555555555555 0.6296296296296297 0.18518518518518517 0.6365740740740741 0.18518518518518517 0.6412037037037037 0.17824074074074073 0.6504629629629629 0.16898148148148148 0.6504629629629629 0.16203703703703703 0.6412037037037037 0.16203703703703703 0.6365740740740741 0.16666666666666666 0.6296296296296297 0.17824074074074073 0.6296296296296297
5 0.3484375 0.32499999999999996 0.35120625 0.32013437499999997 0.35228125000000005 0.3142218749999999 0.3515625 0.30937499999999996 0.35000000000000003 0.3046875 0.34218750000000003 0.30000000000000004 0.33125000000000004 0.30156249999999996 0.325 0.3109375 0.325 0.31718749999999996 0.3296875 0.32499999999999996 0.33437500000000003 0.328125 0.34218750000000003 0.328125 0.34375 0.328125 0.3484375 0.32499999999999996
1 0.16203703703703703 0.2222222222222222 0.16435185185185186 0.22453703703703703 0.18518518518518517 0.22453703703703703 0.19675925925925927 0.2337962962962963 0.19675925925925927 0.24768518518518517 0.1875 0.26157407407407407 0.19907407407407407 0.27314814814814814 0.2013888888888889 0.27314814814814814 0.2037037037037037 0.2800925925925926 0.19907407407407407 0.2800925925925926 0.17824074074074073 0.2662037037037037 0.17824074074074073 0.25925925925925924 0.18518518518518517 0.25 0.18518518518518517 0.24305555555555555 0.1875 0.24074074074074073 0.18518518518518517 0.23842592592592593 0.18518518518518517 0.2337962962962963 0.18055555555555555 0.22916666666666666 0.16898148148148148 0.22685185185185186 0.1574074074074074 0.23842592592592593 0.1574074074074074 0.24074074074074073 0.15046296296296297 0.24537037037037038 0.14583333333333334 0.24537037037037038 0.13194444444444445 0.2361111111111111 0.13194444444444445 0.2337962962962963 0.1388888888888889 0.2337962962962963 0.14351851851851852 0.23842592592592593 0.14814814814814814 0.23842592592592593 0.1550925925925926 0.22685185185185186 0.1597222222222222 0.22453703703703703
1 0.6125 0.553125 0.6156250000000001 0.5390625 0.6218750000000001 0.5328124999999999 0.6234375000000001 0.5249999999999999 0.628125 0.5171874999999999 0.628125 0.49374999999999997 0.6312500000000001 0.48593749999999997 0.6296875000000001 0.48124999999999996 0.6218750000000001 0.4765625 0.6140625000000001 0.47812499999999997 0.609375 0.4828125 0.6078125000000001 0.490625 0.604234375 0.49765000000000004 0.6051531250000001 0.5045390625 0.6051531250000001 0.5137265624999999 0.6028578125 0.519696875 0.59964375 0.5275046875 0.595053125 0.5334765625 0.5906250000000001 0.5499999999999999 0.59375 0.5562499999999999 0.6000000000000001 0.559375 0.6062500000000001 0.5578124999999999 0.6078125000000001 0.5578124999999999 0.6125 0.553125
1 0.7870370370370371 0.25925925925925924 0.7916666666666666 0.25462962962962965 0.8009259259259259 0.25 0.8055555555555556 0.25 0.8148148148148148 0.24305555555555555 0.8310185185185185 0.2638888888888889 0.8425925925925926 0.2662037037037037 0.8472222222222222 0.26157407407407407 0.8472222222222222 0.2523148148148148 0.8425925925925926 0.24305555555555555 0.8425925925925926 0.23842592592592593 0.8472222222222222 0.22916666666666666 0.8564814814814815 0.2222222222222222 0.8657407407407407 0.2222222222222222 0.8657407407407407 0.22685185185185186 0.8564814814814815 0.2337962962962963 0.8587962962962963 0.2569444444444444 0.8564814814814815 0.2569444444444444 0.8449074074074074 0.2708333333333333 0.8356481481481481 0.27546296296296297 0.8217592592592593 0.27546296296296297 0.8125 0.2662037037037037 0.8125 0.26157407407407407 0.8055555555555556 0.25462962962962965 0.7939814814814815 0.2569444444444444 0.7893518518518519 0.26157407407407407
1 0.2515625 0.8125 0.25312500000000004 0.8078125 0.2484375 0.8015625 0.24337968750000002 0.79838125 0.24266875 0.796959375 0.2423140625 0.796246875 0.24017968750000002 0.7951796875 0.23555625 0.7944671875 0.22968750000000002 0.7953125 0.2234375 0.7984375 0.2191953125 0.8030078124999999 0.21208281250000002 0.806209375 0.20354687500000002 0.8047859375 0.19892343750000002 0.79945 0.1982125 0.7884187500000001 0.2014125 0.7802359375 0.20817031250000004 0.7688484375 0.20603593750000002 0.7670703125 0.199990625 0.760665625 0.19607812500000002 0.7563953125 0.1921875 0.7515625 0.1921875 0.75625 0.19843750000000002 0.765625 0.19843750000000002 0.7734375 0.18906250000000002 0.790625 0.18906250000000002 0.8015625 0.1921875 0.8078125 0.2 0.8140625 0.21406250000000002 0.8140625 0.2328125 0.8015625 0.246875 0.8140625 0.2484375 0.8140625 0.2515625 0.8125
1 0.7439234375 0.763990625 0.7439234375 0.7721390625 0.7497781250000001 0.777740625 0.758178125 0.7787593749999999 0.7650500000000001 0.7751953125 0.7683593750000001 0.7721390625 0.7686124999999999 0.7693374999999999 0.77345 0.768065625 0.7770125000000001 0.7701015625 0.7828671875000001 0.7698468749999999 0.7877031250000001 0.7673015624999999 0.7897390625 0.7647546874999999 0.7930484375 0.7616984375 0.79915625 0.7573703125000001 0.8019562499999999 0.75075 0.8019562499999999 0.7474390625 0.8017015625000001 0.7438734375 0.7999203125000001 0.7400546874999999 0.8004296875 0.73674375 0.8055203125 0.7326703125 0.808828125 0.7285953125 0.8093375 0.723503125 0.808828125 0.717646875 0.8055203125 0.7135718750000001 0.7966109375000001 0.712553125 0.7912656250000002 0.7133171875000001 0.7866843750000001 0.7171375 0.7846484375000001 0.722484375 0.7810843749999999 0.7265578125 0.7800671875 0.72885 0.7833765625 0.7311421875 0.7841390625000001 0.738271875 0.7823578125 0.7413281249999999 0.7777765625 0.7459109374999999 0.7742125000000001 0.750240625 0.76963125 0.7530406249999999 0.7653046875000001 0.754059375 0.7597046875000001 0.7543140625 0.7546140625 0.7532953125 0.7502875000000001 0.7535499999999999 0.7523234375000001 0.7538046875 0.7439234375 0.763990625
0 0.1597222222222222 0.48148148148148145 0.16203703703703703 0.4791666666666667 0.16203703703703703 0.4861111111111111 0.1597222222222222 0.4861111111111111 0.1550925925925926 0.4930555555555556 0.1574074074074074 0.4976851851851852 0.1550925925925926 0.49537037037037035 0.15046296296296297 0.4976851851851852 0.14814814814814814 0.4930555555555556 0.1527777777777778 0.4976851851851852 0.1550925925925926 0.49537037037037035 0.1527777777777778 0.49074074074074076 0.1574074074074074 0.4837962962962963
0 0.28703703703703703 0.5995370370370371 0.2916666666666667 0.6018518518518519 0.29398148148148145 0.5995370370370371 0.2916666666666667 0.5972222222222222 0.29398148148148145 0.5949074074074074 0.2986111111111111 0.5949074074074074 0.29398148148148145 0.5949074074074074 0.2916666666666667 0.5972222222222222 0.2962962962962963 0.6018518518518519 0.29398148148148145 0.5995370370370371 0.2916666666666667 0.6041666666666666 0.28935185185185186 0.6018518518518519
0 0.26851851851851855 0.2569444444444444 0.2708333333333333 0.25462962962962965 0.2777777777777778 0.2569444444444444 0.2777777777777778 0.26157407407407407 0.27314814814814814 0.2638888888888889 0.2708333333333333 0.2708333333333333 0.26851851851851855 0.27314814814814814 0.2662037037037037 0.2708333333333333 0.26851851851851855 0.2638888888888889 0.2708333333333333 0.26851851851851855 0.2777777777777778 0.25925925925925924 0.2708333333333333 0.25462962962962965
0 0.8819444444444444 0.32407407407407407 0.8819444444444444 0.33564814814814814 0.8865740740740741 0.33796296296296297 0.8912037037037037 0.3333333333333333 0.8865740740740741 0.32175925925925924 0.8819444444444444 0.3194444444444444 0.8865740740740741 0.32175925925925924 0.8912037037037037 0.33101851851851855 0.8865740740740741 0.33796296296296297 0.8819444444444444 0.33796296296296297 0.8819444444444444 0.3263888888888889
0 0.5763888888888888 0.7615740740740741 0.5787037037037037 0.7569444444444444 0.5833333333333334 0.7615740740740741 0.5833333333333334 0.7662037037037037 0.5810185185185185 0.7662037037037037 0.5833333333333334 0.7615740740740741 0.5787037037037037 0.7569444444444444 0.5763888888888888 0.7592592592592593