4 0.90768125 0.17292343749999997 0.90768125 0.21749218750000002 0.9534796875 0.217075 0.9533859375 0.1730625 0.90768125 0.17292343749999997
4 0.9125609374999999 0.706246875 0.9141874999999999 0.7521984375 0.960525 0.75341875 0.9593046875 0.7046203125 0.9125609374999999 0.706246875
4 0.8560609375 0.458296875 0.8556546875000001 0.5034359375 0.9028062499999999 0.5046546875 0.9031578125 0.45917187500000006 0.8560609375 0.458296875
4 0.737371875 0.5701265624999999 0.691034375 0.5701265624999999 0.691034375 0.616078125 0.737778125 0.6156718749999999 0.737371875 0.5701265624999999
4 0.691034375 0.301153125 0.6902203124999999 0.3475109375 0.7353390625 0.3475109375 0.7356875 0.3008015625 0.691034375 0.301153125
4 0.47736562499999996 0.177690625 0.47736562499999996 0.22101874999999999 0.522840625 0.22101874999999999 0.5217578125 0.17444062500000002 0.47736562499999996 0.177690625
4 0.04102499999999988 0.1701078125 0.039942187499999976 0.21451875 0.08216874999999983 0.21560312499999998 0.08433437500000004 0.167940625 0.04102499999999988 0.1701078125
4 0.03019843749999988 0.45932500000000004 0.02803281249999993 0.5069875 0.0735062499999999 0.505903125 0.07483125000000007 0.458490625 0.03019843749999988 0.45932500000000004
4 0.024784374999999942 0.695465625 0.0237015624999999 0.7442109375000001 0.0670109374999998 0.7442109375000001 0.06804218750000002 0.6970562499999999 0.024784374999999942 0.695465625
4 0.2088484374999999 0.6423890625 0.207765625 0.6857171875 0.2521578124999999 0.6857171875 0.2521578124999999 0.6423890625 0.2088484374999999 0.6423890625
4 0.2478265624999999 0.46365781250000004 0.2478265624999999 0.505903125 0.29113593749999994 0.5069875 0.2920609375 0.4623703125 0.2478265624999999 0.46365781250000004
4 0.47890937499999997 0.4656921875000001 0.4799359374999999 0.511890625 0.5240609374999999 0.5129171875 0.5238968749999999 0.464965625 0.47890937499999997 0.4656921875000001
3 0.8402777777777778 0.1875 0.8472222222222222 0.18518518518518517 0.8541666666666666 0.19444444444444445 0.8587962962962963 0.19444444444444445 0.8657407407407407 0.19907407407407407 0.8657407407407407 0.20601851851851852 0.8240740740740741 0.26851851851851855 0.8171296296296297 0.26851851851851855 0.8101851851851852 0.2638888888888889 0.8055555555555556 0.2638888888888889 0.8055555555555556 0.26157407407407407 0.7986111111111112 0.2569444444444444 0.8055555555555556 0.24074074074074073 0.8125 0.2337962962962963 0.8310185185185185 0.20601851851851852 0.8356481481481481 0.19444444444444445 0.8402777777777778 0.18981481481481483
3 0.5023148148148148 0.2847222222222222 0.5162037037037037 0.29398148148148145 0.5162037037037037 0.2962962962962963 0.5208333333333334 0.2986111111111111 0.5370370370370371 0.31712962962962965 0.5370370370370371 0.32175925925925924 0.5254629629629629 0.3333333333333333 0.5254629629629629 0.33564814814814814 0.5231481481481481 0.33564814814814814 0.5208333333333334 0.3402777777777778 0.5185185185185185 0.3402777777777778 0.5162037037037037 0.3449074074074074 0.4861111111111111 0.3726851851851852 0.48148148148148145 0.3726851851851852 0.47453703703703703 0.3680555555555556 0.47453703703703703 0.36574074074074076 0.4699074074074074 0.36342592592592593 0.4699074074074074 0.3611111111111111 0.4652777777777778 0.3587962962962963 0.4537037037037037 0.3449074074074074 0.4513888888888889 0.3449074074074074 0.4513888888888889 0.33796296296296297 0.45601851851851855 0.33101851851851855 0.46296296296296297 0.3263888888888889 0.4652777777777778 0.32175925925925924 0.5 0.28703703703703703
3 0.11342592592592593 0.28703703703703703 0.09953703703703703 0.2662037037037037 0.09953703703703703 0.2569444444444444 0.09490740740740741 0.2523148148148148 0.09259259259259259 0.24305555555555555 0.10185185185185185 0.2361111111111111 0.10648148148148148 0.2361111111111111 0.11805555555555555 0.22685185185185186 0.12731481481481483 0.22453703703703703 0.13425925925925927 0.2175925925925926 0.1388888888888889 0.2175925925925926 0.14351851851851852 0.21296296296296297 0.14814814814814814 0.21296296296296297 0.1527777777777778 0.20833333333333334 0.1597222222222222 0.20833333333333334 0.16898148148148148 0.2175925925925926 0.16898148148148148 0.2222222222222222 0.1736111111111111 0.22685185185185186 0.1736111111111111 0.23148148148148148 0.17824074074074073 0.2361111111111111 0.17824074074074073 0.24074074074074073 0.18287037037037038 0.24537037037037038 0.18287037037037038 0.25 0.1550925925925926 0.26851851851851855 0.15046296296296297 0.26851851851851855 0.14583333333333334 0.27314814814814814 0.13657407407407407 0.2777777777777778 0.13194444444444445 0.2777777777777778 0.12731481481481483 0.2824074074074074 0.11574074074074074 0.28703703703703703
3 0.9120370370370371 0.48148148148148145 0.9166666666666666 0.48148148148148145 0.9236111111111112 0.4861111111111111 0.9398148148148148 0.4861111111111111 0.9398148148148148 0.5092592592592593 0.9375 0.5115740740740741 0.9375 0.5208333333333334 0.9351851851851852 0.5231481481481481 0.9375 0.5277777777777778 0.9351851851851852 0.5300925925925926 0.9328703703703703 0.5625 0.9305555555555556 0.5671296296296297 0.9120370370370371 0.5671296296296297 0.9004629629629629 0.5625 0.9027777777777778 0.5370370370370371 0.9050925925925926 0.5347222222222222 0.9050925925925926 0.5231481481481481 0.9074074074074074 0.5208333333333334 0.9074074074074074 0.4976851851851852 0.9097222222222222 0.49537037037037035 0.9097222222222222 0.4861111111111111 0.9120370370370371 0.4837962962962963
3 0.5486111111111112 0.6018518518518519 0.5486111111111112 0.6041666666666666 0.5532407407407407 0.6064814814814815 0.5532407407407407 0.6087962962962963 0.5694444444444444 0.625 0.5694444444444444 0.6296296296296297 0.5740740740740741 0.6319444444444444 0.5787037037037037 0.6412037037037037 0.5578703703703703 0.6597222222222222 0.5462962962962963 0.6666666666666666 0.5439814814814815 0.6712962962962963 0.5416666666666666 0.6712962962962963 0.5324074074074074 0.6805555555555556 0.5231481481481481 0.6851851851851852 0.5208333333333334 0.6898148148148148 0.5185185185185185 0.6898148148148148 0.5185185185185185 0.6875 0.5 0.6712962962962963 0.48842592592592593 0.6550925925925926 0.48842592592592593 0.6504629629629629 0.5231481481481481 0.6180555555555556 0.5347222222222222 0.6111111111111112 0.5370370370370371 0.6064814814814815 0.5462962962962963 0.6018518518518519
1 0.8032407407407407 0.7222222222222222 0.8101851851851852 0.7268518518518519 0.8148148148148148 0.7268518518518519 0.8148148148148148 0.7291666666666666 0.8194444444444444 0.7314814814814815 0.8194444444444444 0.7407407407407407 0.8125 0.75 0.8125 0.7615740740740741 0.8194444444444444 0.7685185185185185 0.8287037037037037 0.7708333333333334 0.8402777777777778 0.7592592592592593 0.8402777777777778 0.7569444444444444 0.8472222222222222 0.7523148148148148 0.8518518518518519 0.7523148148148148 0.8657407407407407 0.7615740740740741 0.8657407407407407 0.7638888888888888 0.8587962962962963 0.7638888888888888 0.8495370370370371 0.7592592592592593 0.8472222222222222 0.7615740740740741 0.8472222222222222 0.7662037037037037 0.8356481481481481 0.7754629629629629 0.8287037037037037 0.7754629629629629 0.8263888888888888 0.7731481481481481 0.8240740740740741 0.7754629629629629 0.8101851851851852 0.7731481481481481 0.8009259259259259 0.7638888888888888 0.8009259259259259 0.7476851851851852 0.8055555555555556 0.7407407407407407 0.8101851851851852 0.7384259259259259 0.8101851851851852 0.7361111111111112 0.7916666666666666 0.7199074074074074 0.7962962962962963 0.7175925925925926 0.8009259259259259 0.7222222222222222
2 0.8449074074074074 0.41435185185185186 0.8472222222222222 0.41435185185185186 0.8703703703703703 0.3912037037037037 0.8726851851851852 0.3912037037037037 0.8796296296296297 0.3819444444444444 0.8865740740740741 0.38657407407407407 0.8865740740740741 0.3888888888888889 0.8796296296296297 0.3912037037037037 0.875 0.39814814814814814 0.8726851851851852 0.39814814814814814 0.8379629629629629 0.4305555555555556 0.8356481481481481 0.4305555555555556 0.8171296296296297 0.4513888888888889 0.8125 0.4537037037037037 0.8101851851851852 0.4537037037037037 0.8101851851851852 0.4513888888888889 0.8194444444444444 0.44212962962962965 0.8194444444444444 0.4398148148148148 0.8449074074074074 0.4166666666666667
2 0.7685185185185185 0.16666666666666666 0.7708333333333334 0.16666666666666666 0.7662037037037037 0.1736111111111111 0.7662037037037037 0.17824074074074073 0.7615740740740741 0.18287037037037038 0.7615740740740741 0.1875 0.7569444444444444 0.19212962962962962 0.7569444444444444 0.19675925925925927 0.7476851851851852 0.20833333333333334 0.7476851851851852 0.21296296296296297 0.7407407407407407 0.2199074074074074 0.7407407407407407 0.22453703703703703 0.7314814814814815 0.2361111111111111 0.7245370370370371 0.25462962962962965 0.7199074074074074 0.25462962962962965 0.7175925925925926 0.25 0.7245370370370371 0.2361111111111111 0.7337962962962963 0.22453703703703703 0.7384259259259259 0.21296296296296297 0.7430555555555556 0.20833333333333334 0.7430555555555556 0.2037037037037037 0.7546296296296297 0.18981481481481483 0.7546296296296297 0.18518518518518517 0.7592592592592593 0.18055555555555555 0.7592592592592593 0.17592592592592593 0.7638888888888888 0.16898148148148148 0.7662037037037037 0.16898148148148148
2 0.3449074074074074 0.19444444444444445 0.35185185185185186 0.19907407407407407 0.35185185185185186 0.2037037037037037 0.36574074074074076 0.22453703703703703 0.36574074074074076 0.22916666666666666 0.37962962962962965 0.24537037037037038 0.37962962962962965 0.25462962962962965 0.375 0.2569444444444444 0.37037037037037035 0.25 0.3680555555555556 0.24074074074074073 0.36342592592592593 0.2361111111111111 0.36342592592592593 0.23148148148148148 0.3587962962962963 0.22685185185185186 0.3587962962962963 0.2222222222222222 0.3541666666666667 0.2175925925925926 0.3541666666666667 0.21296296296296297 0.3449074074074074 0.2013888888888889 0.3449074074074074 0.19675925925925927
2 0.09027777777777778 0.2962962962962963 0.09490740740740741 0.2962962962962963 0.16435185185185186 0.3611111111111111 0.16435185185185186 0.36342592592592593 0.1597222222222222 0.36342592592592593 0.1527777777777778 0.3587962962962963 0.14583333333333334 0.34953703703703703 0.12037037037037036 0.33101851851851855 0.10648148148148148 0.31712962962962965 0.10416666666666667 0.31712962962962965 0.09722222222222222 0.30787037037037035 0.09027777777777778 0.3055555555555556 0.08796296296296297 0.30092592592592593 0.09027777777777778 0.2986111111111111
2 0.30324074074074076 0.4444444444444444 0.3055555555555556 0.4444444444444444 0.3148148148148148 0.45601851851851855 0.3148148148148148 0.46064814814814814 0.3287037037037037 0.48148148148148145 0.3287037037037037 0.4861111111111111 0.3333333333333333 0.49074074074074076 0.33796296296296297 0.5 0.33796296296296297 0.5046296296296297 0.3425925925925926 0.5092592592592593 0.3425925925925926 0.5138888888888888 0.35185185185185186 0.5254629629629629 0.35185185185185186 0.5277777777777778 0.3449074074074074 0.5300925925925926 0.3402777777777778 0.5231481481481481 0.3402777777777778 0.5162037037037037 0.33564814814814814 0.5138888888888888 0.33564814814814814 0.5069444444444444 0.33101851851851855 0.5046296296296297 0.33101851851851855 0.5 0.30324074074074076 0.44675925925925924
5 0.42656249999999996 0.603125 0.42343749999999997 0.6000000000000001 0.4125 0.6000000000000001 0.40625 0.6078125000000001 0.40781249999999997 0.6171875 0.41406249999999994 0.621875 0.42343749999999997 0.621875 0.428125 0.6156250000000001 0.42968749999999994 0.6140625 0.42656249999999996 0.603125
5 0.19218749999999996 0.48750000000000004 0.18906249999999988 0.49531250000000004 0.19062499999999993 0.5015625 0.1953125 0.5062500000000001 0.19999999999999996 0.5078125 0.20937499999999998 0.5046875000000001 0.21406249999999993 0.49843750000000003 0.21249999999999988 0.48750000000000004 0.20624999999999993 0.48281250000000003 0.20156249999999998 0.48281250000000003 0.19999999999999996 0.48281250000000003 0.19218749999999996 0.48750000000000004
5 0.35624999999999996 0.37031250000000004 0.3578125 0.3765625 0.3687499999999999 0.3828125 0.375 0.38125 0.37968749999999996 0.3765625 0.37968749999999996 0.365625 0.37187499999999996 0.359375 0.3671875 0.359375 0.3609374999999999 0.36250000000000004 0.359375 0.36250000000000004 0.35624999999999996 0.37031250000000004
5 0.878125 0.328125 0.8796875 0.3359375 0.884375 0.340625 0.8890625 0.3421875 0.896875 0.340625 0.903125 0.3328125 0.903125 0.3265625 0.9 0.3203125 0.890625 0.3171875 0.8890625 0.3171875 0.878125 0.328125
5 0.80625 0.581628125 0.80625 0.5925656250000001 0.8125 0.5988156250000001 0.812903125 0.5991796875000001 0.8231296874999999 0.5988015625 0.8276734375000001 0.5927421875000001 0.82843125 0.5825156250000001 0.8234375 0.5785031250000001 0.81875 0.5753781250000001 0.8125 0.5769406250000001 0.8109375 0.5769406250000001 0.80625 0.581628125
1 0.32314218749999996 0.6466953125000001 0.3173765625 0.649096875 0.3105781249999999 0.6503593750000001 0.2918281249999999 0.6597343750000001 0.2855781249999999 0.6659843750000001 0.2855781249999999 0.6753593750000001 0.2918281249999999 0.6816093750000001 0.2996406249999999 0.6816093750000001 0.3074531249999999 0.676921875 0.3168281249999999 0.6753593750000001 0.3230781249999999 0.6706718750000001 0.3402656249999999 0.664421875 0.3621406249999999 0.6519218750000001 0.3637031249999999 0.6441093750000001 0.36057812499999997 0.637859375 0.3558906249999999 0.6347343750000001 0.3496406249999999 0.6362968750000001 0.3452390624999999 0.6375671875000001 0.33707187499999997 0.64045 0.3327484375 0.6409312500000001 0.32314218749999996 0.6466953125000001
1 0.3890625 0.4453125 0.38593749999999993 0.45625000000000004 0.37812499999999993 0.46718750000000003 0.372140625 0.48144375 0.37187499999999996 0.5046875000000001 0.3687499999999999 0.5109375 0.3687499999999999 0.515625 0.3765624999999999 0.5234375 0.3828125 0.5234375 0.390625 0.5171875 0.396875 0.49843750000000003 0.3942374999999999 0.4862468750000001 0.39759999999999995 0.47952187500000004 0.40144375 0.469434375 0.409375 0.45156250000000003 0.4046875 0.4421875 0.396875 0.44062500000000004 0.39531249999999996 0.44062500000000004 0.3890625 0.4453125
1 0.5656249999999999 0.46406250000000004 0.5546875 0.4546875 0.546875 0.4546875 0.5469999999999999 0.455503125 0.5484374999999999 0.46406250000000004 0.5494015625 0.462228125 0.548921875 0.4593453125 0.5527640625 0.462709375 0.5580484375 0.46751250000000005 0.5614109374999999 0.46559062500000004 0.5628515625 0.468953125 0.5681359375 0.469434375 0.5719796875 0.4631890625 0.583028125 0.4564640625 0.59551875 0.4607875 0.5998421875 0.47039531250000005 0.596875 0.478125 0.5890624999999999 0.49531250000000004 0.596875 0.5046875000000001 0.6046875 0.509375 0.609375 0.5078125 0.609375 0.5015625 0.5984375 0.49062500000000003 0.5984375 0.48750000000000004 0.6031249999999999 0.48125 0.60625 0.47187500000000004 0.60625 0.45937500000000003 0.6 0.45156250000000003 0.59375 0.44843750000000004 0.5859375 0.44843750000000004 0.584375 0.44843750000000004 0.5656249999999999 0.46406250000000004
1 0.73125 0.4754468919468547 0.731946875 0.4756796875 0.731465625 0.472796875 0.7276234375 0.46751250000000005 0.7194562499999999 0.458865625 0.7261828124999999 0.44685625 0.73675 0.4473359375 0.75625 0.4609375 0.759375 0.45937500000000003 0.76875 0.45 0.7734375 0.44062500000000004 0.771875 0.4390625 0.7609375 0.4453125 0.7578125 0.4453125 0.75 0.4421875 0.7453125 0.4375 0.7359375 0.434375 0.7296875 0.43593750000000003 0.728125 0.43593750000000003 0.725 0.4390625 0.71875 0.44062500000000004 0.7140625 0.4453125 0.709375 0.45937500000000003 0.709375 0.4625 0.71875 0.478125 0.71875 0.48281250000000003 0.709375 0.49375 0.7140625 0.49843750000000003 0.71875 0.496875 0.7265625 0.4890625 0.73125 0.48125 0.73125 0.4754468919468547
0 0.8634259259259259 0.2847222222222222 0.8634259259259259 0.2916666666666667 0.8472222222222222 0.2916666666666667 0.8611111111111112 0.2847222222222222
0 0.3055555555555556 0.36574074074074076 0.30324074074074076 0.37037037037037035 0.2986111111111111 0.3680555555555556 0.28935185185185186 0.3680555555555556 0.2916666666666667 0.36574074074074076 0.30324074074074076 0.36574074074074076
0 0.5648148148148148 0.3819444444444444 0.5648148148148148 0.3888888888888889 0.5671296296296297 0.3912037037037037 0.5740740740740741 0.38657407407407407 0.5717592592592593 0.3819444444444444 0.5740740740740741 0.3819444444444444 0.5740740740740741 0.3888888888888889 0.5717592592592593 0.3888888888888889 0.5625 0.39814814814814814 0.5601851851851852 0.3958333333333333 0.5578703703703703 0.40046296296296297 0.5578703703703703 0.3958333333333333 0.5625 0.39814814814814814 0.5671296296296297 0.39351851851851855 0.5648148148148148 0.3888888888888889 0.5625 0.3912037037037037 0.5648148148148148 0.3888888888888889 0.5648148148148148 0.38425925925925924
0 0.1712962962962963 0.5162037037037037 0.17592592592592593 0.5162037037037037 0.18055555555555555 0.5208333333333334 0.18055555555555555 0.5231481481481481 0.18055555555555555 0.5208333333333334 0.1736111111111111 0.5162037037037037 0.16898148148148148 0.5254629629629629 0.16898148148148148 0.5277777777777778 0.1736111111111111 0.5300925925925926 0.16435185185185186 0.5370370370370371 0.16435185185185186 0.5324074074074074 0.16666666666666666 0.5370370370370371 0.1712962962962963 0.5324074074074074 0.1712962962962963 0.5300925925925926 0.16666666666666666 0.5277777777777778 0.1712962962962963 0.5231481481481481 0.1712962962962963 0.5185185185185185
0 0.6574074074074074 0.6689814814814815 0.6620370370370371 0.6689814814814815 0.6643518518518519 0.6736111111111112 0.6643518518518519 0.6805555555555556 0.6597222222222222 0.6782407407407407 0.6504629629629629 0.6782407407407407 0.6597222222222222 0.6782407407407407 0.6620370370370371 0.6805555555555556 0.6643518518518519 0.6759259259259259 0.6597222222222222 0.6689814814814815 0.6574074074074074 0.6712962962962963