4 0.90768125 0.8270765625000001 0.9533859375 0.8269374999999999 0.9534796875 0.7829250000000001 0.90768125 0.7825078124999999 0.90768125 0.8270765625000001
4 0.9125609374999999 0.29375312499999995 0.9593046875 0.29537968749999993 0.960525 0.24658125 0.9141874999999999 0.2478015625 0.9125609374999999 0.29375312499999995
4 0.8560609375 0.541703125 0.9031578125 0.540828125 0.9028062499999999 0.49534531249999997 0.8556546875000001 0.49656406249999996 0.8560609375 0.541703125
4 0.737371875 0.4298734375 0.737778125 0.3843281250000001 0.691034375 0.38392187499999997 0.691034375 0.4298734375 0.737371875 0.4298734375
4 0.691034375 0.698846875 0.7356875 0.6991984375 0.7353390625 0.6524890624999999 0.6902203124999999 0.6524890624999999 0.691034375 0.698846875
4 0.47736562499999996 0.8223093750000001 0.5217578125 0.8255593750000001 0.522840625 0.7789812500000001 0.47736562499999996 0.7789812500000001 0.47736562499999996 0.8223093750000001
4 0.04102499999999988 0.8298921874999999 0.08433437500000004 0.832059375 0.08216874999999983 0.7843968750000001 0.039942187499999976 0.78548125 0.04102499999999988 0.8298921874999999
4 0.03019843749999988 0.540675 0.07483125000000007 0.541509375 0.0735062499999999 0.494096875 0.02803281249999993 0.49301249999999996 0.03019843749999988 0.540675
4 0.024784374999999942 0.304534375 0.06804218750000002 0.30294375000000007 0.0670109374999998 0.2557890624999999 0.0237015624999999 0.2557890624999999 0.024784374999999942 0.304534375
4 0.2088484374999999 0.3576109374999999 0.2521578124999999 0.3576109374999999 0.2521578124999999 0.3142828125 0.207765625 0.3142828125 0.2088484374999999 0.3576109374999999
4 0.2478265624999999 0.5363421875 0.2920609375 0.5376296875 0.29113593749999994 0.49301249999999996 0.2478265624999999 0.494096875 0.2478265624999999 0.5363421875
4 0.47890937499999997 0.5343078124999999 0.5238968749999999 0.535034375 0.5240609374999999 0.48708281249999996 0.4799359374999999 0.488109375 0.47890937499999997 0.5343078124999999
2 0.7106481481481481 0.5324074074074074 0.7175925925925926 0.5324074074074074 0.7175925925925926 0.5393518518518519 0.7268518518518519 0.5555555555555556 0.7268518518518519 0.5601851851851852 0.7314814814814815 0.5648148148148148 0.7314814814814815 0.5694444444444444 0.7407407407407407 0.5856481481481481 0.7430555555555556 0.5949074074074074 0.7476851851851852 0.5995370370370371 0.7476851851851852 0.6041666666666666 0.7546296296296297 0.6180555555555556 0.7523148148148148 0.6203703703703703 0.7430555555555556 0.6087962962962963 0.7430555555555556 0.6041666666666666 0.7291666666666666 0.5787037037037037 0.7291666666666666 0.5740740740740741 0.7245370370370371 0.5694444444444444 0.7245370370370371 0.5625 0.7199074074074074 0.5578703703703703 0.7199074074074074 0.5532407407407407 0.7152777777777778 0.5486111111111112 0.7152777777777778 0.5439814814814815 0.7106481481481481 0.5393518518518519 0.7106481481481481 0.5347222222222222
2 0.6458333333333334 0.39351851851851855 0.6527777777777778 0.4027777777777778 0.6550925925925926 0.4097222222222222 0.6597222222222222 0.41203703703703703 0.6597222222222222 0.4166666666666667 0.6782407407407407 0.4444444444444444 0.6944444444444444 0.46296296296296297 0.6944444444444444 0.4699074074074074 0.6898148148148148 0.4699074074074074 0.6875 0.4675925925925926 0.6736111111111112 0.44907407407407407 0.6712962962962963 0.44212962962962965 0.6666666666666666 0.4398148148148148 0.6620370370370371 0.42824074074074076 0.6574074074074074 0.4212962962962963 0.6527777777777778 0.41898148148148145 0.6388888888888888 0.39814814814814814 0.6365740740740741 0.38657407407407407 0.6388888888888888 0.38657407407407407 0.6435185185185185 0.39351851851851855
2 0.6504629629629629 0.6620370370370371 0.6504629629629629 0.6944444444444444 0.6527777777777778 0.6967592592592593 0.6527777777777778 0.7245370370370371 0.6550925925925926 0.7268518518518519 0.6550925925925926 0.7615740740740741 0.6504629629629629 0.7592592592592593 0.6504629629629629 0.7546296296296297 0.6481481481481481 0.7523148148148148 0.6481481481481481 0.7060185185185185 0.6458333333333334 0.7037037037037037 0.6458333333333334 0.6782407407407407 0.6435185185185185 0.6759259259259259 0.6435185185185185 0.6620370370370371 0.6481481481481481 0.6620370370370371
2 0.5231481481481481 0.5949074074074074 0.5300925925925926 0.6041666666666666 0.5393518518518519 0.6111111111111112 0.5439814814814815 0.6180555555555556 0.5555555555555556 0.6296296296296297 0.5578703703703703 0.6296296296296297 0.5578703703703703 0.6319444444444444 0.5833333333333334 0.6574074074074074 0.5856481481481481 0.6574074074074074 0.5856481481481481 0.6643518518518519 0.5810185185185185 0.6643518518518519 0.5763888888888888 0.6574074074074074 0.5717592592592593 0.6550925925925926 0.5671296296296297 0.6481481481481481 0.5625 0.6458333333333334 0.5625 0.6435185185185185 0.5578703703703703 0.6412037037037037 0.5208333333333334 0.6018518518518519 0.5185185185185185 0.6018518518518519 0.5162037037037037 0.5925925925925926 0.5208333333333334 0.5949074074074074
2 0.3773148148148148 0.6504629629629629 0.011574074074074073 0.09953703703703703
2 0.20833333333333334 0.5995370370370371 0.20833333333333334 0.6064814814814815 0.21296296296296297 0.6087962962962963 0.2175925925925926 0.6203703703703703 0.24074074074074073 0.6527777777777778 0.24305555555555555 0.6597222222222222 0.24768518518518517 0.6620370370370371 0.24768518518518517 0.6666666666666666 0.2523148148148148 0.6712962962962963 0.25462962962962965 0.6782407407407407 0.25 0.6782407407407407 0.25 0.6759259259259259 0.24537037037037038 0.6736111111111112 0.24305555555555555 0.6666666666666666 0.23842592592592593 0.6620370370370371 0.23842592592592593 0.6574074074074074 0.2337962962962963 0.6550925925925926 0.21064814814814814 0.6203703703703703 0.21064814814814814 0.6157407407407407 0.20601851851851852 0.6087962962962963 0.2013888888888889 0.6064814814814815 0.19907407407407407 0.5995370370370371 0.2013888888888889 0.5972222222222222 0.20601851851851852 0.5995370370370371
2 0.09953703703703703 0.48842592592592593 0.11574074074074074 0.48842592592592593 0.11805555555555555 0.4861111111111111 0.12731481481481483 0.4861111111111111 0.12962962962962962 0.4837962962962963 0.1412037037037037 0.4837962962962963 0.1527777777777778 0.4791666666666667 0.16435185185185186 0.4791666666666667 0.1736111111111111 0.47453703703703703 0.19444444444444445 0.47453703703703703 0.19444444444444445 0.47685185185185186 0.1875 0.47685185185185186 0.17824074074074073 0.48148148148148145 0.16435185185185186 0.48148148148148145 0.1574074074074074 0.4861111111111111 0.14351851851851852 0.4861111111111111 0.13425925925925927 0.49074074074074076 0.11342592592592593 0.4930555555555556 0.10648148148148148 0.4976851851851852 0.09953703703703703 0.4976851851851852 0.09953703703703703 0.49074074074074076
2 0.33101851851851855 0.42592592592592593 0.011574074074074073 0.09953703703703703
2 0.2662037037037037 0.2777777777777778 0.27546296296296297 0.2824074074074074 0.2847222222222222 0.2824074074074074 0.28935185185185186 0.28703703703703703 0.2986111111111111 0.28703703703703703 0.3055555555555556 0.2916666666666667 0.3148148148148148 0.2916666666666667 0.32175925925925924 0.2962962962962963 0.3287037037037037 0.2962962962962963 0.33564814814814814 0.30092592592592593 0.3425925925925926 0.30092592592592593 0.35185185185185186 0.3055555555555556 0.35185185185185186 0.30787037037037035 0.3472222222222222 0.30787037037037035 0.3402777777777778 0.30324074074074076 0.33101851851851855 0.30324074074074076 0.3101851851851852 0.29398148148148145 0.30092592592592593 0.29398148148148145 0.2800925925925926 0.2847222222222222 0.26157407407407407 0.2824074074074074 0.25925925925925924 0.2777777777777778 0.26157407407407407 0.27546296296296297 0.2638888888888889 0.2777777777777778