4 0.09231875 0.8270765625000001 0.09231875 0.7825078124999999 0.0465203125 0.7829250000000001 0.0466140625 0.8269374999999999 0.09231875 0.8270765625000001
4 0.08743906250000001 0.29375312499999995 0.08581250000000001 0.2478015625 0.039475 0.24658125 0.04069531250000001 0.29537968749999993 0.08743906250000001 0.29375312499999995
4 0.1439390625 0.541703125 0.14434531250000002 0.49656406249999996 0.09719375000000001 0.49534531249999997 0.0968421875 0.540828125 0.1439390625 0.541703125
4 0.26262812500000005 0.4298734375 0.308965625 0.4298734375 0.308965625 0.38392187499999997 0.26222187500000005 0.3843281250000001 0.26262812500000005 0.4298734375
4 0.308965625 0.698846875 0.3097796875 0.6524890624999999 0.2646609375 0.6524890624999999 0.2643125 0.6991984375 0.308965625 0.698846875
4 0.522634375 0.8223093750000001 0.522634375 0.7789812500000001 0.47715937500000005 0.7789812500000001 0.4782421875 0.8255593750000001 0.522634375 0.8223093750000001
4 0.9589750000000001 0.8298921874999999 0.9600578125 0.78548125 0.9178312500000002 0.7843968750000001 0.9156656249999999 0.832059375 0.9589750000000001 0.8298921874999999
4 0.9698015625000002 0.540675 0.9719671875000001 0.49301249999999996 0.9264937500000001 0.494096875 0.92516875 0.541509375 0.9698015625000002 0.540675
4 0.975215625 0.304534375 0.9762984375000001 0.2557890624999999 0.9329890625000002 0.2557890624999999 0.9319578125 0.30294375000000007 0.975215625 0.304534375
4 0.7911515625000001 0.3576109374999999 0.792234375 0.3142828125 0.7478421875000001 0.3142828125 0.7478421875000001 0.3576109374999999 0.7911515625000001 0.3576109374999999
4 0.7521734375000001 0.5363421875 0.7521734375000001 0.494096875 0.7088640625000001 0.49301249999999996 0.7079390625 0.5376296875 0.7521734375000001 0.5363421875
4 0.521090625 0.5343078124999999 0.5200640625 0.488109375 0.47593906250000007 0.48708281249999996 0.47610312500000007 0.535034375 0.521090625 0.5343078124999999
2 0.1412037037037037 0.7037037037037037 0.12731481481481483 0.6805555555555556 0.12731481481481483 0.6782407407407407 0.13194444444444445 0.6782407407407407 0.1388888888888889 0.6851851851851852 0.14351851851851852 0.6944444444444444 0.16203703703703703 0.7152777777777778 0.16435185185185186 0.7222222222222222 0.1712962962962963 0.7314814814814815 0.17592592592592593 0.7337962962962963 0.17592592592592593 0.7384259259259259 0.18055555555555555 0.7453703703703703 0.18981481481481483 0.7546296296296297 0.18981481481481483 0.7569444444444444 0.18518518518518517 0.7592592592592593 0.18055555555555555 0.7592592592592593 0.17824074074074073 0.7569444444444444 0.17824074074074073 0.7523148148148148 0.16435185185185186 0.7314814814814815 0.1597222222222222 0.7291666666666666 0.14351851851851852 0.7037037037037037
2 0.24074074074074073 0.5092592592592593 0.24537037037037038 0.5069444444444444 0.25 0.4976851851851852 0.2847222222222222 0.4513888888888889 0.2916666666666667 0.44675925925925924 0.2916666666666667 0.45601851851851855 0.27314814814814814 0.47685185185185186 0.26851851851851855 0.4861111111111111 0.2638888888888889 0.48842592592592593 0.2523148148148148 0.5069444444444444 0.25 0.5069444444444444 0.2337962962962963 0.5254629629629629 0.23148148148148148 0.5254629629629629 0.23148148148148148 0.5231481481481481 0.24074074074074073 0.5115740740740741
2 0.4305555555555556 0.5509259259259259 0.43287037037037035 0.5162037037037037 0.4351851851851852 0.5138888888888888 0.4351851851851852 0.5046296296296297 0.4375 0.5023148148148148 0.4375 0.48148148148148145 0.44212962962962965 0.4699074074074074 0.44212962962962965 0.45601851851851855 0.44907407407407407 0.45601851851851855 0.44907407407407407 0.46296296296296297 0.44675925925925924 0.4652777777777778 0.44675925925925924 0.48148148148148145 0.4444444444444444 0.4837962962962963 0.4444444444444444 0.4930555555555556 0.44212962962962965 0.49537037037037035 0.44212962962962965 0.5138888888888888 0.4398148148148148 0.5162037037037037 0.4398148148148148 0.5231481481481481 0.4351851851851852 0.5347222222222222 0.4351851851851852 0.5486111111111112 0.43287037037037035 0.5509259259259259
2 0.2523148148148148 0.7083333333333334 0.2569444444444444 0.6990740740740741 0.2569444444444444 0.6921296296296297 0.26157407407407407 0.6851851851851852 0.26157407407407407 0.6759259259259259 0.2662037037037037 0.6712962962962963 0.2662037037037037 0.6597222222222222 0.2708333333333333 0.6527777777777778 0.2708333333333333 0.6481481481481481 0.27546296296296297 0.6435185185185185 0.27546296296296297 0.6365740740740741 0.2800925925925926 0.6296296296296297 0.2800925925925926 0.6203703703703703 0.2847222222222222 0.6157407407407407 0.28935185185185186 0.6180555555555556 0.28935185185185186 0.6226851851851852 0.2824074074074074 0.6342592592592593 0.2824074074074074 0.6412037037037037 0.27314814814814814 0.6574074074074074 0.27314814814814814 0.6643518518518519 0.2638888888888889 0.6851851851851852 0.2638888888888889 0.6944444444444444 0.25925925925925924 0.6967592592592593 0.25925925925925924 0.7037037037037037 0.25462962962962965 0.7083333333333334
2 0.6782407407407407 0.6527777777777778 0.6828703703703703 0.6527777777777778 0.6967592592592593 0.6435185185185185 0.6967592592592593 0.6458333333333334 0.7013888888888888 0.6481481481481481 0.7013888888888888 0.6527777777777778 0.6990740740740741 0.6550925925925926 0.6944444444444444 0.6550925925925926 0.6875 0.6597222222222222 0.6828703703703703 0.6597222222222222 0.6782407407407407 0.6643518518518519 0.6736111111111112 0.6643518518518519 0.6620370370370371 0.6736111111111112 0.6504629629629629 0.6782407407407407 0.6435185185185185 0.6851851851851852 0.6388888888888888 0.6851851851851852 0.625 0.6944444444444444 0.6134259259259259 0.6967592592592593 0.6157407407407407 0.6921296296296297 0.6226851851851852 0.6875 0.6620370370370371 0.6666666666666666 0.6689814814814815 0.6574074074074074 0.6759259259259259 0.6574074074074074 0.6782407407407407 0.6550925925925926
2 0.5787037037037037 0.3611111111111111 0.5810185185185185 0.3611111111111111 0.5810185185185185 0.3773148148148148 0.5787037037037037 0.37962962962962965 0.5787037037037037 0.39814814814814814 0.5763888888888888 0.40046296296296297 0.5763888888888888 0.4097222222222222 0.5740740740740741 0.41203703703703703 0.5740740740740741 0.4212962962962963 0.5717592592592593 0.4236111111111111 0.5717592592592593 0.4398148148148148 0.5671296296296297 0.44675925925925924 0.5694444444444444 0.4583333333333333 0.5601851851851852 0.4583333333333333 0.5648148148148148 0.44907407407407407 0.5648148148148148 0.4398148148148148 0.5694444444444444 0.42824074074074076 0.5694444444444444 0.4074074074074074 0.5740740740740741 0.40046296296296297 0.5740740740740741 0.3819444444444444 0.5787037037037037 0.375 0.5787037037037037 0.36342592592592593
2 0.625 0.3125 0.6180555555555556 0.32175925925925924 0.6157407407407407 0.3287037037037037 0.6134259259259259 0.32407407407407407 0.6064814814814815 0.33101851851851855 0.5972222222222222 0.35185185185185186 0.6134259259259259 0.3194444444444444 0.6134259259259259 0.32407407407407407 0.6157407407407407 0.3263888888888889 0.625 0.3148148148148148
2 0.8055555555555556 0.5277777777777778 0.8055555555555556 0.5300925925925926 0.8101851851851852 0.5324074074074074 0.8078703703703703 0.5347222222222222 0.8078703703703703 0.5439814814814815 0.8032407407407407 0.5439814814814815 0.7962962962962963 0.5370370370370371 0.7962962962962963 0.5347222222222222 0.8009259259259259 0.5347222222222222 0.7962962962962963 0.5370370370370371 0.8055555555555556 0.5439814814814815 0.8078703703703703 0.5416666666666666 0.8078703703703703 0.5324074074074074 0.8032407407407407 0.5300925925925926
2 0.9282407407407407 0.23842592592592593 0.9305555555555556 0.24074074074074073 0.9282407407407407 0.24305555555555555 0.9328703703703703 0.24768518518518517 0.9375 0.24537037037037038 0.9351851851851852 0.24305555555555555 0.9421296296296297 0.24537037037037038 0.9421296296296297 0.24768518518518517 0.9398148148148148 0.24537037037037038 0.9328703703703703 0.24768518518518517 0.9259259259259259 0.24305555555555555 0.9305555555555556 0.24074074074074073