4 0.09231875 0.17292343749999997 0.0466140625 0.1730625 0.0465203125 0.217075 0.09231875 0.21749218750000002 0.09231875 0.17292343749999997
4 0.08743906250000001 0.706246875 0.04069531250000001 0.7046203125 0.039475 0.75341875 0.08581250000000001 0.7521984375 0.08743906250000001 0.706246875
4 0.1439390625 0.458296875 0.0968421875 0.45917187500000006 0.09719375000000001 0.5046546875 0.14434531250000002 0.5034359375 0.1439390625 0.458296875
4 0.26262812500000005 0.5701265624999999 0.26222187500000005 0.6156718749999999 0.308965625 0.616078125 0.308965625 0.5701265624999999 0.26262812500000005 0.5701265624999999
4 0.308965625 0.301153125 0.2643125 0.3008015625 0.2646609375 0.3475109375 0.3097796875 0.3475109375 0.308965625 0.301153125
4 0.522634375 0.177690625 0.4782421875 0.17444062500000002 0.47715937500000005 0.22101874999999999 0.522634375 0.22101874999999999 0.522634375 0.177690625
4 0.9589750000000001 0.1701078125 0.9156656249999999 0.167940625 0.9178312500000002 0.21560312499999998 0.9600578125 0.21451875 0.9589750000000001 0.1701078125
4 0.9698015625000002 0.45932500000000004 0.92516875 0.458490625 0.9264937500000001 0.505903125 0.9719671875000001 0.5069875 0.9698015625000002 0.45932500000000004
4 0.975215625 0.695465625 0.9319578125 0.6970562499999999 0.9329890625000002 0.7442109375000001 0.9762984375000001 0.7442109375000001 0.975215625 0.695465625
4 0.7911515625000001 0.6423890625 0.7478421875000001 0.6423890625 0.7478421875000001 0.6857171875 0.792234375 0.6857171875 0.7911515625000001 0.6423890625
4 0.7521734375000001 0.46365781250000004 0.7079390625 0.4623703125 0.7088640625000001 0.5069875 0.7521734375000001 0.505903125 0.7521734375000001 0.46365781250000004
4 0.521090625 0.4656921875000001 0.47610312500000007 0.464965625 0.47593906250000007 0.5129171875 0.5200640625 0.511890625 0.521090625 0.4656921875000001
3 0.1574074074074074 0.1875 0.16203703703703703 0.19444444444444445 0.16203703703703703 0.19907407407407407 0.17592592592592593 0.2175925925925926 0.17592592592592593 0.2222222222222222 0.18055555555555555 0.22916666666666666 0.18518518518518517 0.23148148148148148 0.1875 0.23842592592592593 0.19212962962962962 0.24074074074074073 0.19907407407407407 0.2569444444444444 0.19444444444444445 0.25925925925925924 0.19212962962962962 0.2638888888888889 0.1875 0.2638888888888889 0.18055555555555555 0.26851851851851855 0.1736111111111111 0.26851851851851855 0.16898148148148148 0.2638888888888889 0.1597222222222222 0.24537037037037038 0.13194444444444445 0.20601851851851852 0.13194444444444445 0.19907407407407407 0.1388888888888889 0.19444444444444445 0.14351851851851852 0.19444444444444445 0.15046296296296297 0.18518518518518517 0.1550925925925926 0.1875
3 0.5370370370370371 0.3263888888888889 0.5462962962962963 0.33796296296296297 0.5462962962962963 0.3449074074074074 0.5439814814814815 0.3449074074074074 0.5416666666666666 0.34953703703703703 0.5393518518518519 0.34953703703703703 0.5370370370370371 0.3541666666666667 0.5347222222222222 0.3541666666666667 0.5324074074074074 0.3587962962962963 0.5300925925925926 0.3587962962962963 0.5162037037037037 0.3726851851851852 0.5115740740740741 0.3726851851851852 0.5023148148148148 0.36342592592592593 0.5 0.36342592592592593 0.5 0.3611111111111111 0.49537037037037035 0.3587962962962963 0.49537037037037035 0.35648148148148145 0.4861111111111111 0.34953703703703703 0.4861111111111111 0.3472222222222222 0.48148148148148145 0.3449074074074074 0.48148148148148145 0.3425925925925926 0.47685185185185186 0.3402777777777778 0.47685185185185186 0.33796296296296297 0.46064814814814814 0.32175925925925924 0.46064814814814814 0.31712962962962965 0.4722222222222222 0.3055555555555556 0.4722222222222222 0.30324074074074076 0.49074074074074076 0.28703703703703703 0.4976851851851852 0.28703703703703703 0.5324074074074074 0.32175925925925924 0.5347222222222222 0.3263888888888889
3 0.44907407407407407 0.6018518518518519 0.4537037037037037 0.6018518518518519 0.46296296296296297 0.6111111111111112 0.47453703703703703 0.6180555555555556 0.5092592592592593 0.6504629629629629 0.5092592592592593 0.6550925925925926 0.5046296296296297 0.6620370370370371 0.5 0.6643518518518519 0.4976851851851852 0.6712962962962963 0.49537037037037035 0.6712962962962963 0.4930555555555556 0.6759259259259259 0.4837962962962963 0.6851851851851852 0.48148148148148145 0.6851851851851852 0.4791666666666667 0.6898148148148148 0.47685185185185186 0.6898148148148148 0.47453703703703703 0.6851851851851852 0.4652777777777778 0.6805555555555556 0.45601851851851855 0.6712962962962963 0.4537037037037037 0.6712962962962963 0.44675925925925924 0.6620370370370371 0.4375 0.6574074074074074 0.4351851851851852 0.6527777777777778 0.42824074074074076 0.6504629629629629 0.41898148148148145 0.6412037037037037 0.4236111111111111 0.6319444444444444 0.42824074074074076 0.6296296296296297 0.42824074074074076 0.625 0.4444444444444444 0.6087962962962963 0.4444444444444444 0.6064814814814815 0.44907407407407407 0.6041666666666666
3 0.05787037037037037 0.4861111111111111 0.07175925925925926 0.4861111111111111 0.0787037037037037 0.48148148148148145 0.08564814814814815 0.48148148148148145 0.08796296296296297 0.4861111111111111 0.08796296296296297 0.4976851851851852 0.09027777777777778 0.5 0.09027777777777778 0.5208333333333334 0.09259259259259259 0.5231481481481481 0.09259259259259259 0.5347222222222222 0.09490740740740741 0.5370370370370371 0.09490740740740741 0.5555555555555556 0.09722222222222222 0.5578703703703703 0.09722222222222222 0.5625 0.09490740740740741 0.5648148148148148 0.08796296296296297 0.5648148148148148 0.08564814814814815 0.5671296296296297 0.06712962962962964 0.5671296296296297 0.06481481481481481 0.5625 0.06481481481481481 0.5509259259259259 0.0625 0.5486111111111112 0.0625 0.5300925925925926 0.06018518518518518 0.5277777777777778 0.06018518518518518 0.5115740740740741 0.05787037037037037 0.5092592592592593 0.05787037037037037 0.48842592592592593
3 0.8726851851851852 0.22453703703703703 0.875 0.22685185185185186 0.8796296296296297 0.22685185185185186 0.8912037037037037 0.2361111111111111 0.8958333333333334 0.2361111111111111 0.9050925925925926 0.24305555555555555 0.9027777777777778 0.2523148148148148 0.8981481481481481 0.2569444444444444 0.8981481481481481 0.2662037037037037 0.8819444444444444 0.28703703703703703 0.8703703703703703 0.2824074074074074 0.8657407407407407 0.2777777777777778 0.8611111111111112 0.2777777777777778 0.8518518518518519 0.27314814814814814 0.8472222222222222 0.26851851851851855 0.8425925925925926 0.26851851851851855 0.8148148148148148 0.25 0.8148148148148148 0.24537037037037038 0.8194444444444444 0.24074074074074073 0.8194444444444444 0.2361111111111111 0.8240740740740741 0.23148148148148148 0.8240740740740741 0.22685185185185186 0.8287037037037037 0.2222222222222222 0.8287037037037037 0.2175925925925926 0.8379629629629629 0.20833333333333334 0.8449074074074074 0.20833333333333334 0.8495370370370371 0.21296296296296297 0.8541666666666666 0.21296296296296297 0.8587962962962963 0.2175925925925926 0.8634259259259259 0.2175925925925926 0.8703703703703703 0.22453703703703703
5 0.7893518518518519 0.4861111111111111 0.7986111111111112 0.4837962962962963 0.8009259259259259 0.4861111111111111 0.8055555555555556 0.4861111111111111 0.8101851851851852 0.4930555555555556 0.8078703703703703 0.5046296296296297 0.7962962962962963 0.5069444444444444 0.7939814814814815 0.5046296296296297 0.7893518518518519 0.5046296296296297 0.7893518518518519 0.5 0.7870370370370371 0.4976851851851852 0.7870370370370371 0.49074074074074076 0.7893518518518519 0.48842592592592593
5 0.5740740740740741 0.6018518518518519 0.5902777777777778 0.6018518518518519 0.5949074074074074 0.6087962962962963 0.5949074074074074 0.6134259259259259 0.5902777777777778 0.6203703703703703 0.5787037037037037 0.6226851851851852 0.5740740740740741 0.6203703703703703 0.5717592592592593 0.6157407407407407 0.5740740740740741 0.6134259259259259 0.5740740740740741 0.6041666666666666
5 0.625 0.3611111111111111 0.6388888888888888 0.3611111111111111 0.6435185185185185 0.36574074074074076 0.6435185185185185 0.3773148148148148 0.6412037037037037 0.37962962962962965 0.6365740740740741 0.3819444444444444 0.625 0.3819444444444444 0.6203703703703703 0.3773148148148148 0.6203703703703703 0.3680555555555556 0.625 0.36342592592592593
5 0.11342592592592593 0.3194444444444444 0.12037037037037036 0.32407407407407407 0.12268518518518519 0.33101851851851855 0.11805555555555555 0.3402777777777778 0.11342592592592593 0.3402777777777778 0.1111111111111111 0.3425925925925926 0.10185185185185185 0.3402777777777778 0.09722222222222222 0.3333333333333333 0.09953703703703703 0.32407407407407407 0.10416666666666667 0.3194444444444444 0.1111111111111111 0.3194444444444444
5 0.1875 0.5763888888888888 0.19212962962962962 0.5787037037037037 0.19675925925925927 0.5856481481481481 0.19444444444444445 0.5949074074074074 0.1875 0.5995370370370371 0.18055555555555555 0.5995370370370371 0.1736111111111111 0.5949074074074074 0.1712962962962963 0.5902777777777778 0.1736111111111111 0.5787037037037037 0.18055555555555555 0.5740740740740741 0.18518518518518517 0.5763888888888888
2 0.6504629629629629 0.5162037037037037 0.6550925925925926 0.5138888888888888 0.6550925925925926 0.5092592592592593 0.6597222222222222 0.5046296296296297 0.6597222222222222 0.5 0.6689814814814815 0.48148148148148145 0.6782407407407407 0.4699074074074074 0.6782407407407407 0.4652777777777778 0.6828703703703703 0.45601851851851855 0.6875 0.44907407407407407 0.6944444444444444 0.4444444444444444 0.6921296296296297 0.4537037037037037 0.6851851851851852 0.46064814814814814 0.6851851851851852 0.4652777777777778 0.6759259259259259 0.4837962962962963 0.6712962962962963 0.48842592592592593 0.6712962962962963 0.4930555555555556 0.6666666666666666 0.4976851851851852 0.6666666666666666 0.5046296296296297 0.6620370370370371 0.5069444444444444 0.6620370370370371 0.5138888888888888 0.6574074074074074 0.5162037037037037 0.6574074074074074 0.5208333333333334 0.6527777777777778 0.5254629629629629 0.6527777777777778 0.5300925925925926 0.6458333333333334 0.5277777777777778 0.6458333333333334 0.5231481481481481 0.6504629629629629 0.5185185185185185
2 0.9004629629629629 0.2962962962962963 0.9074074074074074 0.2962962962962963 0.9097222222222222 0.2986111111111111 0.9097222222222222 0.30324074074074076 0.8981481481481481 0.3101851851851852 0.8935185185185185 0.31712962962962965 0.8888888888888888 0.3194444444444444 0.8888888888888888 0.32175925925925924 0.8865740740740741 0.32175925925925924 0.8773148148148148 0.33101851851851855 0.875 0.33101851851851855 0.8726851851851852 0.33564814814814814 0.8472222222222222 0.3541666666666667 0.8449074074074074 0.3587962962962963 0.8379629629629629 0.36342592592592593 0.8333333333333334 0.36342592592592593 0.8333333333333334 0.3611111111111111 0.8518518518518519 0.3425925925925926 0.8541666666666666 0.3425925925925926 0.8611111111111112 0.3333333333333333 0.8796296296296297 0.3194444444444444 0.8819444444444444 0.3148148148148148 0.9004629629629629 0.2986111111111111
2 0.6435185185185185 0.18287037037037038 0.6435185185185185 0.19212962962962962 0.6342592592592593 0.2037037037037037 0.6296296296296297 0.2152777777777778 0.6180555555555556 0.22916666666666666 0.6180555555555556 0.2337962962962963 0.6041666666666666 0.2523148148148148 0.5995370370370371 0.26157407407407407 0.5995370370370371 0.2662037037037037 0.5972222222222222 0.26851851851851855 0.5902777777777778 0.26851851851851855 0.5879629629629629 0.2638888888888889 0.5925925925925926 0.2569444444444444 0.5972222222222222 0.25462962962962965 0.5972222222222222 0.25 0.6018518518518519 0.24768518518518517 0.6064814814814815 0.2361111111111111 0.6203703703703703 0.2175925925925926 0.6203703703703703 0.21296296296296297 0.625 0.21064814814814814 0.6273148148148148 0.2037037037037037 0.6319444444444444 0.2013888888888889 0.6365740740740741 0.18981481481481483 0.6412037037037037 0.18518518518518517
2 0.22685185185185186 0.16666666666666666 0.2337962962962963 0.16898148148148148 0.23842592592592593 0.18055555555555555 0.24305555555555555 0.18518518518518517 0.24305555555555555 0.18981481481481483 0.25462962962962965 0.2037037037037037 0.25462962962962965 0.20833333333333334 0.27314814814814814 0.2361111111111111 0.27314814814814814 0.24074074074074073 0.2800925925925926 0.25 0.2777777777777778 0.25462962962962965 0.27314814814814814 0.25462962962962965 0.2662037037037037 0.2361111111111111 0.2569444444444444 0.22453703703703703 0.2569444444444444 0.2199074074074074 0.25 0.21296296296296297 0.25 0.20833333333333334 0.24074074074074073 0.19675925925925927 0.24074074074074073 0.19212962962962962 0.23148148148148148 0.17824074074074073 0.22916666666666666 0.16898148148148148
2 0.1111111111111111 0.38657407407407407 0.11805555555555555 0.3819444444444444 0.125 0.3912037037037037 0.12731481481481483 0.3912037037037037 0.14583333333333334 0.4097222222222222 0.14814814814814814 0.4097222222222222 0.14814814814814814 0.41203703703703703 0.1527777777777778 0.41435185185185186 0.1527777777777778 0.4166666666666667 0.1574074074074074 0.41898148148148145 0.1574074074074074 0.4212962962962963 0.16203703703703703 0.4236111111111111 0.16203703703703703 0.42592592592592593 0.16666666666666666 0.42824074074074076 0.16666666666666666 0.4305555555555556 0.1712962962962963 0.43287037037037035 0.1712962962962963 0.4351851851851852 0.17592592592592593 0.4375 0.18055555555555555 0.4444444444444444 0.18287037037037038 0.4444444444444444 0.1875 0.4513888888888889 0.1875 0.4537037037037037 0.18518518518518517 0.4537037037037037 0.17824074074074073 0.44907407407407407 0.16203703703703703 0.4305555555555556 0.1597222222222222 0.4305555555555556 0.11342592592592593 0.3888888888888889
1 0.6359375 0.6390625000000001 0.634375 0.6468750000000001 0.6359375 0.65 0.64375 0.653125 0.6515625 0.659375 0.6734375 0.6671875 0.6828125 0.6734375 0.7000000000000001 0.6796875 0.70625 0.6796875 0.7125 0.6734375 0.7125 0.6640625 0.70625 0.6578125 0.6855203125000001 0.6500609375 0.67866875 0.6480625000000001 0.66781875 0.643209375 0.6581109374999999 0.6380703125000001 0.6531250000000001 0.6359375 0.6468750000000001 0.6328125 0.6453125000000001 0.6328125 0.640625 0.634375 0.6359375 0.6390625000000001
1 0.6319444444444444 0.5092592592592593 0.6342592592592593 0.5115740740740741 0.6342592592592593 0.5185185185185185 0.6319444444444444 0.5185185185185185 0.6296296296296297 0.5231481481481481 0.6157407407407407 0.5231481481481481 0.6111111111111112 0.5185185185185185 0.6157407407407407 0.5231481481481481 0.6273148148148148 0.5231481481481481 0.6342592592592593 0.5162037037037037 0.6319444444444444 0.5115740740740741
1 0.41435185185185186 0.44907407407407407 0.43287037037037035 0.46296296296296297 0.4398148148148148 0.46296296296296297 0.44212962962962965 0.4583333333333333 0.4537037037037037 0.4537037037037037 0.45601851851851855 0.45601851851851855 0.45601851851851855 0.46296296296296297 0.4513888888888889 0.4652777777777778 0.4537037037037037 0.4675925925925926 0.4513888888888889 0.4699074074074074 0.4537037037037037 0.4722222222222222 0.44907407407407407 0.47453703703703703 0.44212962962962965 0.4837962962962963 0.4305555555555556 0.4837962962962963 0.4236111111111111 0.47453703703703703 0.41203703703703703 0.4722222222222222 0.4074074074074074 0.47685185185185186 0.4074074074074074 0.4837962962962963 0.41203703703703703 0.49074074074074076 0.41203703703703703 0.49537037037037035 0.4074074074074074 0.5023148148148148 0.39814814814814814 0.5092592592592593 0.3912037037037037 0.5092592592592593 0.39351851851851855 0.5 0.4027777777777778 0.49074074074074076 0.4027777777777778 0.4861111111111111 0.3958333333333333 0.47453703703703703 0.3958333333333333 0.4675925925925926 0.40046296296296297 0.4652777777777778 0.40046296296296297 0.4537037037037037 0.41203703703703703 0.44907407407407407
1 0.20601851851851852 0.7175925925925926 0.20601851851851852 0.7199074074074074 0.1875 0.7361111111111112 0.19675925925925927 0.75 0.19675925925925927 0.7638888888888888 0.18981481481481483 0.7708333333333334 0.17824074074074073 0.7754629629629629 0.17592592592592593 0.7731481481481481 0.1597222222222222 0.7754629629629629 0.14583333333333334 0.7592592592592593 0.1388888888888889 0.7638888888888888 0.13194444444444445 0.7638888888888888 0.13194444444444445 0.7615740740740741 0.13657407407407407 0.7569444444444444 0.14814814814814814 0.7523148148148148 0.1574074074074074 0.7569444444444444 0.1574074074074074 0.7592592592592593 0.16898148148148148 0.7708333333333334 0.17592592592592593 0.7708333333333334 0.18518518518518517 0.7615740740740741 0.18518518518518517 0.75 0.17824074074074073 0.7407407407407407 0.17824074074074073 0.7314814814814815 0.18055555555555555 0.7314814814814815 0.18287037037037038 0.7268518518518519 0.1875 0.7268518518518519 0.19212962962962962 0.7222222222222222 0.19675925925925927 0.7222222222222222 0.2037037037037037 0.7175925925925926
1 0.25312500000000004 0.44062500000000004 0.24375000000000002 0.45 0.23750000000000002 0.44375000000000003 0.2265625 0.4375 0.2265625 0.4421875 0.24375000000000002 0.45937500000000003 0.25011875 0.45481875000000005 0.2552359375 0.4518671875 0.2613359375 0.4461609375000001 0.272159375 0.44438906250000004 0.27924375000000007 0.45107968750000005 0.28081875 0.45855781250000005 0.2778671875 0.46446250000000006 0.27343750000000006 0.46875 0.27235625 0.47174375 0.26875000000000004 0.47968750000000004 0.28125000000000006 0.496875 0.28906250000000006 0.49843750000000003 0.290625 0.49531250000000004 0.28125000000000006 0.4859375 0.27968750000000003 0.4765625 0.290625 0.4625 0.28906250000000006 0.45 0.28125000000000006 0.44062500000000004 0.27343750000000006 0.4390625 0.26875000000000004 0.43593750000000003 0.2671875 0.43593750000000003 0.2625 0.43593750000000003 0.25312500000000004 0.44062500000000004
0 0.6921296296296297 0.36574074074074076 0.7060185185185185 0.36574074074074076 0.7083333333333334 0.3680555555555556 0.6990740740740741 0.3680555555555556 0.6967592592592593 0.37037037037037035 0.6921296296296297 0.37037037037037035 0.6921296296296297 0.3680555555555556
0 0.8194444444444444 0.5231481481481481 0.8194444444444444 0.5208333333333334 0.8240740740740741 0.5185185185185185 0.8310185185185185 0.5300925925925926 0.8310185185185185 0.5347222222222222 0.8287037037037037 0.5347222222222222 0.8217592592592593 0.5231481481481481
0 0.13425925925925927 0.2847222222222222 0.1388888888888889 0.2847222222222222 0.14351851851851852 0.28935185185185186 0.14814814814814814 0.28935185185185186 0.15046296296296297 0.2916666666666667 0.13657407407407407 0.2916666666666667 0.13425925925925927 0.28703703703703703
0 0.42824074074074076 0.3819444444444444 0.4351851851851852 0.38657407407407407 0.4351851851851852 0.3912037037037037 0.4398148148148148 0.3958333333333333 0.4398148148148148 0.39814814814814814 0.4351851851851852 0.39814814814814814 0.42824074074074076 0.3888888888888889 0.42824074074074076 0.38425925925925924
0 0.3472222222222222 0.6736111111111112 0.3541666666666667 0.6759259259259259 0.35185185185185186 0.6805555555555556 0.3472222222222222 0.6782407407407407 0.33796296296296297 0.6805555555555556 0.3402777777777778 0.6782407407407407 0.35185185185185186 0.6805555555555556 0.3541666666666667 0.6782407407407407 0.34953703703703703 0.6736111111111112