4 0.09231875 0.8270765625000001 0.09231875 0.7825078124999999 0.0465203125 0.7829250000000001 0.0466140625 0.8269374999999999 0.09231875 0.8270765625000001
4 0.08743906250000001 0.29375312499999995 0.08581250000000001 0.2478015625 0.039475 0.24658125 0.04069531250000001 0.29537968749999993 0.08743906250000001 0.29375312499999995
4 0.1439390625 0.541703125 0.14434531250000002 0.49656406249999996 0.09719375000000001 0.49534531249999997 0.0968421875 0.540828125 0.1439390625 0.541703125
4 0.26262812500000005 0.4298734375 0.308965625 0.4298734375 0.308965625 0.38392187499999997 0.26222187500000005 0.3843281250000001 0.26262812500000005 0.4298734375
4 0.308965625 0.698846875 0.3097796875 0.6524890624999999 0.2646609375 0.6524890624999999 0.2643125 0.6991984375 0.308965625 0.698846875
4 0.522634375 0.8223093750000001 0.522634375 0.7789812500000001 0.47715937500000005 0.7789812500000001 0.4782421875 0.8255593750000001 0.522634375 0.8223093750000001
4 0.9589750000000001 0.8298921874999999 0.9600578125 0.78548125 0.9178312500000002 0.7843968750000001 0.9156656249999999 0.832059375 0.9589750000000001 0.8298921874999999
4 0.9698015625000002 0.540675 0.9719671875000001 0.49301249999999996 0.9264937500000001 0.494096875 0.92516875 0.541509375 0.9698015625000002 0.540675
4 0.975215625 0.304534375 0.9762984375000001 0.2557890624999999 0.9329890625000002 0.2557890624999999 0.9319578125 0.30294375000000007 0.975215625 0.304534375
4 0.7911515625000001 0.3576109374999999 0.792234375 0.3142828125 0.7478421875000001 0.3142828125 0.7478421875000001 0.3576109374999999 0.7911515625000001 0.3576109374999999
4 0.7521734375000001 0.5363421875 0.7521734375000001 0.494096875 0.7088640625000001 0.49301249999999996 0.7079390625 0.5376296875 0.7521734375000001 0.5363421875
4 0.521090625 0.5343078124999999 0.5200640625 0.488109375 0.47593906250000007 0.48708281249999996 0.47610312500000007 0.535034375 0.521090625 0.5343078124999999
3 0.19444444444444445 0.5763888888888888 0.20833333333333334 0.5763888888888888 0.2175925925925926 0.5810185185185185 0.22685185185185186 0.5810185185185185 0.2361111111111111 0.5856481481481481 0.26157407407407407 0.5902777777777778 0.2708333333333333 0.5949074074074074 0.26851851851851855 0.5995370370370371 0.26851851851851855 0.6203703703703703 0.2638888888888889 0.625 0.2638888888888889 0.6342592592592593 0.25925925925925924 0.6412037037037037 0.24305555555555555 0.6412037037037037 0.2361111111111111 0.6365740740740741 0.20601851851851852 0.6319444444444444 0.19907407407407407 0.6273148148148148 0.18981481481481483 0.6273148148148148 0.18287037037037038 0.6226851851851852 0.18287037037037038 0.6134259259259259 0.1875 0.6041666666666666 0.18518518518518517 0.5995370370370371 0.19444444444444445 0.5856481481481481 0.19444444444444445 0.5787037037037037
3 0.5925925925925926 0.6226851851851852 0.5902777777777778 0.6041666666666666 0.5879629629629629 0.6018518518518519 0.5879629629629629 0.5902777777777778 0.5902777777777778 0.5879629629629629 0.5879629629629629 0.5856481481481481 0.5879629629629629 0.5787037037037037 0.5925925925925926 0.5740740740740741 0.5972222222222222 0.5740740740740741 0.5995370370370371 0.5717592592592593 0.6435185185185185 0.5717592592592593 0.6458333333333334 0.5694444444444444 0.6666666666666666 0.5694444444444444 0.6666666666666666 0.5740740740740741 0.6712962962962963 0.5833333333333334 0.6689814814814815 0.5856481481481481 0.6712962962962963 0.5902777777777778 0.6712962962962963 0.6180555555555556 0.6666666666666666 0.6203703703703703 0.6458333333333334 0.6203703703703703 0.6435185185185185 0.6226851851851852 0.6018518518518519 0.6226851851851852 0.5995370370370371 0.625 0.5949074074074074 0.6226851851851852
3 0.8240740740740741 0.5138888888888888 0.8587962962962963 0.5138888888888888 0.8611111111111112 0.5162037037037037 0.8703703703703703 0.5162037037037037 0.8726851851851852 0.5185185185185185 0.8726851851851852 0.5393518518518519 0.8703703703703703 0.5416666666666666 0.8703703703703703 0.5601851851851852 0.8680555555555556 0.5625 0.8680555555555556 0.5925925925925926 0.8657407407407407 0.5949074074074074 0.8518518518518519 0.5949074074074074 0.8495370370370371 0.5925925925925926 0.8472222222222222 0.5949074074074074 0.8379629629629629 0.5949074074074074 0.8356481481481481 0.5925925925925926 0.8217592592592593 0.5925925925925926 0.8171296296296297 0.5879629629629629 0.8171296296296297 0.5810185185185185 0.8194444444444444 0.5787037037037037 0.8194444444444444 0.5370370370370371 0.8217592592592593 0.5347222222222222 0.8217592592592593 0.5231481481481481 0.8240740740740741 0.5208333333333334 0.8240740740740741 0.5162037037037037
3 0.2337962962962963 0.35185185185185186 0.2361111111111111 0.2708333333333333 0.24537037037037038 0.2708333333333333 0.24768518518518517 0.27314814814814814 0.2662037037037037 0.27314814814814814 0.2638888888888889 0.35185185185185186 0.26157407407407407 0.3541666666666667 0.2569444444444444 0.3541666666666667 0.25462962962962965 0.35185185185185186 0.2361111111111111 0.35185185185185186
3 0.33796296296296297 0.6203703703703703 0.33564814814814814 0.6087962962962963 0.33101851851851855 0.5995370370370371 0.33101851851851855 0.5949074074074074 0.3333333333333333 0.5925925925925926 0.33796296296296297 0.5902777777777778 0.34953703703703703 0.5902777777777778 0.3611111111111111 0.5856481481481481 0.3773148148148148 0.5856481481481481 0.38425925925925924 0.5810185185185185 0.3958333333333333 0.5810185185185185 0.4050925925925926 0.5763888888888888 0.41203703703703703 0.5810185185185185 0.41203703703703703 0.5925925925925926 0.4166666666666667 0.5995370370370371 0.41203703703703703 0.6041666666666666 0.4074074074074074 0.6064814814814815 0.3958333333333333 0.6064814814814815 0.38657407407407407 0.6111111111111112 0.3726851851851852 0.6111111111111112 0.36342592592592593 0.6157407407407407 0.35185185185185186 0.6157407407407407 0.3402777777777778 0.6203703703703703