4 0.09231875 0.21749218750000002 0.09231875 0.17292343749999997 0.0466140625 0.1730625 0.0465203125 0.217075 0.09231875 0.21749218750000002
4 0.08581250000000001 0.7521984375 0.08743906250000001 0.706246875 0.04069531250000001 0.7046203125 0.039475 0.75341875 0.08581250000000001 0.7521984375
4 0.14434531250000002 0.5034359375 0.1439390625 0.458296875 0.0968421875 0.45917187500000006 0.09719375000000001 0.5046546875 0.14434531250000002 0.5034359375
4 0.308965625 0.5701265624999999 0.26262812500000005 0.5701265624999999 0.26222187500000005 0.6156718749999999 0.308965625 0.616078125 0.308965625 0.5701265624999999
4 0.3097796875 0.3475109375 0.308965625 0.301153125 0.2643125 0.3008015625 0.2646609375 0.3475109375 0.3097796875 0.3475109375
4 0.522634375 0.22101874999999999 0.522634375 0.177690625 0.4782421875 0.17444062500000002 0.47715937500000005 0.22101874999999999 0.522634375 0.22101874999999999
4 0.9600578125 0.21451875 0.9589750000000001 0.1701078125 0.9156656249999999 0.167940625 0.9178312500000002 0.21560312499999998 0.9600578125 0.21451875
4 0.9719671875000001 0.5069875 0.9698015625000002 0.45932500000000004 0.92516875 0.458490625 0.9264937500000001 0.505903125 0.9719671875000001 0.5069875
4 0.9762984375000001 0.7442109375000001 0.975215625 0.695465625 0.9319578125 0.6970562499999999 0.9329890625000002 0.7442109375000001 0.9762984375000001 0.7442109375000001
4 0.792234375 0.6857171875 0.7911515625000001 0.6423890625 0.7478421875000001 0.6423890625 0.7478421875000001 0.6857171875 0.792234375 0.6857171875
4 0.7521734375000001 0.505903125 0.7521734375000001 0.46365781250000004 0.7079390625 0.4623703125 0.7088640625000001 0.5069875 0.7521734375000001 0.505903125
4 0.5200640625 0.511890625 0.521090625 0.4656921875000001 0.47610312500000007 0.464965625 0.47593906250000007 0.5129171875 0.5200640625 0.511890625
5 0.14814814814814814 0.7175925925925926 0.14814814814814814 0.7199074074074074 0.1527777777777778 0.7222222222222222 0.1527777777777778 0.7337962962962963 0.15046296296296297 0.7337962962962963 0.14814814814814814 0.7384259259259259 0.14351851851851852 0.7384259259259259 0.1412037037037037 0.7407407407407407 0.13194444444444445 0.7384259259259259 0.12962962962962962 0.7337962962962963 0.12962962962962962 0.7245370370370371 0.13425925925925927 0.7175925925925926 0.14583333333333334 0.7175925925925926
5 0.21296296296296297 0.6875 0.027777777777777776 0.02546296296296296
5 0.08101851851851852 0.6342592592592593 0.08564814814814815 0.6365740740740741 0.08796296296296297 0.6412037037037037 0.08796296296296297 0.6504629629629629 0.08564814814814815 0.6550925925925926 0.08101851851851852 0.6574074074074074 0.06944444444444445 0.6574074074074074 0.0625 0.6504629629629629 0.0625 0.6412037037037037 0.07175925925925926 0.6342592592592593 0.0787037037037037 0.6342592592592593
5 0.10648148148148148 0.5601851851851852 0.1087962962962963 0.5625 0.11342592592592593 0.5625 0.11342592592592593 0.5671296296296297 0.11574074074074074 0.5694444444444444 0.11342592592592593 0.5810185185185185 0.10648148148148148 0.5856481481481481 0.09722222222222222 0.5833333333333334 0.09259259259259259 0.5763888888888888 0.09259259259259259 0.5671296296296297 0.09722222222222222 0.5625 0.10416666666666667 0.5601851851851852
5 0.12731481481481483 0.38657407407407407 0.12962962962962962 0.39814814814814814 0.11805555555555555 0.4050925925925926 0.10648148148148148 0.4027777777777778 0.10416666666666667 0.39814814814814814 0.10416666666666667 0.3888888888888889 0.1087962962962963 0.3819444444444444 0.12037037037037036 0.3819444444444444 0.125 0.38657407407407407
5 0.09259259259259259 0.2800925925925926 0.09722222222222222 0.28703703703703703 0.09722222222222222 0.29398148148148145 0.09259259259259259 0.30092592592592593 0.0787037037037037 0.30092592592592593 0.0787037037037037 0.2986111111111111 0.07407407407407407 0.2962962962962963 0.07407407407407407 0.2847222222222222 0.0787037037037037 0.2800925925925926 0.09027777777777778 0.2800925925925926
5 0.2337962962962963 0.2800925925925926 0.2337962962962963 0.29398148148148145 0.22453703703703703 0.30092592592592593 0.2152777777777778 0.2962962962962963 0.21296296296296297 0.2916666666666667 0.21296296296296297 0.2824074074074074 0.2199074074074074 0.27546296296296297 0.22685185185185186 0.27546296296296297 0.23148148148148148 0.2800925925925926
5 0.3530703125 0.31170000000000003 0.3591203125 0.3124125 0.3616125 0.31276718750000004 0.36801875 0.3092078125 0.37228906250000005 0.30030625 0.37015312499999997 0.2928296875 0.36392343750000006 0.28750000000000003 0.3591203125 0.28463906250000004 0.3498609375 0.28750000000000003 0.34773281250000004 0.29176093750000004 0.34595312500000003 0.294609375 0.34666406250000004 0.29995 0.34702031250000004 0.3031546875 0.3488 0.3074265625 0.3530703125 0.31170000000000003
5 0.45601851851851855 0.24074074074074073 0.46296296296296297 0.25 0.46296296296296297 0.25462962962962965 0.45601851851851855 0.2638888888888889 0.4444444444444444 0.2638888888888889 0.4375 0.25462962962962965 0.4398148148148148 0.24537037037037038 0.44675925925925924 0.24074074074074073 0.4537037037037037 0.24074074074074073
5 0.16666666666666666 0.23148148148148148 0.16666666666666666 0.24537037037037038 0.1597222222222222 0.25 0.14814814814814814 0.24768518518518517 0.14351851851851852 0.2361111111111111 0.15046296296296297 0.22685185185185186 0.16203703703703703 0.22685185185185186 0.16435185185185186 0.23148148148148148
5 0.6018518518518519 0.1875 0.6041666666666666 0.19212962962962962 0.6041666666666666 0.2037037037037037 0.6018518518518519 0.20601851851851852 0.5856481481481481 0.20601851851851852 0.5810185185185185 0.19675925925925927 0.5833333333333334 0.19444444444444445 0.5833333333333334 0.18981481481481483 0.5879629629629629 0.18518518518518517 0.5949074074074074 0.18287037037037038 0.5995370370370371 0.1875
5 0.6921296296296297 0.18518518518518517 0.6944444444444444 0.1875 0.6990740740740741 0.1875 0.7037037037037037 0.19444444444444445 0.7013888888888888 0.20601851851851852 0.6921296296296297 0.21064814814814814 0.6875 0.21064814814814814 0.6828703703703703 0.20601851851851852 0.6805555555555556 0.19444444444444445 0.6851851851851852 0.1875 0.6898148148148148 0.1875