4 0.90768125 0.8270765625000001 0.9533859375 0.8269374999999999 0.9534796875 0.7829250000000001 0.90768125 0.7825078124999999 0.90768125 0.8270765625000001
4 0.9125609374999999 0.29375312499999995 0.9593046875 0.29537968749999993 0.960525 0.24658125 0.9141874999999999 0.2478015625 0.9125609374999999 0.29375312499999995
4 0.8560609375 0.541703125 0.9031578125 0.540828125 0.9028062499999999 0.49534531249999997 0.8556546875000001 0.49656406249999996 0.8560609375 0.541703125
4 0.737371875 0.4298734375 0.737778125 0.3843281250000001 0.691034375 0.38392187499999997 0.691034375 0.4298734375 0.737371875 0.4298734375
4 0.691034375 0.698846875 0.7356875 0.6991984375 0.7353390625 0.6524890624999999 0.6902203124999999 0.6524890624999999 0.691034375 0.698846875
4 0.47736562499999996 0.8223093750000001 0.5217578125 0.8255593750000001 0.522840625 0.7789812500000001 0.47736562499999996 0.7789812500000001 0.47736562499999996 0.8223093750000001
4 0.04102499999999988 0.8298921874999999 0.08433437500000004 0.832059375 0.08216874999999983 0.7843968750000001 0.039942187499999976 0.78548125 0.04102499999999988 0.8298921874999999
4 0.03019843749999988 0.540675 0.07483125000000007 0.541509375 0.0735062499999999 0.494096875 0.02803281249999993 0.49301249999999996 0.03019843749999988 0.540675
4 0.024784374999999942 0.304534375 0.06804218750000002 0.30294375000000007 0.0670109374999998 0.2557890624999999 0.0237015624999999 0.2557890624999999 0.024784374999999942 0.304534375
4 0.2088484374999999 0.3576109374999999 0.2521578124999999 0.3576109374999999 0.2521578124999999 0.3142828125 0.207765625 0.3142828125 0.2088484374999999 0.3576109374999999
4 0.2478265624999999 0.5363421875 0.2920609375 0.5376296875 0.29113593749999994 0.49301249999999996 0.2478265624999999 0.494096875 0.2478265624999999 0.5363421875
4 0.47890937499999997 0.5343078124999999 0.5238968749999999 0.535034375 0.5240609374999999 0.48708281249999996 0.4799359374999999 0.488109375 0.47890937499999997 0.5343078124999999
1 0.7754629629629629 0.7222222222222222 0.7847222222222222 0.7291666666666666 0.7893518518518519 0.7291666666666666 0.7939814814814815 0.7337962962962963 0.7986111111111112 0.7337962962962963 0.8009259259259259 0.7361111111111112 0.8032407407407407 0.7337962962962963 0.8125 0.7384259259259259 0.8240740740740741 0.7384259259259259 0.8333333333333334 0.7430555555555556 0.8379629629629629 0.75 0.8379629629629629 0.7546296296296297 0.8333333333333334 0.7615740740740741 0.8009259259259259 0.7615740740740741 0.7939814814814815 0.7569444444444444 0.7893518518518519 0.7569444444444444 0.7777777777777778 0.7476851851851852 0.7731481481481481 0.7476851851851852 0.7685185185185185 0.7430555555555556 0.7592592592592593 0.7407407407407407 0.7592592592592593 0.7384259259259259 0.7546296296296297 0.7361111111111112 0.7546296296296297 0.7245370370370371 0.7592592592592593 0.7199074074074074 0.7708333333333334 0.7199074074074074 0.7731481481481481 0.7222222222222222
1 0.6504629629629629 0.4837962962962963 0.6574074074074074 0.4930555555555556 0.6574074074074074 0.4976851851851852 0.6550925925925926 0.5 0.6550925925925926 0.5208333333333334 0.6504629629629629 0.5277777777777778 0.6504629629629629 0.5347222222222222 0.6412037037037037 0.5509259259259259 0.6412037037037037 0.5555555555555556 0.6342592592592593 0.5648148148148148 0.625 0.5648148148148148 0.6180555555555556 0.5601851851851852 0.6180555555555556 0.5509259259259259 0.6203703703703703 0.5486111111111112 0.6203703703703703 0.5439814814814815 0.6273148148148148 0.5347222222222222 0.6273148148148148 0.5300925925925926 0.6342592592592593 0.5138888888888888 0.6342592592592593 0.49537037037037035 0.6412037037037037 0.4837962962962963 0.6481481481481481 0.4837962962962963
1 0.821440625 0.41277812499999994 0.8154593750000001 0.41980312499999994 0.8099984375 0.42500625 0.8063578125 0.4276078124999999 0.8001171874999999 0.4328109375 0.79725625 0.4374937499999999 0.7969953124999999 0.4437375 0.7982968749999999 0.4489406249999999 0.8011562499999999 0.4515421875 0.804796875 0.45310312499999994 0.8110390625 0.4536234375 0.818059375 0.45180312499999997 0.8209203125 0.44633906249999994 0.8250812500000001 0.443478125 0.8339234375000001 0.4369734375 0.8388640625 0.43463124999999997 0.8417234375 0.42890781249999993 0.8500453124999999 0.4208437499999999 0.8521265625 0.4172015625 0.8570671875 0.4109578124999999 0.8586265625 0.40653437499999995 0.8620078125 0.4010703125 0.8651281249999999 0.3971687499999999 0.8666890625 0.39144531250000003 0.8614875 0.3862421875 0.856546875 0.3833796875 0.8557671874999999 0.3838999999999999 0.845884375 0.3852015624999999 0.843025 0.38884375 0.8383437499999999 0.39326562500000006 0.8354828125 0.39872968749999993 0.8308015625 0.4054937500000001 0.8271609375 0.4101765624999999 0.821440625 0.41277812499999994
1 0.8013843749999999 0.6239921875 0.8021859375 0.61784375 0.80191875 0.610090625 0.8029875 0.60955625 0.8053921875 0.60715 0.806728125 0.6015359375 0.8064609374999999 0.5959218749999999 0.8051249999999999 0.5897734375 0.80405625 0.5857625 0.8029875 0.58095 0.8013843749999999 0.5761390625 0.7949703124999999 0.5699890625 0.7955046874999999 0.564909375 0.79630625 0.560365625 0.79630625 0.5550187499999999 0.7917640625 0.5494046874999999 0.7880234375 0.5464640625 0.78000625 0.547265625 0.7749281250000001 0.549671875 0.77225625 0.5566218749999999 0.7725234375 0.562503125 0.7730578124999999 0.5707921874999999 0.7770671875 0.57640625 0.7802734375 0.581484375 0.7818765624999999 0.590040625 0.7829453125 0.5985953125 0.7786046874999999 0.6072000000000001 0.7789375 0.6103578125 0.7802734375 0.6170421875000001 0.7818765624999999 0.62613125 0.788825 0.6288046875 0.7952374999999999 0.6290718750000001 0.8003156250000001 0.6258640624999999 0.8013843749999999 0.6239921875
1 0.6219453125 0.739615625 0.6141734375 0.7391453124999999 0.6101703125 0.7379671875 0.60028125 0.7365531249999999 0.5941578125 0.7452703125 0.5894484375 0.7521015624999999 0.5878 0.7584625 0.5878 0.7662374999999999 0.5903906250000001 0.7702421875 0.5922734374999999 0.771184375 0.5948640625 0.7655296875 0.5960421875 0.7584625 0.5974546875 0.7546937499999999 0.601928125 0.7546937499999999 0.6120546875 0.7554000000000001 0.6146453125 0.7563421875 0.6226515625 0.7556359374999999 0.6292453125 0.7506890625000001 0.6308921875000001 0.7440921875 0.6315999999999998 0.7410296875 0.63230625 0.7325484375 0.6306578125 0.7261874999999999 0.6243 0.723125 0.619590625 0.7193562499999999 0.6139390625 0.715115625 0.612290625 0.7129953124999999 0.6111125 0.7059265625000001 0.6111125 0.7012156250000001 0.6113484375 0.695796875 0.6087578125 0.6990953125 0.60685625 0.7035515625000001 0.6035765624999999 0.7104031249999999 0.605696875 0.715115625 0.6087578125 0.7202984375 0.6188828125 0.7240671875000001 0.6261828125000001 0.7280718749999999 0.6283031250000001 0.73466875 0.6219453125 0.739615625