4 0.5216140625000001 0.82190625 0.5220046875000001 0.7907796875 0.5220046875000001 0.7802296874999999 0.5220046875000001 0.7782765624999999 0.47968750000000004 0.778125 0.47968750000000004 0.7807515625 0.47955781249999996 0.8176078124999999 0.47968750000000004 0.821875 0.5216140625000001 0.82190625
4 0.046928125 0.826825 0.0908078125 0.8265640625 0.0908078125 0.785409375 0.090678125 0.78254375 0.0464078125 0.7826749999999999 0.0465375 0.7838468749999999 0.046928125 0.826825
4 0.11850625 0.5384984375 0.13217500000000001 0.54001875 0.14218750000000002 0.5406249999999999 0.14218750000000002 0.5359375 0.14375000000000002 0.5343749999999999 0.1433109375 0.49544375 0.14218750000000002 0.49687499999999996 0.1234375 0.4953125 0.096234375 0.4944296875 0.096875 0.5046875 0.09843750000000001 0.5375 0.11850625 0.5384984375
4 0.08281250000000001 0.29374999999999996 0.08651093750000001 0.29341718749999995 0.0859375 0.25625 0.0860328125 0.2455328125 0.08315937500000002 0.24577187499999986 0.06406250000000001 0.24687499999999996 0.039354687500000006 0.246490625 0.0390625 0.24843749999999998 0.0390625 0.29218750000000004 0.039593750000000004 0.29317812500000007 0.08281250000000001 0.29374999999999996
4 0.30438750000000003 0.4288171875 0.30845781250000004 0.4288171875 0.30869687500000004 0.42115625 0.30845781250000004 0.41493125 0.30781250000000004 0.3921874999999999 0.3077390625 0.38955156249999995 0.3075 0.384284375 0.30312500000000003 0.3843749999999999 0.2671875 0.3843749999999999 0.26201875 0.38380625 0.2624984375 0.4266625 0.2624984375 0.42905781249999997 0.30438750000000003 0.4288171875
4 0.5180484375000001 0.5328984375 0.520453125 0.5328984375 0.5203125000000001 0.4953125 0.52035 0.487165625 0.5158015625 0.48740625 0.47606562500000005 0.48836406250000003 0.47606562500000005 0.5151796875 0.4765625 0.5203125 0.4765625 0.5328124999999999 0.5180484375000001 0.5328984375
4 0.733309375 0.5357546875 0.73633125 0.536321875 0.749553125 0.5361328125 0.7514406250000001 0.536321875 0.7515625 0.49687499999999996 0.7508750000000001 0.49343906249999997 0.7468750000000001 0.49374999999999997 0.7097015625000002 0.49400625 0.7095125000000001 0.49683906249999993 0.7091343750000001 0.5323546874999999 0.7091343750000001 0.5365109375 0.733309375 0.5357546875
4 0.93125 0.5390625 0.9671875000000001 0.5390625 0.9704171875000001 0.53911875 0.9704171875000001 0.4937796875 0.9685281250000001 0.49396875 0.927165625 0.49415781249999996 0.9277328125000002 0.49699218749999996 0.927165625 0.5383640625 0.9264109375000001 0.5387421874999999 0.93125 0.5390625
4 0.2643875 0.6969765625000001 0.3079171875 0.6963937499999999 0.30781250000000004 0.6953125 0.30781250000000004 0.6546875 0.30762656250000003 0.6519796874999999 0.264096875 0.652853125 0.2639515625 0.6548921874999999 0.2638046875 0.6576593749999999 0.264096875 0.6894031249999999 0.2643875 0.6969765625000001
4 0.7905921874999999 0.3562796875 0.7904328125000001 0.349278125 0.7905921874999999 0.3413203125 0.7910687500000001 0.31442656249999995 0.7875000000000001 0.3140624999999999 0.7473171875000001 0.31363125 0.7476359375000001 0.31458593749999997 0.7476359375000001 0.31888281249999995 0.746840625 0.356596875 0.7522500000000001 0.3564390625 0.7905921874999999 0.3562796875
4 0.9745250000000001 0.30042812499999993 0.9740453125000001 0.2557968749999999 0.9308640625000002 0.2557968749999999 0.9308640625000002 0.29946875 0.9745250000000001 0.30042812499999993
1 0.8235765625000001 0.6092265625000001 0.8301546875 0.6080656249999999 0.8343750000000001 0.603125 0.8340249999999999 0.5939375 0.83344375 0.5873578125 0.8423453125000001 0.582325 0.8437 0.57768125 0.8515625 0.5765625 0.8555015625000001 0.573809375 0.8580171875 0.5676171875 0.8587921875 0.56084375 0.8566625000000001 0.551746875 0.8508578125 0.5447796874999999 0.8409906250000001 0.53800625 0.817384375 0.5378124999999999 0.8158375 0.524265625 0.8104187500000001 0.523296875 0.80625 0.528125 0.80625 0.546875 0.8123546875000002 0.55445625 0.8288000000000001 0.551359375 0.8386687500000001 0.5527140625 0.8433125000000001 0.557553125 0.8454406250000001 0.565875 0.8293812500000001 0.5718749999999999 0.827253125 0.5782609375 0.8216421875000001 0.58774375 0.8203125 0.5953125 0.8210609375000002 0.5995499999999999 0.8235765625000001 0.6092265625000001
1 0.6921875000000001 0.6140625 0.703125 0.6140625 0.70625 0.6125 0.7093750000000001 0.60625 0.7093750000000001 0.6015625 0.7048156250000001 0.5900359374999999 0.705590625 0.5788015624999999 0.69939375 0.5652437499999999 0.6904859375000001 0.554396875 0.6839015625000001 0.5392874999999999 0.6765625000000001 0.5359375 0.6656984375000001 0.5354140625 0.6625000000000001 0.5421874999999999 0.6609375000000001 0.5484374999999999 0.6640625 0.5562499999999999 0.6777046875000001 0.5811265624999999 0.6854515625000001 0.6043687499999999 0.6921875000000001 0.6140625
2 0.539659375 0.7512749999999999 0.5441140625 0.7578109375 0.543965625 0.744590625 0.5401046875 0.7294375 0.5381734375 0.7211171875 0.5353515625 0.7076 0.52985625 0.6835328125000001 0.5267375000000001 0.6732828125 0.52480625 0.6582781249999999 0.518271875 0.657684375 0.515746875 0.6616953125 0.5196078125 0.6662999999999999 0.5216875 0.6787796875 0.5254 0.689771875 0.5313421875000001 0.715621875 0.5344609375 0.7288421875 0.5372828125 0.74414375 0.539659375 0.7512749999999999
2 0.8017390625000002 0.6812703124999999 0.8052671875 0.6902703125 0.8162062499999999 0.7158609375 0.82079375 0.7282140625000001 0.8274984375000002 0.7356265624999999 0.8282046875000001 0.7273312499999999 0.82220625 0.711978125 0.8140890625000002 0.692740625 0.8065015624999999 0.672621875 0.7999734375 0.6583265625 0.7990921875 0.6572671875 0.79785625 0.65144375 0.7971515625000001 0.6435015625 0.7921875 0.6421875 0.7863875 0.6457968749999999 0.7856812500000001 0.6500328125 0.7907984375 0.65144375 0.7911515625000001 0.65744375 0.796975 0.6685625 0.8017390625000002 0.6812703124999999
4 0.9613828125 0.8291312500000001 0.9609375 0.828125 0.9605828125000001 0.7858921875 0.9157531250000001 0.78629375 0.9181546875000002 0.8291312500000001 0.9613828125 0.8291312500000001