4 0.09231875 0.21749218750000002 0.09231875 0.17292343749999997 0.0466140625 0.1730625 0.0465203125 0.217075 0.09231875 0.21749218750000002
4 0.08581250000000001 0.7521984375 0.08743906250000001 0.706246875 0.04069531250000001 0.7046203125 0.039475 0.75341875 0.08581250000000001 0.7521984375
4 0.14434531250000002 0.5034359375 0.1439390625 0.458296875 0.0968421875 0.45917187500000006 0.09719375000000001 0.5046546875 0.14434531250000002 0.5034359375
4 0.308965625 0.5701265624999999 0.26262812500000005 0.5701265624999999 0.26222187500000005 0.6156718749999999 0.308965625 0.616078125 0.308965625 0.5701265624999999
4 0.3097796875 0.3475109375 0.308965625 0.301153125 0.2643125 0.3008015625 0.2646609375 0.3475109375 0.3097796875 0.3475109375
4 0.522634375 0.22101874999999999 0.522634375 0.177690625 0.4782421875 0.17444062500000002 0.47715937500000005 0.22101874999999999 0.522634375 0.22101874999999999
4 0.9600578125 0.21451875 0.9589750000000001 0.1701078125 0.9156656249999999 0.167940625 0.9178312500000002 0.21560312499999998 0.9600578125 0.21451875
4 0.9719671875000001 0.5069875 0.9698015625000002 0.45932500000000004 0.92516875 0.458490625 0.9264937500000001 0.505903125 0.9719671875000001 0.5069875
4 0.9762984375000001 0.7442109375000001 0.975215625 0.695465625 0.9319578125 0.6970562499999999 0.9329890625000002 0.7442109375000001 0.9762984375000001 0.7442109375000001
4 0.792234375 0.6857171875 0.7911515625000001 0.6423890625 0.7478421875000001 0.6423890625 0.7478421875000001 0.6857171875 0.792234375 0.6857171875
4 0.7521734375000001 0.505903125 0.7521734375000001 0.46365781250000004 0.7079390625 0.4623703125 0.7088640625000001 0.5069875 0.7521734375000001 0.505903125
4 0.5200640625 0.511890625 0.521090625 0.4656921875000001 0.47610312500000007 0.464965625 0.47593906250000007 0.5129171875 0.5200640625 0.511890625
3 0.6188843750000002 0.34295156250000003 0.6139328125 0.33047499999999996 0.61151875 0.31840312500000006 0.6057265625 0.31067656250000003 0.5984375000000001 0.296875 0.567590625 0.3082625 0.524628125 0.325646875 0.5318687500000001 0.34110000000000007 0.5338 0.3526890625 0.541040625 0.36041562499999996 0.5453859375000001 0.37442031249999996 0.587940625 0.35773125000000006 0.6188843750000002 0.34295156250000003
2 0.6790890625000001 0.37940625 0.6890671875000001 0.373375 0.7131828125 0.35985625 0.72004375 0.3588171875 0.7185875000000002 0.3517453125 0.7123515625000001 0.34841875000000005 0.7104796875 0.3532015625 0.7017484375000002 0.35964843750000003 0.6898984375 0.366303125 0.6747234375 0.3750375000000001 0.6601703125 0.383565625 0.6464500000000001 0.391259375 0.6335609375 0.39937031250000005 0.6323125000000002 0.4031140625 0.6387578125 0.4035296875 0.6470734375 0.39770625 0.6599624999999999 0.39084374999999993 0.6672390625 0.3864765625 0.6790890625000001 0.37940625