4 0.09231875 0.21749218750000002 0.09231875 0.17292343749999997 0.0466140625 0.1730625 0.0465203125 0.217075 0.09231875 0.21749218750000002
4 0.08581250000000001 0.7521984375 0.08743906250000001 0.706246875 0.04069531250000001 0.7046203125 0.039475 0.75341875 0.08581250000000001 0.7521984375
4 0.14434531250000002 0.5034359375 0.1439390625 0.458296875 0.0968421875 0.45917187500000006 0.09719375000000001 0.5046546875 0.14434531250000002 0.5034359375
4 0.308965625 0.5701265624999999 0.26262812500000005 0.5701265624999999 0.26222187500000005 0.6156718749999999 0.308965625 0.616078125 0.308965625 0.5701265624999999
4 0.3097796875 0.3475109375 0.308965625 0.301153125 0.2643125 0.3008015625 0.2646609375 0.3475109375 0.3097796875 0.3475109375
4 0.522634375 0.22101874999999999 0.522634375 0.177690625 0.4782421875 0.17444062500000002 0.47715937500000005 0.22101874999999999 0.522634375 0.22101874999999999
4 0.9600578125 0.21451875 0.9589750000000001 0.1701078125 0.9156656249999999 0.167940625 0.9178312500000002 0.21560312499999998 0.9600578125 0.21451875
4 0.9719671875000001 0.5069875 0.9698015625000002 0.45932500000000004 0.92516875 0.458490625 0.9264937500000001 0.505903125 0.9719671875000001 0.5069875
4 0.9762984375000001 0.7442109375000001 0.975215625 0.695465625 0.9319578125 0.6970562499999999 0.9329890625000002 0.7442109375000001 0.9762984375000001 0.7442109375000001
4 0.792234375 0.6857171875 0.7911515625000001 0.6423890625 0.7478421875000001 0.6423890625 0.7478421875000001 0.6857171875 0.792234375 0.6857171875
4 0.7521734375000001 0.505903125 0.7521734375000001 0.46365781250000004 0.7079390625 0.4623703125 0.7088640625000001 0.5069875 0.7521734375000001 0.505903125
4 0.5200640625 0.511890625 0.521090625 0.4656921875000001 0.47610312500000007 0.464965625 0.47593906250000007 0.5129171875 0.5200640625 0.511890625
1 0.16435185185185186 0.2361111111111111 0.19675925925925927 0.2361111111111111 0.2037037037037037 0.24074074074074073 0.20833333333333334 0.24074074074074073 0.2199074074074074 0.25 0.22453703703703703 0.25 0.2337962962962963 0.2569444444444444 0.23842592592592593 0.2569444444444444 0.23842592592592593 0.25925925925925924 0.24305555555555555 0.26157407407407407 0.24305555555555555 0.27314814814814814 0.23842592592592593 0.2777777777777778 0.22685185185185186 0.2777777777777778 0.21296296296296297 0.26851851851851855 0.20833333333333334 0.26851851851851855 0.2037037037037037 0.2638888888888889 0.19907407407407407 0.2638888888888889 0.19675925925925927 0.26157407407407407 0.19444444444444445 0.2638888888888889 0.18518518518518517 0.25925925925925924 0.1736111111111111 0.25925925925925924 0.16435185185185186 0.25462962962962965 0.1597222222222222 0.24768518518518517 0.1597222222222222 0.24305555555555555 0.16435185185185186 0.23842592592592593
1 0.3726851851851852 0.43287037037037035 0.37962962962962965 0.4375 0.37962962962962965 0.44675925925925924 0.3773148148148148 0.44907407407407407 0.3773148148148148 0.4537037037037037 0.37037037037037035 0.46296296296296297 0.37037037037037035 0.4675925925925926 0.36342592592592593 0.4837962962962963 0.36342592592592593 0.5023148148148148 0.35648148148148145 0.5138888888888888 0.3472222222222222 0.5138888888888888 0.3402777777777778 0.5046296296296297 0.3402777777777778 0.5 0.3425925925925926 0.4976851851851852 0.3425925925925926 0.47685185185185186 0.3472222222222222 0.4699074074074074 0.3472222222222222 0.46296296296296297 0.35648148148148145 0.44675925925925924 0.3587962962962963 0.4375 0.36342592592592593 0.43287037037037035 0.37037037037037035 0.43287037037037035
1 0.1728390625 0.5898234375000001 0.17855937500000002 0.587221875 0.184540625 0.5801968750000001 0.1900015625 0.57499375 0.1936421875 0.5723921875000001 0.19988281250000003 0.5671890625 0.20274375 0.5625062500000001 0.2030046875 0.5562625 0.201703125 0.551059375 0.19884375 0.5484578125 0.19520312500000003 0.5468968750000001 0.18896093750000004 0.5463765625 0.181940625 0.548196875 0.1790796875 0.5536609375 0.17491874999999998 0.556521875 0.1660765625 0.5630265625 0.1611359375 0.5653687500000001 0.15827656250000002 0.5710921875000001 0.14995468750000002 0.57915625 0.1478734375 0.5827984375 0.1429328125 0.5890421875 0.1413734375 0.5934656250000001 0.1379921875 0.5989296875 0.134871875 0.60283125 0.1333109375 0.6085546875 0.1385125 0.6137578124999999 0.14345312500000001 0.6166203125 0.1442328125 0.6161000000000001 0.154115625 0.6147984375000001 0.15697500000000003 0.61115625 0.16165625 0.6067343749999999 0.16451718750000002 0.6012703125000001 0.16919843750000002 0.5945062499999999 0.1728390625 0.5898234375000001
1 0.19968437500000003 0.37413593750000007 0.19861562500000002 0.37600781250000004 0.1978140625 0.38215625 0.19808125000000004 0.389909375 0.1970125 0.39044375 0.1946078125 0.39285000000000003 0.193271875 0.39846406250000005 0.1935390625 0.40407812500000007 0.19487500000000002 0.4102265625 0.19594375 0.41423750000000004 0.1970125 0.41905000000000003 0.19861562500000002 0.4238609375 0.20502968750000003 0.4300109375 0.20449531250000005 0.435090625 0.20369375000000003 0.439634375 0.20369375000000003 0.44498125000000005 0.2082359375 0.45059531250000007 0.2119765625 0.4535359375 0.21999375000000002 0.452734375 0.225071875 0.450328125 0.22774375 0.443378125 0.22747656250000003 0.437496875 0.22694218750000003 0.4292078125 0.2229328125 0.42359375 0.2197265625 0.41851562499999995 0.21812343750000002 0.409959375 0.21705468749999998 0.4014046875000001 0.22139531250000002 0.3928 0.2210625 0.3896421875 0.2197265625 0.3829578125 0.21812343750000002 0.37386875 0.211175 0.37119531250000004 0.20476250000000001 0.370928125 0.19968437500000003 0.37413593750000007
1 0.371696875 0.26533124999999996 0.3780546875000001 0.260384375 0.3858265625 0.2608546875 0.3898296875 0.2620328125 0.39971875 0.263446875 0.4058421875 0.2547296875 0.41055156249999997 0.2478984375 0.4122 0.2415375 0.4122 0.23376249999999998 0.409609375 0.2297578125 0.4077265625 0.228815625 0.4051359375 0.23447031250000003 0.40395781250000007 0.2415375 0.4025453125000001 0.24530624999999998 0.398071875 0.24530624999999998 0.38794531250000003 0.2446 0.3853546875 0.24365781250000002 0.37734843749999997 0.24436406250000003 0.37075468749999996 0.2493109375 0.3691078125 0.2559078125 0.36840000000000006 0.2589703125 0.36769375000000004 0.2674515625 0.3693421875 0.2738125 0.37570000000000003 0.276875 0.380409375 0.28064375 0.38606093750000003 0.28488437499999997 0.387709375 0.2870046875 0.3888875 0.29407343750000003 0.3888875 0.298784375 0.38865156250000005 0.304203125 0.3912421875 0.3009046875 0.39314375 0.2964484375 0.39642343750000003 0.28959687500000003 0.39430312500000003 0.28488437499999997 0.3912421875 0.2797015625 0.3811171875 0.2759328125 0.3738171875 0.271928125 0.371696875 0.26533124999999996