4 0.90768125 0.8270765625000001 0.9533859375 0.8269374999999999 0.9534796875 0.7829250000000001 0.90768125 0.7825078124999999 0.90768125 0.8270765625000001
4 0.9125609374999999 0.29375312499999995 0.9593046875 0.29537968749999993 0.960525 0.24658125 0.9141874999999999 0.2478015625 0.9125609374999999 0.29375312499999995
4 0.8560609375 0.541703125 0.9031578125 0.540828125 0.9028062499999999 0.49534531249999997 0.8556546875000001 0.49656406249999996 0.8560609375 0.541703125
4 0.737371875 0.4298734375 0.737778125 0.3843281250000001 0.691034375 0.38392187499999997 0.691034375 0.4298734375 0.737371875 0.4298734375
4 0.691034375 0.698846875 0.7356875 0.6991984375 0.7353390625 0.6524890624999999 0.6902203124999999 0.6524890624999999 0.691034375 0.698846875
4 0.47736562499999996 0.8223093750000001 0.5217578125 0.8255593750000001 0.522840625 0.7789812500000001 0.47736562499999996 0.7789812500000001 0.47736562499999996 0.8223093750000001
4 0.04102499999999988 0.8298921874999999 0.08433437500000004 0.832059375 0.08216874999999983 0.7843968750000001 0.039942187499999976 0.78548125 0.04102499999999988 0.8298921874999999
4 0.03019843749999988 0.540675 0.07483125000000007 0.541509375 0.0735062499999999 0.494096875 0.02803281249999993 0.49301249999999996 0.03019843749999988 0.540675
4 0.024784374999999942 0.304534375 0.06804218750000002 0.30294375000000007 0.0670109374999998 0.2557890624999999 0.0237015624999999 0.2557890624999999 0.024784374999999942 0.304534375
4 0.2088484374999999 0.3576109374999999 0.2521578124999999 0.3576109374999999 0.2521578124999999 0.3142828125 0.207765625 0.3142828125 0.2088484374999999 0.3576109374999999
4 0.2478265624999999 0.5363421875 0.2920609375 0.5376296875 0.29113593749999994 0.49301249999999996 0.2478265624999999 0.494096875 0.2478265624999999 0.5363421875
4 0.47890937499999997 0.5343078124999999 0.5238968749999999 0.535034375 0.5240609374999999 0.48708281249999996 0.4799359374999999 0.488109375 0.47890937499999997 0.5343078124999999
2 0.8217592592592593 0.7337962962962963 0.8263888888888888 0.7314814814814815 0.8333333333333334 0.7222222222222222 0.8356481481481481 0.7152777777777778 0.8541666666666666 0.6944444444444444 0.8587962962962963 0.6851851851851852 0.8657407407407407 0.6782407407407407 0.8703703703703703 0.6782407407407407 0.8657407407407407 0.6898148148148148 0.8564814814814815 0.7037037037037037 0.8518518518518519 0.7060185185185185 0.8379629629629629 0.7291666666666666 0.8333333333333334 0.7314814814814815 0.8194444444444444 0.7523148148148148 0.8194444444444444 0.7569444444444444 0.8171296296296297 0.7592592592592593 0.8125 0.7592592592592593 0.8078703703703703 0.7569444444444444 0.8078703703703703 0.7546296296296297 0.8171296296296297 0.7453703703703703 0.8217592592592593 0.7361111111111112
2 0.7291666666666666 0.4861111111111111 0.7245370370370371 0.47685185185185186 0.7060185185185185 0.45601851851851855 0.7060185185185185 0.44675925925925924 0.7129629629629629 0.4513888888888889 0.7476851851851852 0.4976851851851852 0.7523148148148148 0.5069444444444444 0.7569444444444444 0.5092592592592593 0.7662037037037037 0.5231481481481481 0.7662037037037037 0.5254629629629629 0.7638888888888888 0.5254629629629629 0.7546296296296297 0.5162037037037037 0.7546296296296297 0.5138888888888888 0.7453703703703703 0.5069444444444444 0.7314814814814815 0.4861111111111111
2 0.5601851851851852 0.5069444444444444 0.020833333333333332 0.09953703703703703
2 0.7337962962962963 0.6944444444444444 0.7337962962962963 0.6851851851851852 0.7291666666666666 0.6782407407407407 0.7291666666666666 0.6736111111111112 0.7245370370370371 0.6643518518518519 0.7245370370370371 0.6574074074074074 0.7152777777777778 0.6412037037037037 0.7152777777777778 0.6342592592592593 0.7083333333333334 0.6226851851851852 0.7083333333333334 0.6180555555555556 0.7106481481481481 0.6157407407407407 0.7175925925925926 0.6203703703703703 0.7175925925925926 0.6296296296296297 0.7222222222222222 0.6365740740740741 0.7222222222222222 0.6435185185185185 0.7268518518518519 0.6481481481481481 0.7268518518518519 0.6527777777777778 0.7314814814814815 0.6597222222222222 0.7314814814814815 0.6712962962962963 0.7361111111111112 0.6759259259259259 0.7361111111111112 0.6851851851851852 0.7453703703703703 0.7060185185185185 0.7453703703703703 0.7083333333333334 0.7430555555555556 0.7083333333333334 0.7384259259259259 0.7037037037037037 0.7384259259259259 0.6967592592592593 0.7361111111111112 0.6944444444444444
2 0.3101851851851852 0.6481481481481481 0.3148148148148148 0.6527777777777778 0.3194444444444444 0.6527777777777778 0.32175925925925924 0.6574074074074074 0.3287037037037037 0.6574074074074074 0.33564814814814814 0.6666666666666666 0.375 0.6875 0.3819444444444444 0.6921296296296297 0.38425925925925924 0.6967592592592593 0.3726851851851852 0.6944444444444444 0.3587962962962963 0.6851851851851852 0.3541666666666667 0.6851851851851852 0.3472222222222222 0.6782407407407407 0.33564814814814814 0.6736111111111112 0.32407407407407407 0.6643518518518519 0.3194444444444444 0.6643518518518519 0.3148148148148148 0.6597222222222222 0.2986111111111111 0.6550925925925926 0.2962962962962963 0.6527777777777778 0.2962962962962963 0.6481481481481481 0.2986111111111111 0.6481481481481481 0.30092592592592593 0.6435185185185185 0.30787037037037035 0.6481481481481481
2 0.4166666666666667 0.3611111111111111 0.41898148148148145 0.3611111111111111 0.41898148148148145 0.375 0.4236111111111111 0.3819444444444444 0.4236111111111111 0.40046296296296297 0.42824074074074076 0.4074074074074074 0.42824074074074076 0.42824074074074076 0.43287037037037035 0.4398148148148148 0.43287037037037035 0.44907407407407407 0.4375 0.45601851851851855 0.4375 0.4583333333333333 0.42824074074074076 0.4583333333333333 0.4305555555555556 0.44675925925925924 0.42592592592592593 0.4398148148148148 0.42592592592592593 0.4236111111111111 0.4236111111111111 0.4212962962962963 0.4236111111111111 0.41203703703703703 0.4212962962962963 0.4097222222222222 0.4212962962962963 0.40046296296296297 0.41898148148148145 0.39814814814814814 0.4166666666666667 0.36342592592592593
2 0.3726851851851852 0.3125 0.3819444444444444 0.3263888888888889 0.38425925925925924 0.32407407407407407 0.38425925925925924 0.3194444444444444 0.40046296296296297 0.34953703703703703 0.40046296296296297 0.35185185185185186 0.39814814814814814 0.34953703703703703 0.39814814814814814 0.3449074074074074 0.3912037037037037 0.33101851851851855 0.38425925925925924 0.32407407407407407 0.3819444444444444 0.3287037037037037 0.37962962962962965 0.32175925925925924 0.3726851851851852 0.3148148148148148
2 0.19212962962962962 0.5277777777777778 0.19444444444444445 0.5300925925925926 0.18981481481481483 0.5324074074074074 0.18981481481481483 0.5416666666666666 0.19444444444444445 0.5439814814814815 0.2013888888888889 0.5370370370370371 0.19675925925925927 0.5347222222222222 0.2013888888888889 0.5347222222222222 0.2013888888888889 0.5370370370370371 0.19444444444444445 0.5439814814814815 0.18981481481481483 0.5439814814814815 0.18981481481481483 0.5347222222222222 0.1875 0.5324074074074074 0.19212962962962962 0.5300925925925926
2 0.06944444444444445 0.23842592592592593 0.06712962962962964 0.24074074074074073 0.07175925925925926 0.24305555555555555 0.06481481481481481 0.24768518518518517 0.06018518518518518 0.24537037037037038 0.05555555555555555 0.24768518518518517 0.05555555555555555 0.24537037037037038 0.06018518518518518 0.24305555555555555 0.0625 0.24305555555555555 0.06018518518518518 0.24537037037037038 0.06481481481481481 0.24768518518518517 0.06944444444444445 0.24305555555555555 0.06712962962962964 0.24074074074074073