4 0.90768125 0.17292343749999997 0.90768125 0.21749218750000002 0.9534796875 0.217075 0.9533859375 0.1730625 0.90768125 0.17292343749999997
4 0.9125609374999999 0.706246875 0.9141874999999999 0.7521984375 0.960525 0.75341875 0.9593046875 0.7046203125 0.9125609374999999 0.706246875
4 0.8560609375 0.458296875 0.8556546875000001 0.5034359375 0.9028062499999999 0.5046546875 0.9031578125 0.45917187500000006 0.8560609375 0.458296875
4 0.737371875 0.5701265624999999 0.691034375 0.5701265624999999 0.691034375 0.616078125 0.737778125 0.6156718749999999 0.737371875 0.5701265624999999
4 0.691034375 0.301153125 0.6902203124999999 0.3475109375 0.7353390625 0.3475109375 0.7356875 0.3008015625 0.691034375 0.301153125
4 0.47736562499999996 0.177690625 0.47736562499999996 0.22101874999999999 0.522840625 0.22101874999999999 0.5217578125 0.17444062500000002 0.47736562499999996 0.177690625
4 0.04102499999999988 0.1701078125 0.039942187499999976 0.21451875 0.08216874999999983 0.21560312499999998 0.08433437500000004 0.167940625 0.04102499999999988 0.1701078125
4 0.03019843749999988 0.45932500000000004 0.02803281249999993 0.5069875 0.0735062499999999 0.505903125 0.07483125000000007 0.458490625 0.03019843749999988 0.45932500000000004
4 0.024784374999999942 0.695465625 0.0237015624999999 0.7442109375000001 0.0670109374999998 0.7442109375000001 0.06804218750000002 0.6970562499999999 0.024784374999999942 0.695465625
4 0.2088484374999999 0.6423890625 0.207765625 0.6857171875 0.2521578124999999 0.6857171875 0.2521578124999999 0.6423890625 0.2088484374999999 0.6423890625
4 0.2478265624999999 0.46365781250000004 0.2478265624999999 0.505903125 0.29113593749999994 0.5069875 0.2920609375 0.4623703125 0.2478265624999999 0.46365781250000004
4 0.47890937499999997 0.4656921875000001 0.4799359374999999 0.511890625 0.5240609374999999 0.5129171875 0.5238968749999999 0.464965625 0.47890937499999997 0.4656921875000001
3 0.7847222222222222 0.6412037037037037 0.8032407407407407 0.6712962962962963 0.8101851851851852 0.6782407407407407 0.8148148148148148 0.6875 0.8148148148148148 0.6921296296296297 0.8055555555555556 0.6967592592592593 0.7962962962962963 0.7083333333333334 0.7916666666666666 0.7083333333333334 0.7731481481481481 0.7199074074074074 0.7546296296296297 0.6944444444444444 0.75 0.6828703703703703 0.7453703703703703 0.6805555555555556 0.7430555555555556 0.6736111111111112 0.7291666666666666 0.6550925925925926 0.7291666666666666 0.6504629629629629 0.75 0.6365740740740741 0.7615740740740741 0.6319444444444444 0.7685185185185185 0.625 0.7754629629629629 0.6296296296296297 0.7824074074074074 0.6412037037037037
3 0.41898148148148145 0.6365740740740741 0.4236111111111111 0.6342592592592593 0.42824074074074076 0.6365740740740741 0.44907407407407407 0.6365740740740741 0.46064814814814814 0.6412037037037037 0.4791666666666667 0.6412037037037037 0.4976851851851852 0.6481481481481481 0.4976851851851852 0.6736111111111112 0.49537037037037035 0.6759259259259259 0.49074074074074076 0.6759259259259259 0.48148148148148145 0.6712962962962963 0.46296296296296297 0.6712962962962963 0.4513888888888889 0.6666666666666666 0.43287037037037035 0.6666666666666666 0.4305555555555556 0.6643518518518519 0.4166666666666667 0.6620370370370371 0.4166666666666667 0.6458333333333334 0.41898148148148145 0.6435185185185185 0.41898148148148145 0.6388888888888888
3 0.22453703703703703 0.5462962962962963 0.22685185185185186 0.5486111111111112 0.22685185185185186 0.5555555555555556 0.23148148148148148 0.5625 0.23148148148148148 0.5740740740740741 0.22685185185185186 0.5763888888888888 0.2175925925925926 0.5763888888888888 0.20833333333333334 0.5810185185185185 0.2013888888888889 0.5810185185185185 0.19675925925925927 0.5856481481481481 0.18287037037037038 0.5856481481481481 0.1736111111111111 0.5902777777777778 0.16666666666666666 0.5902777777777778 0.1597222222222222 0.5949074074074074 0.1550925925925926 0.5949074074074074 0.1527777777777778 0.5902777777777778 0.1527777777777778 0.5810185185185185 0.14814814814814814 0.5694444444444444 0.1550925925925926 0.5671296296296297 0.1597222222222222 0.5625 0.16898148148148148 0.5625 0.17592592592592593 0.5578703703703703 0.18518518518518517 0.5578703703703703 0.19212962962962962 0.5532407407407407 0.2013888888888889 0.5532407407407407 0.2037037037037037 0.5509259259259259 0.2222222222222222 0.5462962962962963
3 0.6944444444444444 0.37037037037037035 0.6990740740740741 0.3773148148148148 0.6990740740740741 0.38657407407407407 0.7013888888888888 0.3888888888888889 0.7013888888888888 0.3958333333333333 0.6990740740740741 0.39814814814814814 0.6921296296296297 0.39814814814814814 0.6805555555555556 0.4027777777777778 0.6712962962962963 0.4027777777777778 0.6458333333333334 0.41203703703703703 0.6365740740740741 0.41203703703703703 0.6296296296296297 0.4166666666666667 0.625 0.4166666666666667 0.6203703703703703 0.41203703703703703 0.6180555555555556 0.3888888888888889 0.6226851851851852 0.38657407407407407 0.6319444444444444 0.38657407407407407 0.6412037037037037 0.3819444444444444 0.6504629629629629 0.3819444444444444 0.6620370370370371 0.375 0.6736111111111112 0.375 0.6805555555555556 0.37037037037037035 0.6921296296296297 0.37037037037037035
3 0.4537037037037037 0.3425925925925926 0.45601851851851855 0.3472222222222222 0.46296296296296297 0.3472222222222222 0.4699074074074074 0.35185185185185186 0.47685185185185186 0.35185185185185186 0.4837962962962963 0.35648148148148145 0.48842592592592593 0.35648148148148145 0.4861111111111111 0.375 0.48148148148148145 0.38425925925925924 0.47453703703703703 0.38425925925925924 0.4675925925925926 0.37962962962962965 0.4537037037037037 0.3773148148148148 0.44907407407407407 0.3726851851851852 0.4398148148148148 0.3726851851851852 0.43287037037037035 0.3680555555555556 0.4236111111111111 0.3680555555555556 0.4050925925925926 0.3611111111111111 0.4050925925925926 0.35648148148148145 0.41435185185185186 0.33564814814814814 0.43287037037037035 0.33796296296296297 0.44212962962962965 0.3425925925925926 0.4513888888888889 0.3425925925925926