4 0.09231875 0.8270765625000001 0.09231875 0.7825078124999999 0.0465203125 0.7829250000000001 0.0466140625 0.8269374999999999 0.09231875 0.8270765625000001
4 0.08743906250000001 0.29375312499999995 0.08581250000000001 0.2478015625 0.039475 0.24658125 0.04069531250000001 0.29537968749999993 0.08743906250000001 0.29375312499999995
4 0.1439390625 0.541703125 0.14434531250000002 0.49656406249999996 0.09719375000000001 0.49534531249999997 0.0968421875 0.540828125 0.1439390625 0.541703125
4 0.26262812500000005 0.4298734375 0.308965625 0.4298734375 0.308965625 0.38392187499999997 0.26222187500000005 0.3843281250000001 0.26262812500000005 0.4298734375
4 0.308965625 0.698846875 0.3097796875 0.6524890624999999 0.2646609375 0.6524890624999999 0.2643125 0.6991984375 0.308965625 0.698846875
4 0.522634375 0.8223093750000001 0.522634375 0.7789812500000001 0.47715937500000005 0.7789812500000001 0.4782421875 0.8255593750000001 0.522634375 0.8223093750000001
4 0.9589750000000001 0.8298921874999999 0.9600578125 0.78548125 0.9178312500000002 0.7843968750000001 0.9156656249999999 0.832059375 0.9589750000000001 0.8298921874999999
4 0.9698015625000002 0.540675 0.9719671875000001 0.49301249999999996 0.9264937500000001 0.494096875 0.92516875 0.541509375 0.9698015625000002 0.540675
4 0.975215625 0.304534375 0.9762984375000001 0.2557890624999999 0.9329890625000002 0.2557890624999999 0.9319578125 0.30294375000000007 0.975215625 0.304534375
4 0.7911515625000001 0.3576109374999999 0.792234375 0.3142828125 0.7478421875000001 0.3142828125 0.7478421875000001 0.3576109374999999 0.7911515625000001 0.3576109374999999
4 0.7521734375000001 0.5363421875 0.7521734375000001 0.494096875 0.7088640625000001 0.49301249999999996 0.7079390625 0.5376296875 0.7521734375000001 0.5363421875
4 0.521090625 0.5343078124999999 0.5200640625 0.488109375 0.47593906250000007 0.48708281249999996 0.47610312500000007 0.535034375 0.521090625 0.5343078124999999
5 0.6550925925925926 0.6041666666666666 0.6666666666666666 0.6018518518518519 0.6597222222222222 0.6018518518518519 0.6504629629629629 0.6111111111111112 0.6527777777777778 0.6180555555555556 0.6504629629629629 0.6087962962962963 0.6550925925925926 0.6064814814814815
5 0.7268518518518519 0.5995370370370371 0.7337962962962963 0.5949074074074074 0.7384259259259259 0.5949074074074074 0.7476851851851852 0.5995370370370371 0.7476851851851852 0.6018518518518519 0.7430555555555556 0.5972222222222222 0.7361111111111112 0.5949074074074074 0.7314814814814815 0.5972222222222222 0.7268518518518519 0.6041666666666666 0.7268518518518519 0.6018518518518519
0 0.6648703125 0.648646875 0.6658421875000001 0.6469796875 0.6712609375 0.6455890625 0.6758453125000001 0.6453125 0.6776515625 0.64364375 0.6752890625 0.6421156250000001 0.6725109375 0.6422546875 0.6687593749999999 0.6429499999999999 0.6650093750000001 0.6429499999999999 0.662925 0.6425328124999999 0.6609796875 0.6422546875 0.660425 0.6468406250000001 0.661953125 0.6483687499999999 0.6648703125 0.648646875
0 0.7583406250000001 0.6529546875 0.7604234375 0.651565625 0.7632015625 0.6508703124999999 0.7638968750000001 0.6492031249999999 0.7625078125000001 0.6451734375 0.7597296875 0.6446171875 0.7573671875000001 0.6458671874999999 0.7562500000000001 0.646875 0.7559781250000001 0.6501765624999999 0.752365625 0.652678125 0.7484765625 0.6543453124999999 0.748059375 0.6580968749999999 0.7518109375 0.657403125 0.7538937500000001 0.6554562500000001 0.7583406250000001 0.6529546875