4 0.09231875 0.8270765625000001 0.09231875 0.7825078124999999 0.0465203125 0.7829250000000001 0.0466140625 0.8269374999999999 0.09231875 0.8270765625000001
4 0.08743906250000001 0.29375312499999995 0.08581250000000001 0.2478015625 0.039475 0.24658125 0.04069531250000001 0.29537968749999993 0.08743906250000001 0.29375312499999995
4 0.1439390625 0.541703125 0.14434531250000002 0.49656406249999996 0.09719375000000001 0.49534531249999997 0.0968421875 0.540828125 0.1439390625 0.541703125
4 0.26262812500000005 0.4298734375 0.308965625 0.4298734375 0.308965625 0.38392187499999997 0.26222187500000005 0.3843281250000001 0.26262812500000005 0.4298734375
4 0.308965625 0.698846875 0.3097796875 0.6524890624999999 0.2646609375 0.6524890624999999 0.2643125 0.6991984375 0.308965625 0.698846875
4 0.522634375 0.8223093750000001 0.522634375 0.7789812500000001 0.47715937500000005 0.7789812500000001 0.4782421875 0.8255593750000001 0.522634375 0.8223093750000001
4 0.9589750000000001 0.8298921874999999 0.9600578125 0.78548125 0.9178312500000002 0.7843968750000001 0.9156656249999999 0.832059375 0.9589750000000001 0.8298921874999999
4 0.9698015625000002 0.540675 0.9719671875000001 0.49301249999999996 0.9264937500000001 0.494096875 0.92516875 0.541509375 0.9698015625000002 0.540675
4 0.975215625 0.304534375 0.9762984375000001 0.2557890624999999 0.9329890625000002 0.2557890624999999 0.9319578125 0.30294375000000007 0.975215625 0.304534375
4 0.7911515625000001 0.3576109374999999 0.792234375 0.3142828125 0.7478421875000001 0.3142828125 0.7478421875000001 0.3576109374999999 0.7911515625000001 0.3576109374999999
4 0.7521734375000001 0.5363421875 0.7521734375000001 0.494096875 0.7088640625000001 0.49301249999999996 0.7079390625 0.5376296875 0.7521734375000001 0.5363421875
4 0.521090625 0.5343078124999999 0.5200640625 0.488109375 0.47593906250000007 0.48708281249999996 0.47610312500000007 0.535034375 0.521090625 0.5343078124999999
1 0.19444444444444445 0.7337962962962963 0.19675925925925927 0.7361111111111112 0.19907407407407407 0.7337962962962963 0.2037037037037037 0.7337962962962963 0.20833333333333334 0.7291666666666666 0.21296296296296297 0.7291666666666666 0.22685185185185186 0.7199074074074074 0.23842592592592593 0.7199074074074074 0.24305555555555555 0.7245370370370371 0.24305555555555555 0.7361111111111112 0.24074074074074073 0.7361111111111112 0.23842592592592593 0.7407407407407407 0.2337962962962963 0.7407407407407407 0.22453703703703703 0.7476851851851852 0.2199074074074074 0.7476851851851852 0.20833333333333334 0.7569444444444444 0.2037037037037037 0.7569444444444444 0.19675925925925927 0.7615740740740741 0.16435185185185186 0.7615740740740741 0.1597222222222222 0.7546296296296297 0.1597222222222222 0.75 0.16435185185185186 0.7430555555555556 0.1736111111111111 0.7384259259259259 0.18518518518518517 0.7384259259259259 0.1875 0.7361111111111112 0.19212962962962962 0.7361111111111112
1 0.35648148148148145 0.4837962962962963 0.36342592592592593 0.49537037037037035 0.36342592592592593 0.5138888888888888 0.36574074074074076 0.5162037037037037 0.37037037037037035 0.5347222222222222 0.3773148148148148 0.5439814814814815 0.3773148148148148 0.5486111111111112 0.37962962962962965 0.5509259259259259 0.37962962962962965 0.5601851851851852 0.3726851851851852 0.5648148148148148 0.36342592592592593 0.5648148148148148 0.3587962962962963 0.5601851851851852 0.35648148148148145 0.5509259259259259 0.3472222222222222 0.5347222222222222 0.3472222222222222 0.5277777777777778 0.3425925925925926 0.5208333333333334 0.3425925925925926 0.5 0.3402777777777778 0.4976851851851852 0.3402777777777778 0.4930555555555556 0.3472222222222222 0.4837962962962963 0.3541666666666667 0.4837962962962963
1 0.14345312500000001 0.3833796875 0.1385125 0.3862421875 0.1333109375 0.39144531250000003 0.134871875 0.3971687499999999 0.1379921875 0.4010703125 0.1413734375 0.40653437499999995 0.1429328125 0.4109578124999999 0.1478734375 0.4172015625 0.14995468750000002 0.4208437499999999 0.15827656250000002 0.42890781249999993 0.1611359375 0.43463124999999997 0.1660765625 0.4369734375 0.17491874999999998 0.443478125 0.1790796875 0.44633906249999994 0.181940625 0.45180312499999997 0.18896093750000004 0.4536234375 0.19520312500000003 0.45310312499999994 0.19884375 0.4515421875 0.201703125 0.4489406249999999 0.2030046875 0.4437375 0.20274375 0.4374937499999999 0.19988281250000003 0.4328109375 0.1936421875 0.4276078124999999 0.1900015625 0.42500625 0.184540625 0.41980312499999994 0.17855937500000002 0.41277812499999994 0.1728390625 0.4101765624999999 0.16919843750000002 0.4054937500000001 0.16451718750000002 0.39872968749999993 0.16165625 0.39326562500000006 0.15697500000000003 0.38884375 0.154115625 0.3852015624999999 0.1442328125 0.3838999999999999 0.14345312500000001 0.3833796875
1 0.21705468749999998 0.5985953125 0.21812343750000002 0.590040625 0.2197265625 0.581484375 0.2229328125 0.57640625 0.22694218750000003 0.5707921874999999 0.22747656250000003 0.562503125 0.22774375 0.5566218749999999 0.225071875 0.549671875 0.21999375000000002 0.547265625 0.2119765625 0.5464640625 0.2082359375 0.5494046874999999 0.20369375000000003 0.5550187499999999 0.20369375000000003 0.560365625 0.20449531250000005 0.564909375 0.20502968750000003 0.5699890625 0.19861562500000002 0.5761390625 0.1970125 0.58095 0.19594375 0.5857625 0.19487500000000002 0.5897734375 0.1935390625 0.5959218749999999 0.193271875 0.6015359375 0.1946078125 0.60715 0.1970125 0.60955625 0.19808125000000004 0.610090625 0.1978140625 0.61784375 0.19861562500000002 0.6239921875 0.19968437500000003 0.6258640624999999 0.20476250000000001 0.6290718750000001 0.211175 0.6288046875 0.21812343750000002 0.62613125 0.2197265625 0.6170421875000001 0.2210625 0.6103578125 0.22139531250000002 0.6072000000000001 0.21705468749999998 0.5985953125
1 0.3912421875 0.6990953125 0.38865156250000005 0.695796875 0.3888875 0.7012156250000001 0.3888875 0.7059265625000001 0.387709375 0.7129953124999999 0.38606093750000003 0.715115625 0.380409375 0.7193562499999999 0.37570000000000003 0.723125 0.3693421875 0.7261874999999999 0.36769375000000004 0.7325484375 0.36840000000000006 0.7410296875 0.3691078125 0.7440921875 0.37075468749999996 0.7506890625000001 0.37734843749999997 0.7556359374999999 0.3853546875 0.7563421875 0.38794531250000003 0.7554000000000001 0.398071875 0.7546937499999999 0.4025453125000001 0.7546937499999999 0.40395781250000007 0.7584625 0.4051359375 0.7655296875 0.4077265625 0.771184375 0.409609375 0.7702421875 0.4122 0.7662374999999999 0.4122 0.7584625 0.41055156249999997 0.7521015624999999 0.4058421875 0.7452703125 0.39971875 0.7365531249999999 0.3898296875 0.7379671875 0.3858265625 0.7391453124999999 0.3780546875000001 0.739615625 0.371696875 0.73466875 0.3738171875 0.7280718749999999 0.3811171875 0.7240671875000001 0.3912421875 0.7202984375 0.39430312500000003 0.715115625 0.39642343750000003 0.7104031249999999 0.39314375 0.7035515625000001 0.3912421875 0.6990953125