4 0.90768125 0.17292343749999997 0.90768125 0.21749218750000002 0.9534796875 0.217075 0.9533859375 0.1730625 0.90768125 0.17292343749999997
4 0.9125609374999999 0.706246875 0.9141874999999999 0.7521984375 0.960525 0.75341875 0.9593046875 0.7046203125 0.9125609374999999 0.706246875
4 0.8560609375 0.458296875 0.8556546875000001 0.5034359375 0.9028062499999999 0.5046546875 0.9031578125 0.45917187500000006 0.8560609375 0.458296875
4 0.737371875 0.5701265624999999 0.691034375 0.5701265624999999 0.691034375 0.616078125 0.737778125 0.6156718749999999 0.737371875 0.5701265624999999
4 0.691034375 0.301153125 0.6902203124999999 0.3475109375 0.7353390625 0.3475109375 0.7356875 0.3008015625 0.691034375 0.301153125
4 0.47736562499999996 0.177690625 0.47736562499999996 0.22101874999999999 0.522840625 0.22101874999999999 0.5217578125 0.17444062500000002 0.47736562499999996 0.177690625
4 0.04102499999999988 0.1701078125 0.039942187499999976 0.21451875 0.08216874999999983 0.21560312499999998 0.08433437500000004 0.167940625 0.04102499999999988 0.1701078125
4 0.03019843749999988 0.45932500000000004 0.02803281249999993 0.5069875 0.0735062499999999 0.505903125 0.07483125000000007 0.458490625 0.03019843749999988 0.45932500000000004
4 0.024784374999999942 0.695465625 0.0237015624999999 0.7442109375000001 0.0670109374999998 0.7442109375000001 0.06804218750000002 0.6970562499999999 0.024784374999999942 0.695465625
4 0.2088484374999999 0.6423890625 0.207765625 0.6857171875 0.2521578124999999 0.6857171875 0.2521578124999999 0.6423890625 0.2088484374999999 0.6423890625
4 0.2478265624999999 0.46365781250000004 0.2478265624999999 0.505903125 0.29113593749999994 0.5069875 0.2920609375 0.4623703125 0.2478265624999999 0.46365781250000004
4 0.47890937499999997 0.4656921875000001 0.4799359374999999 0.511890625 0.5240609374999999 0.5129171875 0.5238968749999999 0.464965625 0.47890937499999997 0.4656921875000001
0 0.8287037037037037 0.16666666666666666 0.8310185185185185 0.16898148148148148 0.8217592592592593 0.17592592592592593 0.8263888888888888 0.1736111111111111 0.8217592592592593 0.1712962962962963 0.8240740740740741 0.16898148148148148 0.8263888888888888 0.1736111111111111 0.8310185185185185 0.16898148148148148
0 0.6597222222222222 0.3472222222222222 0.013888888888888888 0.020833333333333332
0 0.5833333333333334 0.3333333333333333 0.5856481481481481 0.33564814814814814 0.5856481481481481 0.3472222222222222 0.5856481481481481 0.33796296296296297 0.5810185185185185 0.33564814814814814
0 0.49537037037037035 0.3402777777777778 0.4930555555555556 0.33796296296296297 0.4930555555555556 0.3333333333333333 0.5023148148148148 0.3333333333333333 0.5023148148148148 0.33564814814814814 0.5 0.3333333333333333 0.49537037037037035 0.3333333333333333 0.4930555555555556 0.33564814814814814 0.49537037037037035 0.33796296296296297
0 0.41435185185185186 0.35648148148148145 0.41435185185185186 0.3587962962962963 0.4097222222222222 0.3611111111111111 0.4097222222222222 0.36574074074074076 0.4074074074074074 0.3680555555555556 0.4027777777777778 0.3680555555555556 0.4027777777777778 0.36342592592592593 0.4050925925925926 0.3611111111111111 0.4074074074074074 0.36574074074074076 0.41203703703703703 0.3587962962962963
0 0.33564814814814814 0.3472222222222222 0.3425925925925926 0.3472222222222222 0.3425925925925926 0.35185185185185186 0.33796296296296297 0.35648148148148145 0.33796296296296297 0.36342592592592593 0.33796296296296297 0.35648148148148145 0.3425925925925926 0.34953703703703703 0.3402777777777778 0.3472222222222222 0.33796296296296297 0.3472222222222222 0.3287037037037037 0.3587962962962963 0.3287037037037037 0.3611111111111111 0.3333333333333333 0.36342592592592593 0.3263888888888889 0.3611111111111111 0.3263888888888889 0.3587962962962963 0.3287037037037037 0.3587962962962963 0.33564814814814814 0.34953703703703703
0 0.23842592592592593 0.34953703703703703 0.24768518518518517 0.34953703703703703 0.24768518518518517 0.3611111111111111 0.24305555555555555 0.3680555555555556 0.23842592592592593 0.36342592592592593 0.23842592592592593 0.35185185185185186
0 0.1550925925925926 0.3912037037037037 0.1574074074074074 0.39351851851851855 0.1550925925925926 0.39814814814814814 0.1597222222222222 0.4050925925925926 0.1574074074074074 0.4074074074074074 0.16203703703703703 0.4097222222222222 0.1574074074074074 0.4097222222222222 0.1574074074074074 0.40046296296296297 0.1527777777777778 0.39351851851851855