4 0.09231875 0.8270765625000001 0.09231875 0.7825078124999999 0.0465203125 0.7829250000000001 0.0466140625 0.8269374999999999 0.09231875 0.8270765625000001
4 0.08743906250000001 0.29375312499999995 0.08581250000000001 0.2478015625 0.039475 0.24658125 0.04069531250000001 0.29537968749999993 0.08743906250000001 0.29375312499999995
4 0.1439390625 0.541703125 0.14434531250000002 0.49656406249999996 0.09719375000000001 0.49534531249999997 0.0968421875 0.540828125 0.1439390625 0.541703125
4 0.26262812500000005 0.4298734375 0.308965625 0.4298734375 0.308965625 0.38392187499999997 0.26222187500000005 0.3843281250000001 0.26262812500000005 0.4298734375
4 0.308965625 0.698846875 0.3097796875 0.6524890624999999 0.2646609375 0.6524890624999999 0.2643125 0.6991984375 0.308965625 0.698846875
4 0.522634375 0.8223093750000001 0.522634375 0.7789812500000001 0.47715937500000005 0.7789812500000001 0.4782421875 0.8255593750000001 0.522634375 0.8223093750000001
4 0.9589750000000001 0.8298921874999999 0.9600578125 0.78548125 0.9178312500000002 0.7843968750000001 0.9156656249999999 0.832059375 0.9589750000000001 0.8298921874999999
4 0.9698015625000002 0.540675 0.9719671875000001 0.49301249999999996 0.9264937500000001 0.494096875 0.92516875 0.541509375 0.9698015625000002 0.540675
4 0.975215625 0.304534375 0.9762984375000001 0.2557890624999999 0.9329890625000002 0.2557890624999999 0.9319578125 0.30294375000000007 0.975215625 0.304534375
4 0.7911515625000001 0.3576109374999999 0.792234375 0.3142828125 0.7478421875000001 0.3142828125 0.7478421875000001 0.3576109374999999 0.7911515625000001 0.3576109374999999
4 0.7521734375000001 0.5363421875 0.7521734375000001 0.494096875 0.7088640625000001 0.49301249999999996 0.7079390625 0.5376296875 0.7521734375000001 0.5363421875
4 0.521090625 0.5343078124999999 0.5200640625 0.488109375 0.47593906250000007 0.48708281249999996 0.47610312500000007 0.535034375 0.521090625 0.5343078124999999
1 0.369871875 0.57530625 0.3720765625 0.5664875 0.37183125 0.5610984375 0.37452656250000005 0.5584046874999999 0.3828546875 0.5552203125 0.3897125 0.5503203125 0.3975515625 0.5444421875000001 0.40049062500000004 0.537584375 0.40073593750000003 0.5299906249999999 0.3982859375 0.5228859375 0.39583593750000007 0.5194578125 0.388978125 0.5162734375 0.38579375 0.513334375 0.37893437500000005 0.5118640624999999 0.3725671875 0.5113734375 0.3661984375 0.5113734375 0.36448281250000003 0.506965625 0.3637484375 0.4991265625 0.362034375 0.49569687500000004 0.35885 0.4949625 0.35566562500000004 0.49863749999999996 0.35566562500000004 0.5042703125 0.3551750000000001 0.5099046875 0.3568890625 0.51406875 0.35737968750000004 0.5201921875 0.3610546875 0.5221515624999999 0.3669328125 0.5231312499999999 0.37697500000000006 0.5231312499999999 0.3831 0.5248468749999999 0.38946718750000003 0.5321953125 0.391671875 0.5373390625 0.38848750000000004 0.542728125 0.38211875000000006 0.54615625 0.37428125 0.549340625 0.36815781250000007 0.551790625 0.36325781250000005 0.5586484374999999 0.36325781250000005 0.56256875 0.36178906250000004 0.5694265624999999 0.36252343750000005 0.5750609375 0.36521875000000004 0.5783671875 0.369871875 0.57530625
1 0.27314814814814814 0.5694444444444444 0.27314814814814814 0.5648148148148148 0.2662037037037037 0.5578703703703703 0.2662037037037037 0.5509259259259259 0.2777777777777778 0.5509259259259259 0.2824074074074074 0.5532407407407407 0.28703703703703703 0.5625 0.28703703703703703 0.5740740740740741 0.28703703703703703 0.5625 0.2847222222222222 0.5601851851851852 0.2847222222222222 0.5555555555555556 0.2777777777777778 0.5509259259259259 0.26851851851851855 0.5509259259259259 0.2662037037037037 0.5532407407407407 0.2662037037037037 0.5578703703703703 0.27314814814814814 0.5671296296296297
1 0.36574074074074076 0.6805555555555556 0.3726851851851852 0.6759259259259259 0.3819444444444444 0.6759259259259259 0.3888888888888889 0.6805555555555556 0.3912037037037037 0.6851851851851852 0.40046296296296297 0.6851851851851852 0.4027777777777778 0.6828703703703703 0.40046296296296297 0.6851851851851852 0.3912037037037037 0.6851851851851852 0.38425925925925924 0.6782407407407407 0.3726851851851852 0.6759259259259259 0.36574074074074076 0.6828703703703703 0.36574074074074076 0.7083333333333334 0.36574074074074076 0.6828703703703703
1 0.18125000000000002 0.7359375 0.1796875 0.71875 0.17500000000000002 0.715625 0.15156250000000002 0.7140625 0.1453125 0.703125 0.1453125 0.6921875 0.1484375 0.6890625 0.153125 0.6890625 0.15937500000000002 0.6828125 0.16718750000000002 0.68125 0.171875 0.6765625 0.1703125 0.6609375 0.16562500000000002 0.6546875 0.1625 0.6546875 0.15937500000000002 0.6578125 0.15937500000000002 0.6609375 0.1604890625 0.6636218749999999 0.161096875 0.667275 0.16200937500000004 0.6715359375 0.15937500000000002 0.675 0.14218750000000002 0.684375 0.13281250000000003 0.6953125 0.13125 0.709375 0.13281250000000003 0.7140625 0.14062500000000003 0.721875 0.146875 0.7234375 0.15000000000000002 0.721875 0.1640625 0.721875 0.1703125 0.7296875 0.171875 0.7390625 0.17343750000000002 0.740625 0.1765625 0.7390625 0.178125 0.7390625 0.18125000000000002 0.7359375
1 0.25 0.7245370370370371 0.25462962962962965 0.7245370370370371 0.26157407407407407 0.7199074074074074 0.2777777777777778 0.7199074074074074 0.28703703703703703 0.7291666666666666 0.28703703703703703 0.7361111111111112 0.28935185185185186 0.7384259259259259 0.2962962962962963 0.7384259259259259 0.2986111111111111 0.7430555555555556 0.30324074074074076 0.7430555555555556 0.30092592592592593 0.7476851851851852 0.2916666666666667 0.7523148148148148 0.2800925925925926 0.7523148148148148 0.27546296296296297 0.7476851851851852 0.27546296296296297 0.7384259259259259 0.26851851851851855 0.7314814814814815 0.25925925925925924 0.7314814814814815 0.25462962962962965 0.7361111111111112 0.25462962962962965 0.7592592592592593 0.2523148148148148 0.7615740740740741 0.24768518518518517 0.7615740740740741 0.2361111111111111 0.7708333333333334 0.22453703703703703 0.7708333333333334 0.23148148148148148 0.7592592592592593 0.2361111111111111 0.7569444444444444 0.24074074074074073 0.7476851851851852 0.24074074074074073 0.7384259259259259 0.24537037037037038 0.7291666666666666 0.25 0.7268518518518519