4 0.09231875 0.8270765625000001 0.09231875 0.7825078124999999 0.0465203125 0.7829250000000001 0.0466140625 0.8269374999999999 0.09231875 0.8270765625000001
4 0.08743906250000001 0.29375312499999995 0.08581250000000001 0.2478015625 0.039475 0.24658125 0.04069531250000001 0.29537968749999993 0.08743906250000001 0.29375312499999995
4 0.1439390625 0.541703125 0.14434531250000002 0.49656406249999996 0.09719375000000001 0.49534531249999997 0.0968421875 0.540828125 0.1439390625 0.541703125
4 0.26262812500000005 0.4298734375 0.308965625 0.4298734375 0.308965625 0.38392187499999997 0.26222187500000005 0.3843281250000001 0.26262812500000005 0.4298734375
4 0.308965625 0.698846875 0.3097796875 0.6524890624999999 0.2646609375 0.6524890624999999 0.2643125 0.6991984375 0.308965625 0.698846875
4 0.522634375 0.8223093750000001 0.522634375 0.7789812500000001 0.47715937500000005 0.7789812500000001 0.4782421875 0.8255593750000001 0.522634375 0.8223093750000001
4 0.9589750000000001 0.8298921874999999 0.9600578125 0.78548125 0.9178312500000002 0.7843968750000001 0.9156656249999999 0.832059375 0.9589750000000001 0.8298921874999999
4 0.9698015625000002 0.540675 0.9719671875000001 0.49301249999999996 0.9264937500000001 0.494096875 0.92516875 0.541509375 0.9698015625000002 0.540675
4 0.975215625 0.304534375 0.9762984375000001 0.2557890624999999 0.9329890625000002 0.2557890624999999 0.9319578125 0.30294375000000007 0.975215625 0.304534375
4 0.7911515625000001 0.3576109374999999 0.792234375 0.3142828125 0.7478421875000001 0.3142828125 0.7478421875000001 0.3576109374999999 0.7911515625000001 0.3576109374999999
4 0.7521734375000001 0.5363421875 0.7521734375000001 0.494096875 0.7088640625000001 0.49301249999999996 0.7079390625 0.5376296875 0.7521734375000001 0.5363421875
4 0.521090625 0.5343078124999999 0.5200640625 0.488109375 0.47593906250000007 0.48708281249999996 0.47610312500000007 0.535034375 0.521090625 0.5343078124999999
1 0.37685468750000006 0.452165625 0.37649843750000006 0.46071093750000003 0.3804140625 0.46569687499999995 0.3864640625 0.4685453125 0.39393750000000005 0.46818906250000003 0.39963125000000005 0.46106718750000003 0.40141093750000006 0.45323437499999997 0.4017671875 0.44860625 0.40319062499999997 0.4411281249999999 0.4049703125 0.43507499999999993 0.409240625 0.42118906249999993 0.4135109375 0.4101515625 0.4131546875 0.40160625 0.41137656250000004 0.3923499999999999 0.40532656250000004 0.3884328124999999 0.396428125 0.38700937499999993 0.39215781250000004 0.3905687499999999 0.3878875 0.4019624999999999 0.38681875000000004 0.4101515625 0.38504062499999997 0.41762968749999996 0.38254843750000006 0.42581874999999997 0.38076875000000004 0.43507499999999993 0.37933125 0.44566093749999997 0.37685468750000006 0.452165625
1 0.4587093750000001 0.43685625 0.4633359375000001 0.4379234375 0.4700984375 0.43899218749999996 0.4825546875 0.43899218749999996 0.4889609375 0.440771875 0.4964343750000001 0.44290937499999994 0.5078234375 0.4457578125 0.5138734375 0.4482499999999999 0.51885625 0.4500296875 0.5288203125000001 0.44789375 0.5320234375 0.44255312499999994 0.5327359375000001 0.4386359374999999 0.5284640625 0.4290234375 0.5163640625000001 0.4247499999999999 0.502484375 0.4201218749999999 0.4946546875 0.4197656249999999 0.48326562500000003 0.41656093749999995 0.47116562500000003 0.4162046874999999 0.46831875 0.41584843749999995 0.46191250000000006 0.4137125 0.45301562500000003 0.4154921875 0.44874531250000005 0.41869687499999997 0.4476765625 0.42546249999999997 0.4519484375000001 0.43293906249999997 0.4587093750000001 0.43685625
1 0.6843453125000001 0.441484375 0.6921750000000001 0.4411281249999999 0.6989375000000001 0.44006093749999997 0.7064109375000001 0.43934843749999997 0.7131734375000001 0.43934843749999997 0.7231375 0.43970468749999997 0.7334593749999999 0.44006093749999997 0.7444921875 0.441840625 0.751609375 0.4421968749999999 0.7597953125000001 0.43899218749999996 0.7622859375 0.4325828125 0.763709375 0.42617499999999997 0.752321875 0.42118906249999993 0.7444921875 0.41940937500000003 0.7391531250000001 0.4172734375 0.7291890625 0.41656093749999995 0.7199359375000001 0.4162046874999999 0.7110375 0.4162046874999999 0.701784375 0.41762968749999996 0.695378125 0.4179859375 0.6875484375 0.41905312499999997 0.67971875 0.41905312499999997 0.6747375 0.42581874999999997 0.6754484374999999 0.43222812499999996 0.6782953125 0.4375687499999999 0.6780140625000001 0.437690625 0.6843453125000001 0.441484375
1 0.5960843750000001 0.4717484374999999 0.6032015625 0.47495312500000003 0.6078296875000001 0.4735296875 0.6135234375 0.47032499999999994 0.6170828125000001 0.464271875 0.6188609375 0.4557265625 0.6217093750000001 0.45323437499999997 0.626690625 0.44646874999999997 0.6281140625 0.43934843749999997 0.6281140625 0.4275984375 0.6291828125000001 0.41905312499999997 0.6316734375 0.41406875 0.6313171875000001 0.402675 0.6274031250000001 0.39555468749999995 0.6188609375 0.3927062499999999 0.61174375 0.3951984375 0.608896875 0.40125156249999994 0.6071171875 0.407659375 0.6074734375 0.41122031249999996 0.608896875 0.4201218749999999 0.6071171875 0.4275984375 0.6032015625 0.4379234375 0.59964375 0.446825 0.5964406250000001 0.452165625 0.5951343750000001 0.46159843749999996 0.5960843750000001 0.4717484374999999
1 0.8327375000000001 0.4432953125 0.8327375000000001 0.4499046875 0.8327375000000001 0.45600625 0.8350234375 0.46134374999999994 0.8390890625000001 0.46464843749999996 0.8439171875 0.46617343749999995 0.8479828125 0.4654109375 0.8533187500000001 0.46159843749999996 0.85535 0.45829374999999994 0.8556046875000001 0.445075 0.8591625 0.4438046875 0.8622109375000001 0.4417703125 0.86424375 0.4364328125 0.8665296875 0.4303328125 0.8670390625000001 0.4249937499999999 0.8662765625000001 0.41533437500000003 0.8639890625 0.408725 0.8578921875000001 0.4066921874999999 0.8563671875000002 0.3977953125 0.8566203125 0.38940625 0.8556046875000001 0.38610156250000005 0.8515390625000001 0.3827984375 0.846965625 0.3817812499999999 0.8393437499999999 0.38483124999999985 0.836803125 0.3866109375 0.8342625 0.391440625 0.8340078125 0.3942359374999999 0.8355328125 0.40109999999999996 0.8370562500000001 0.40313281249999994 0.8406140625000001 0.40719999999999995 0.842646875 0.413809375 0.8441703125000001 0.4224515625 0.8434093750000001 0.4295703125 0.84010625 0.43490781249999994 0.8350234375 0.44126249999999995 0.8327375000000001 0.4432953125