4 0.90768125 0.17292343749999997 0.90768125 0.21749218750000002 0.9534796875 0.217075 0.9533859375 0.1730625 0.90768125 0.17292343749999997
4 0.9125609374999999 0.706246875 0.9141874999999999 0.7521984375 0.960525 0.75341875 0.9593046875 0.7046203125 0.9125609374999999 0.706246875
4 0.8560609375 0.458296875 0.8556546875000001 0.5034359375 0.9028062499999999 0.5046546875 0.9031578125 0.45917187500000006 0.8560609375 0.458296875
4 0.737371875 0.5701265624999999 0.691034375 0.5701265624999999 0.691034375 0.616078125 0.737778125 0.6156718749999999 0.737371875 0.5701265624999999
4 0.691034375 0.301153125 0.6902203124999999 0.3475109375 0.7353390625 0.3475109375 0.7356875 0.3008015625 0.691034375 0.301153125
4 0.47736562499999996 0.177690625 0.47736562499999996 0.22101874999999999 0.522840625 0.22101874999999999 0.5217578125 0.17444062500000002 0.47736562499999996 0.177690625
4 0.04102499999999988 0.1701078125 0.039942187499999976 0.21451875 0.08216874999999983 0.21560312499999998 0.08433437500000004 0.167940625 0.04102499999999988 0.1701078125
4 0.03019843749999988 0.45932500000000004 0.02803281249999993 0.5069875 0.0735062499999999 0.505903125 0.07483125000000007 0.458490625 0.03019843749999988 0.45932500000000004
4 0.024784374999999942 0.695465625 0.0237015624999999 0.7442109375000001 0.0670109374999998 0.7442109375000001 0.06804218750000002 0.6970562499999999 0.024784374999999942 0.695465625
4 0.2088484374999999 0.6423890625 0.207765625 0.6857171875 0.2521578124999999 0.6857171875 0.2521578124999999 0.6423890625 0.2088484374999999 0.6423890625
4 0.2478265624999999 0.46365781250000004 0.2478265624999999 0.505903125 0.29113593749999994 0.5069875 0.2920609375 0.4623703125 0.2478265624999999 0.46365781250000004
4 0.47890937499999997 0.4656921875000001 0.4799359374999999 0.511890625 0.5240609374999999 0.5129171875 0.5238968749999999 0.464965625 0.47890937499999997 0.4656921875000001
5 0.8495370370370371 0.7175925925925926 0.8634259259259259 0.7175925925925926 0.8680555555555556 0.7245370370370371 0.8680555555555556 0.7337962962962963 0.8657407407407407 0.7384259259259259 0.8564814814814815 0.7407407407407407 0.8541666666666666 0.7384259259259259 0.8495370370370371 0.7384259259259259 0.8495370370370371 0.7361111111111112 0.8449074074074074 0.7337962962962963 0.8449074074074074 0.7222222222222222 0.8495370370370371 0.7199074074074074
5 0.7916666666666666 0.6759259259259259 0.7986111111111112 0.6828703703703703 0.7986111111111112 0.6898148148148148 0.7916666666666666 0.6990740740740741 0.7800925925925926 0.6990740740740741 0.7731481481481481 0.6921296296296297 0.7731481481481481 0.6805555555555556 0.7777777777777778 0.6759259259259259 0.7824074074074074 0.6759259259259259 0.7847222222222222 0.6736111111111112 0.7893518518518519 0.6759259259259259
5 0.9259259259259259 0.6342592592592593 0.9351851851851852 0.6412037037037037 0.9351851851851852 0.6504629629629629 0.9282407407407407 0.6574074074074074 0.9166666666666666 0.6574074074074074 0.9120370370370371 0.6550925925925926 0.9097222222222222 0.6504629629629629 0.9097222222222222 0.6412037037037037 0.9120370370370371 0.6365740740740741 0.9236111111111112 0.6342592592592593
5 0.8958333333333334 0.5601851851851852 0.9050925925925926 0.5671296296296297 0.9050925925925926 0.5763888888888888 0.9027777777777778 0.5810185185185185 0.8958333333333334 0.5856481481481481 0.8912037037037037 0.5856481481481481 0.8842592592592593 0.5810185185185185 0.8819444444444444 0.5763888888888888 0.8842592592592593 0.5625 0.8935185185185185 0.5601851851851852
5 0.8842592592592593 0.39351851851851855 0.02546296296296296 0.02546296296296296
5 0.9189814814814815 0.2800925925925926 0.9236111111111112 0.2847222222222222 0.9236111111111112 0.2962962962962963 0.9212962962962963 0.2962962962962963 0.9189814814814815 0.30092592592592593 0.9050925925925926 0.30092592592592593 0.9004629629629629 0.29398148148148145 0.9004629629629629 0.28703703703703703 0.9050925925925926 0.2800925925925926 0.9166666666666666 0.2800925925925926
5 0.7638888888888888 0.2800925925925926 0.7708333333333334 0.27546296296296297 0.7777777777777778 0.27546296296296297 0.7847222222222222 0.2824074074074074 0.7847222222222222 0.2916666666666667 0.7824074074074074 0.2962962962962963 0.7731481481481481 0.30092592592592593 0.7638888888888888 0.29398148148148145 0.7638888888888888 0.2824074074074074
5 0.6408796875 0.28463906250000004 0.6360765625 0.28750000000000003 0.6298468749999999 0.2928296875 0.6277109375 0.30030625 0.6319812499999999 0.3092078125 0.6383875000000001 0.31276718750000004 0.6408796875 0.3124125 0.6469296874999999 0.31170000000000003 0.6512 0.3074265625 0.6529796875 0.3031546875 0.6533359375000001 0.29995 0.654046875 0.294609375 0.6522671874999999 0.29176093750000004 0.6501390625 0.28750000000000003 0.6408796875 0.28463906250000004
5 0.5509259259259259 0.24074074074074073 0.5578703703703703 0.24537037037037038 0.5601851851851852 0.25 0.5601851851851852 0.25462962962962965 0.5532407407407407 0.2638888888888889 0.5416666666666666 0.2638888888888889 0.5347222222222222 0.25462962962962965 0.5370370370370371 0.24537037037037038 0.5416666666666666 0.24074074074074073 0.5486111111111112 0.24074074074074073
5 0.8356481481481481 0.22685185185185186 0.8472222222222222 0.22685185185185186 0.8541666666666666 0.2361111111111111 0.8495370370370371 0.24768518518518517 0.8379629629629629 0.25 0.8310185185185185 0.24537037037037038 0.8310185185185185 0.23148148148148148 0.8356481481481481 0.22916666666666666
5 0.4097222222222222 0.18518518518518517 0.41435185185185186 0.18981481481481483 0.41435185185185186 0.19444444444444445 0.4166666666666667 0.19675925925925927 0.41203703703703703 0.20601851851851852 0.3958333333333333 0.20601851851851852 0.39351851851851855 0.2037037037037037 0.39351851851851855 0.19212962962962962 0.3958333333333333 0.1875 0.4027777777777778 0.18287037037037038 0.4074074074074074 0.18518518518518517
5 0.3055555555555556 0.18518518518518517 0.30787037037037035 0.1875 0.3125 0.1875 0.31712962962962965 0.19444444444444445 0.3148148148148148 0.20601851851851852 0.3101851851851852 0.21064814814814814 0.3055555555555556 0.21064814814814814 0.2962962962962963 0.20601851851851852 0.29398148148148145 0.19444444444444445 0.2986111111111111 0.1875 0.30324074074074076 0.1875