4 0.09231875 0.21749218750000002 0.09231875 0.17292343749999997 0.0466140625 0.1730625 0.0465203125 0.217075 0.09231875 0.21749218750000002
4 0.08581250000000001 0.7521984375 0.08743906250000001 0.706246875 0.04069531250000001 0.7046203125 0.039475 0.75341875 0.08581250000000001 0.7521984375
4 0.14434531250000002 0.5034359375 0.1439390625 0.458296875 0.0968421875 0.45917187500000006 0.09719375000000001 0.5046546875 0.14434531250000002 0.5034359375
4 0.308965625 0.5701265624999999 0.26262812500000005 0.5701265624999999 0.26222187500000005 0.6156718749999999 0.308965625 0.616078125 0.308965625 0.5701265624999999
4 0.3097796875 0.3475109375 0.308965625 0.301153125 0.2643125 0.3008015625 0.2646609375 0.3475109375 0.3097796875 0.3475109375
4 0.522634375 0.22101874999999999 0.522634375 0.177690625 0.4782421875 0.17444062500000002 0.47715937500000005 0.22101874999999999 0.522634375 0.22101874999999999
4 0.9600578125 0.21451875 0.9589750000000001 0.1701078125 0.9156656249999999 0.167940625 0.9178312500000002 0.21560312499999998 0.9600578125 0.21451875
4 0.9719671875000001 0.5069875 0.9698015625000002 0.45932500000000004 0.92516875 0.458490625 0.9264937500000001 0.505903125 0.9719671875000001 0.5069875
4 0.9762984375000001 0.7442109375000001 0.975215625 0.695465625 0.9319578125 0.6970562499999999 0.9329890625000002 0.7442109375000001 0.9762984375000001 0.7442109375000001
4 0.792234375 0.6857171875 0.7911515625000001 0.6423890625 0.7478421875000001 0.6423890625 0.7478421875000001 0.6857171875 0.792234375 0.6857171875
4 0.7521734375000001 0.505903125 0.7521734375000001 0.46365781250000004 0.7079390625 0.4623703125 0.7088640625000001 0.5069875 0.7521734375000001 0.505903125
4 0.5200640625 0.511890625 0.521090625 0.4656921875000001 0.47610312500000007 0.464965625 0.47593906250000007 0.5129171875 0.5200640625 0.511890625
3 0.6643518518518519 0.44212962962962965 0.6712962962962963 0.4537037037037037 0.6712962962962963 0.46296296296296297 0.6759259259259259 0.4675925925925926 0.6759259259259259 0.47453703703703703 0.6805555555555556 0.4791666666666667 0.6851851851851852 0.5 0.6921296296296297 0.5069444444444444 0.6921296296296297 0.5138888888888888 0.6875 0.5138888888888888 0.6828703703703703 0.5185185185185185 0.6782407407407407 0.5185185185185185 0.6689814814814815 0.5277777777777778 0.6643518518518519 0.5231481481481481 0.6574074074074074 0.5277777777777778 0.6504629629629629 0.5277777777777778 0.6481481481481481 0.5300925925925926 0.6412037037037037 0.5254629629629629 0.6412037037037037 0.5208333333333334 0.6365740740740741 0.5138888888888888 0.6365740740740741 0.5069444444444444 0.6319444444444444 0.5 0.6319444444444444 0.49074074074074076 0.625 0.4837962962962963 0.625 0.47685185185185186 0.6203703703703703 0.4699074074074074 0.6180555555555556 0.4583333333333333 0.6226851851851852 0.4537037037037037 0.6296296296296297 0.4537037037037037 0.6388888888888888 0.44675925925925924 0.6620370370370371 0.44212962962962965
3 0.6990740740740741 0.6597222222222222 0.7476851851851852 0.7175925925925926 0.7476851851851852 0.7199074074074074 0.7384259259259259 0.7291666666666666 0.7361111111111112 0.7291666666666666 0.7291666666666666 0.7384259259259259 0.7245370370370371 0.7384259259259259 0.7129629629629629 0.75 0.7037037037037037 0.7453703703703703 0.6990740740740741 0.7361111111111112 0.6898148148148148 0.7291666666666666 0.6898148148148148 0.7268518518518519 0.6782407407407407 0.7152777777777778 0.6782407407407407 0.7129629629629629 0.6736111111111112 0.7106481481481481 0.6597222222222222 0.6921296296296297 0.6597222222222222 0.6898148148148148 0.6689814814814815 0.6805555555555556 0.6712962962962963 0.6805555555555556 0.6759259259259259 0.6736111111111112 0.6967592592592593 0.6597222222222222
3 0.18518518518518517 0.41898148148148145 0.20601851851851852 0.4513888888888889 0.2152777777777778 0.46064814814814814 0.2152777777777778 0.4652777777777778 0.22685185185185186 0.48148148148148145 0.22685185185185186 0.4837962962962963 0.22453703703703703 0.4837962962962963 0.2152777777777778 0.4930555555555556 0.20601851851851852 0.4976851851851852 0.19907407407407407 0.49074074074074076 0.19444444444444445 0.48148148148148145 0.18981481481481483 0.4791666666666667 0.1875 0.4722222222222222 0.18287037037037038 0.4699074074074074 0.1597222222222222 0.4351851851851852 0.1597222222222222 0.4305555555555556 0.1712962962962963 0.4236111111111111 0.17824074074074073 0.41435185185185186 0.18055555555555555 0.41435185185185186 0.18287037037037038 0.41898148148148145
3 0.41203703703703703 0.4375 0.41203703703703703 0.44212962962962965 0.4212962962962963 0.4583333333333333 0.4212962962962963 0.46296296296296297 0.42592592592592593 0.4675925925925926 0.42592592592592593 0.4722222222222222 0.44212962962962965 0.5046296296296297 0.4305555555555556 0.5092592592592593 0.4166666666666667 0.5185185185185185 0.41203703703703703 0.5185185185185185 0.39814814814814814 0.5254629629629629 0.39351851851851855 0.5208333333333334 0.38657407407407407 0.5069444444444444 0.38657407407407407 0.5023148148148148 0.3819444444444444 0.4976851851851852 0.37962962962962965 0.4861111111111111 0.375 0.4837962962962963 0.375 0.4791666666666667 0.37037037037037035 0.47453703703703703 0.37037037037037035 0.4675925925925926 0.36574074074074076 0.4652777777777778 0.36342592592592593 0.4537037037037037 0.3773148148148148 0.4444444444444444 0.38657407407407407 0.44212962962962965 0.39351851851851855 0.4375 0.39814814814814814 0.4375 0.40046296296296297 0.4351851851851852 0.4074074074074074 0.4351851851851852 0.4097222222222222 0.4375
3 0.22685185185185186 0.7175925925925926 0.2361111111111111 0.7175925925925926 0.24074074074074073 0.7222222222222222 0.25462962962962965 0.7245370370370371 0.2569444444444444 0.7268518518518519 0.25462962962962965 0.7384259259259259 0.24768518518518517 0.7453703703703703 0.24537037037037038 0.7546296296296297 0.22453703703703703 0.7962962962962963 0.2199074074074074 0.8009259259259259 0.21296296296296297 0.8009259259259259 0.20833333333333334 0.7962962962962963 0.2037037037037037 0.7962962962962963 0.2013888888888889 0.7916666666666666 0.19675925925925927 0.7916666666666666 0.19444444444444445 0.7893518518518519 0.19444444444444445 0.7847222222222222 0.2037037037037037 0.7708333333333334 0.2037037037037037 0.7662037037037037 0.20833333333333334 0.7615740740740741 0.21296296296296297 0.7453703703703703 0.2175925925925926 0.7407407407407407 0.2175925925925926 0.7361111111111112 0.2222222222222222 0.7314814814814815 0.2222222222222222 0.7268518518518519 0.22685185185185186 0.7245370370370371 0.22685185185185186 0.7199074074074074
2 0.4398148148148148 0.6412037037037037 0.46064814814814814 0.6643518518518519 0.46064814814814814 0.6666666666666666 0.4652777777777778 0.6689814814814815 0.4652777777777778 0.6712962962962963 0.4699074074074074 0.6736111111111112 0.47685185185185186 0.6828703703703703 0.4791666666666667 0.6828703703703703 0.48148148148148145 0.6921296296296297 0.47453703703703703 0.6921296296296297 0.4722222222222222 0.6875 0.46296296296296297 0.6805555555555556 0.46296296296296297 0.6782407407407407 0.4583333333333333 0.6759259259259259 0.4583333333333333 0.6736111111111112 0.4537037037037037 0.6712962962962963 0.4537037037037037 0.6689814814814815 0.44907407407407407 0.6666666666666666 0.44907407407407407 0.6643518518518519 0.4444444444444444 0.6620370370370371 0.4097222222222222 0.6273148148148148 0.4097222222222222 0.625 0.4166666666666667 0.6203703703703703 0.4375 0.6412037037037037
2 0.06018518518518518 0.4791666666666667 0.06481481481481481 0.4837962962962963 0.06481481481481481 0.49537037037037035 0.06712962962962964 0.4976851851851852 0.06712962962962964 0.5231481481481481 0.07175925925925926 0.5347222222222222 0.07175925925925926 0.5717592592592593 0.07407407407407407 0.5740740740740741 0.07407407407407407 0.5787037037037037 0.07175925925925926 0.5810185185185185 0.06481481481481481 0.5787037037037037 0.06712962962962964 0.5694444444444444 0.06481481481481481 0.5671296296296297 0.06481481481481481 0.5486111111111112 0.0625 0.5462962962962963 0.06018518518518518 0.48148148148148145
2 0.14583333333333334 0.17824074074074073 0.15046296296296297 0.17824074074074073 0.1527777777777778 0.1875 0.1574074074074074 0.19444444444444445 0.1574074074074074 0.2037037037037037 0.16203703703703703 0.21064814814814814 0.16203703703703703 0.2199074074074074 0.16666666666666666 0.22685185185185186 0.16666666666666666 0.2361111111111111 0.1712962962962963 0.24305555555555555 0.1712962962962963 0.2523148148148148 0.17592592592592593 0.25925925925925924 0.17592592592592593 0.2662037037037037 0.18055555555555555 0.2708333333333333 0.18055555555555555 0.27314814814814814 0.1712962962962963 0.27314814814814814 0.16898148148148148 0.2708333333333333 0.16898148148148148 0.2569444444444444 0.16435185185185186 0.24768518518518517 0.16435185185185186 0.24074074074074073 0.1597222222222222 0.23148148148148148 0.1597222222222222 0.2222222222222222 0.1550925925925926 0.2152777777777778 0.1550925925925926 0.20833333333333334 0.15046296296296297 0.2037037037037037 0.15046296296296297 0.19212962962962962 0.14583333333333334 0.18055555555555555
2 0.44212962962962965 0.3263888888888889 0.44675925925925924 0.3287037037037037 0.44675925925925924 0.33101851851851855 0.4513888888888889 0.3333333333333333 0.4513888888888889 0.33564814814814814 0.5115740740740741 0.39351851851851855 0.5115740740740741 0.39814814814814814 0.5092592592592593 0.39814814814814814 0.49074074074074076 0.37962962962962965 0.48842592592592593 0.37962962962962965 0.4791666666666667 0.3680555555555556 0.47685185185185186 0.3680555555555556 0.4583333333333333 0.34953703703703703 0.45601851851851855 0.34953703703703703 0.4375 0.33101851851851855 0.4398148148148148 0.3287037037037037
2 0.8449074074074074 0.1875 0.8541666666666666 0.19675925925925927 0.8541666666666666 0.19907407407407407 0.8634259259259259 0.20833333333333334 0.8657407407407407 0.20833333333333334 0.8657407407407407 0.21064814814814814 0.8773148148148148 0.2222222222222222 0.8796296296296297 0.2222222222222222 0.8796296296296297 0.22453703703703703 0.8842592592592593 0.22685185185185186 0.8842592592592593 0.22916666666666666 0.8888888888888888 0.23148148148148148 0.8888888888888888 0.2337962962962963 0.8935185185185185 0.2361111111111111 0.9050925925925926 0.25 0.9074074074074074 0.25 0.9074074074074074 0.25462962962962965 0.9120370370370371 0.2569444444444444 0.9120370370370371 0.25925925925925924 0.9050925925925926 0.25925925925925924 0.875 0.22916666666666666 0.8726851851851852 0.22916666666666666 0.8703703703703703 0.22453703703703703 0.8680555555555556 0.22453703703703703 0.8449074074074074 0.2013888888888889 0.8425925925925926 0.2013888888888889 0.8402777777777778 0.19907407407407407 0.8425925925925926 0.18981481481481483
5 0.11805555555555555 0.32175925925925924 0.12962962962962962 0.33101851851851855 0.12731481481481483 0.33796296296296297 0.12037037037037036 0.3425925925925926 0.1111111111111111 0.3425925925925926 0.10648148148148148 0.3402777777777778 0.10416666666666667 0.33564814814814814 0.10648148148148148 0.32407407407407407 0.1087962962962963 0.32175925925925924 0.11574074074074074 0.32175925925925924
5 0.6527777777777778 0.23148148148148148 0.6574074074074074 0.23842592592592593 0.6574074074074074 0.24305555555555555 0.6504629629629629 0.2523148148148148 0.6458333333333334 0.2523148148148148 0.6435185185185185 0.25462962962962965 0.6365740740740741 0.25 0.6342592592592593 0.23842592592592593 0.6388888888888888 0.23148148148148148 0.6504629629629629 0.23148148148148148
5 0.5324074074074074 0.6435185185185185 0.5416666666666666 0.6504629629629629 0.5416666666666666 0.6597222222222222 0.5347222222222222 0.6666666666666666 0.5231481481481481 0.6666666666666666 0.5162037037037037 0.6574074074074074 0.5185185185185185 0.6481481481481481 0.5231481481481481 0.6435185185185185 0.5300925925925926 0.6435185185185185
5 0.5694444444444444 0.3912037037037037 0.5810185185185185 0.3912037037037037 0.5856481481481481 0.3958333333333333 0.5856481481481481 0.40046296296296297 0.5879629629629629 0.4027777777777778 0.5856481481481481 0.4050925925925926 0.5856481481481481 0.4097222222222222 0.5740740740740741 0.41435185185185186 0.5648148148148148 0.4074074074074074 0.5648148148148148 0.39814814814814814 0.5694444444444444 0.39351851851851855
5 0.9004629629629629 0.41898148148148145 0.9074074074074074 0.42824074074074076 0.9004629629629629 0.44212962962962965 0.8912037037037037 0.44212962962962965 0.8842592592592593 0.4351851851851852 0.8842592592592593 0.42592592592592593 0.8865740740740741 0.4212962962962963 0.8981481481481481 0.41898148148148145
1 0.8171296296296297 0.3449074074074074 0.8194444444444444 0.3472222222222222 0.8263888888888888 0.3472222222222222 0.8379629629629629 0.35648148148148145 0.8449074074074074 0.35648148148148145 0.8495370370370371 0.3611111111111111 0.8495370370370371 0.3726851851851852 0.8425925925925926 0.3773148148148148 0.8287037037037037 0.3773148148148148 0.8171296296296297 0.3680555555555556 0.7754629629629629 0.3680555555555556 0.7685185185185185 0.36342592592592593 0.7662037037037037 0.3541666666666667 0.7708333333333334 0.3472222222222222 0.8009259259259259 0.3472222222222222 0.8032407407407407 0.3449074074074074 0.8148148148148148 0.3449074074074074
1 0.18287037037037038 0.7268518518518519 0.1875 0.7268518518518519 0.2013888888888889 0.7175925925925926 0.20601851851851852 0.7199074074074074 0.18518518518518517 0.7361111111111112 0.18518518518518517 0.7384259259259259 0.19675925925925927 0.75 0.19675925925925927 0.7638888888888888 0.19444444444444445 0.7638888888888888 0.1875 0.7731481481481481 0.16666666666666666 0.7731481481481481 0.16203703703703703 0.7754629629629629 0.1550925925925926 0.7708333333333334 0.14814814814814814 0.7592592592592593 0.14351851851851852 0.7592592592592593 0.1388888888888889 0.7638888888888888 0.13194444444444445 0.7638888888888888 0.13657407407407407 0.7569444444444444 0.1412037037037037 0.7569444444444444 0.14814814814814814 0.7523148148148148 0.1574074074074074 0.7569444444444444 0.16203703703703703 0.7662037037037037 0.16898148148148148 0.7708333333333334 0.17592592592592593 0.7708333333333334 0.18287037037037038 0.7662037037037037 0.1875 0.7592592592592593 0.1875 0.75 0.17824074074074073 0.7384259259259259 0.17824074074074073 0.7314814814814815 0.18287037037037038 0.7291666666666666
1 0.35648148148148145 0.2222222222222222 0.3726851851851852 0.2222222222222222 0.37962962962962965 0.22685185185185186 0.3912037037037037 0.24074074074074073 0.3958333333333333 0.24074074074074073 0.40046296296296297 0.2361111111111111 0.4074074074074074 0.2361111111111111 0.41203703703703703 0.24305555555555555 0.41203703703703703 0.25462962962962965 0.4097222222222222 0.25462962962962965 0.4074074074074074 0.25925925925925924 0.40046296296296297 0.25925925925925924 0.39814814814814814 0.26157407407407407 0.38657407407407407 0.25925925925925924 0.3680555555555556 0.24305555555555555 0.3611111111111111 0.24305555555555555 0.35648148148148145 0.2523148148148148 0.3541666666666667 0.2824074074074074 0.3425925925925926 0.28703703703703703 0.33796296296296297 0.2847222222222222 0.33796296296296297 0.27546296296296297 0.3425925925925926 0.27314814814814814 0.3425925925925926 0.2662037037037037 0.34953703703703703 0.26157407407407407 0.34953703703703703 0.2569444444444444 0.3472222222222222 0.25462962962962965 0.34953703703703703 0.2523148148148148 0.3472222222222222 0.24768518518518517 0.3472222222222222 0.2337962962962963 0.35185185185185186 0.22685185185185186 0.35648148148148145 0.22453703703703703
1 0.8566578125 0.5989093750000001 0.862596875 0.6045500000000001 0.8667546875 0.6075203125 0.8697234375000001 0.615834375 0.8694265625 0.628603125 0.8640625000000001 0.640625 0.8640625000000001 0.65 0.8718750000000001 0.65625 0.878125 0.65625 0.884375 0.6515625 0.8848671875000002 0.6389953125 0.8921875 0.6265625 0.8921875 0.6109375 0.8875000000000001 0.6000000000000001 0.8812500000000001 0.596875 0.8765625 0.5906250000000001 0.8734375000000001 0.5796875 0.86875 0.5750000000000001 0.8640625000000001 0.5734375 0.8625 0.5734375 0.8546875 0.578125 0.853125 0.5828125000000001 0.8546875 0.5890625 0.8551734375000001 0.5974234375 0.8566578125 0.5989093750000001
1 0.3391671875 0.5337640625 0.3449421875 0.5319406250000001 0.3513234375 0.5310281250000001 0.3567953125 0.5316359375 0.3607453125 0.5355875 0.36378437500000005 0.5428812500000001 0.3640890625 0.5550375000000001 0.354971875 0.5644593750000001 0.3484375 0.571875 0.35223593750000004 0.5775281250000001 0.359375 0.58125 0.36378437500000005 0.5909 0.368646875 0.5881640625000001 0.359375 0.5750000000000001 0.359375 0.5703125 0.36562500000000003 0.5640625 0.37031250000000004 0.5546875 0.37031250000000004 0.534375 0.3640625 0.5265625 0.35625 0.525 0.34646093750000007 0.5252546875 0.32913906249999997 0.5279890625000001 0.32123750000000006 0.5258625 0.3125 0.5109375 0.3125 0.5125000000000001 0.3125 0.5203125000000001 0.3230609375 0.5328515625 0.33065781250000004 0.5361953125000001 0.33430468750000003 0.5358906250000001 0.3391671875 0.5337640625
0 0.1875 0.5439814814814815 0.19212962962962962 0.5439814814814815 0.19212962962962962 0.5462962962962963 0.1875 0.5486111111111112 0.18981481481481483 0.5601851851851852 0.1875 0.5601851851851852 0.18981481481481483 0.5578703703703703 0.18518518518518517 0.5555555555555556 0.18055555555555555 0.5486111111111112 0.18055555555555555 0.5462962962962963 0.18518518518518517 0.5462962962962963
0 0.35185185185185186 0.3611111111111111 0.3587962962962963 0.36574074074074076 0.3611111111111111 0.37037037037037035 0.3611111111111111 0.3726851851851852 0.35648148148148145 0.36574074074074076 0.3541666666666667 0.3680555555555556 0.35185185185185186 0.36342592592592593
0 0.5949074074074074 0.6550925925925926 0.020833333333333332 0.013888888888888888
0 0.8217592592592593 0.5162037037037037 0.8263888888888888 0.5185185185185185 0.8240740740740741 0.5162037037037037 0.8194444444444444 0.5208333333333334 0.8263888888888888 0.5300925925925926 0.8287037037037037 0.5254629629629629 0.8310185185185185 0.5370370370370371 0.8240740740740741 0.5254629629629629 0.8171296296296297 0.5208333333333334 0.8194444444444444 0.5185185185185185
0 0.9212962962962963 0.30787037037037035 0.9236111111111112 0.30787037037037035 0.9212962962962963 0.3101851851851852 0.9259259259259259 0.3148148148148148 0.9305555555555556 0.3125 0.9282407407407407 0.31712962962962965 0.9259259259259259 0.31712962962962965 0.9212962962962963 0.3101851851851852