4 0.90768125 0.8270765625000001 0.9533859375 0.8269374999999999 0.9534796875 0.7829250000000001 0.90768125 0.7825078124999999 0.90768125 0.8270765625000001
4 0.9125609374999999 0.29375312499999995 0.9593046875 0.29537968749999993 0.960525 0.24658125 0.9141874999999999 0.2478015625 0.9125609374999999 0.29375312499999995
4 0.8560609375 0.541703125 0.9031578125 0.540828125 0.9028062499999999 0.49534531249999997 0.8556546875000001 0.49656406249999996 0.8560609375 0.541703125
4 0.737371875 0.4298734375 0.737778125 0.3843281250000001 0.691034375 0.38392187499999997 0.691034375 0.4298734375 0.737371875 0.4298734375
4 0.691034375 0.698846875 0.7356875 0.6991984375 0.7353390625 0.6524890624999999 0.6902203124999999 0.6524890624999999 0.691034375 0.698846875
4 0.47736562499999996 0.8223093750000001 0.5217578125 0.8255593750000001 0.522840625 0.7789812500000001 0.47736562499999996 0.7789812500000001 0.47736562499999996 0.8223093750000001
4 0.04102499999999988 0.8298921874999999 0.08433437500000004 0.832059375 0.08216874999999983 0.7843968750000001 0.039942187499999976 0.78548125 0.04102499999999988 0.8298921874999999
4 0.03019843749999988 0.540675 0.07483125000000007 0.541509375 0.0735062499999999 0.494096875 0.02803281249999993 0.49301249999999996 0.03019843749999988 0.540675
4 0.024784374999999942 0.304534375 0.06804218750000002 0.30294375000000007 0.0670109374999998 0.2557890624999999 0.0237015624999999 0.2557890624999999 0.024784374999999942 0.304534375
4 0.2088484374999999 0.3576109374999999 0.2521578124999999 0.3576109374999999 0.2521578124999999 0.3142828125 0.207765625 0.3142828125 0.2088484374999999 0.3576109374999999
4 0.2478265624999999 0.5363421875 0.2920609375 0.5376296875 0.29113593749999994 0.49301249999999996 0.2478265624999999 0.494096875 0.2478265624999999 0.5363421875
4 0.47890937499999997 0.5343078124999999 0.5238968749999999 0.535034375 0.5240609374999999 0.48708281249999996 0.4799359374999999 0.488109375 0.47890937499999997 0.5343078124999999
0 0.8217592592592593 0.8217592592592593 0.8310185185185185 0.8287037037037037 0.8287037037037037 0.8310185185185185 0.8310185185185185 0.8287037037037037 0.8263888888888888 0.8240740740740741 0.8240740740740741 0.8287037037037037 0.8217592592592593 0.8263888888888888 0.8263888888888888 0.8240740740740741 0.8240740740740741 0.8217592592592593
0 0.6597222222222222 0.6527777777777778 0.013888888888888888 0.020833333333333332
0 0.5856481481481481 0.6504629629629629 0.5856481481481481 0.6620370370370371 0.5833333333333334 0.6643518518518519 0.5810185185185185 0.6620370370370371 0.5856481481481481 0.6597222222222222 0.5856481481481481 0.6527777777777778
0 0.5023148148148148 0.6620370370370371 0.5023148148148148 0.6643518518518519 0.4930555555555556 0.6643518518518519 0.4930555555555556 0.6597222222222222 0.49537037037037035 0.6574074074074074 0.4930555555555556 0.6550925925925926 0.4930555555555556 0.6504629629629629 0.49537037037037035 0.6550925925925926 0.49537037037037035 0.6597222222222222 0.4930555555555556 0.6620370370370371 0.49537037037037035 0.6643518518518519 0.5 0.6643518518518519
0 0.4097222222222222 0.6365740740740741 0.4074074074074074 0.6319444444444444 0.4050925925925926 0.6365740740740741 0.4027777777777778 0.6342592592592593 0.4027777777777778 0.6296296296296297 0.4074074074074074 0.6296296296296297 0.4097222222222222 0.6342592592592593
0 0.33101851851851855 0.6342592592592593 0.3333333333333333 0.6342592592592593 0.33101851851851855 0.6342592592592593 0.3287037037037037 0.6388888888888888 0.33796296296296297 0.6504629629629629 0.3425925925925926 0.6481481481481481 0.33796296296296297 0.6412037037037037 0.33796296296296297 0.6342592592592593 0.33796296296296297 0.6412037037037037 0.3425925925925926 0.6458333333333334 0.3425925925925926 0.6504629629629629 0.33564814814814814 0.6504629629629629 0.33101851851851855 0.6412037037037037 0.3263888888888889 0.6388888888888888 0.3263888888888889 0.6365740740740741 0.3287037037037037 0.6365740740740741
0 0.24074074074074073 0.6319444444444444 0.24305555555555555 0.6296296296296297 0.24768518518518517 0.6365740740740741 0.24768518518518517 0.6481481481481481 0.23842592592592593 0.6481481481481481 0.23842592592592593 0.6342592592592593
0 0.1574074074074074 0.5925925925925926 0.1574074074074074 0.5879629629629629 0.16203703703703703 0.5879629629629629 0.1574074074074074 0.5902777777777778 0.1597222222222222 0.5925925925925926 0.1550925925925926 0.5995370370370371 0.1574074074074074 0.6041666666666666 0.1550925925925926 0.6064814814814815 0.1527777777777778 0.6041666666666666 0.1574074074074074 0.5949074074074074