4 0.09231875 0.17292343749999997 0.0466140625 0.1730625 0.0465203125 0.217075 0.09231875 0.21749218750000002 0.09231875 0.17292343749999997
4 0.08743906250000001 0.706246875 0.04069531250000001 0.7046203125 0.039475 0.75341875 0.08581250000000001 0.7521984375 0.08743906250000001 0.706246875
4 0.1439390625 0.458296875 0.0968421875 0.45917187500000006 0.09719375000000001 0.5046546875 0.14434531250000002 0.5034359375 0.1439390625 0.458296875
4 0.26262812500000005 0.5701265624999999 0.26222187500000005 0.6156718749999999 0.308965625 0.616078125 0.308965625 0.5701265624999999 0.26262812500000005 0.5701265624999999
4 0.308965625 0.301153125 0.2643125 0.3008015625 0.2646609375 0.3475109375 0.3097796875 0.3475109375 0.308965625 0.301153125
4 0.522634375 0.177690625 0.4782421875 0.17444062500000002 0.47715937500000005 0.22101874999999999 0.522634375 0.22101874999999999 0.522634375 0.177690625
4 0.9589750000000001 0.1701078125 0.9156656249999999 0.167940625 0.9178312500000002 0.21560312499999998 0.9600578125 0.21451875 0.9589750000000001 0.1701078125
4 0.9698015625000002 0.45932500000000004 0.92516875 0.458490625 0.9264937500000001 0.505903125 0.9719671875000001 0.5069875 0.9698015625000002 0.45932500000000004
4 0.975215625 0.695465625 0.9319578125 0.6970562499999999 0.9329890625000002 0.7442109375000001 0.9762984375000001 0.7442109375000001 0.975215625 0.695465625
4 0.7911515625000001 0.6423890625 0.7478421875000001 0.6423890625 0.7478421875000001 0.6857171875 0.792234375 0.6857171875 0.7911515625000001 0.6423890625
4 0.7521734375000001 0.46365781250000004 0.7160484375000001 0.462409375 0.7160484375000001 0.4664375 0.714853125 0.468675 0.710971875 0.46927187500000006 0.7087328125 0.47180781250000003 0.7088812500000001 0.47583593750000003 0.7088640625000001 0.5069875 0.7521734375000001 0.505903125 0.7521734375000001 0.46365781250000004
4 0.521090625 0.4656921875000001 0.47610312500000007 0.464965625 0.47593906250000007 0.5129171875 0.5200640625 0.511890625 0.521090625 0.4656921875000001
0 0.32407407407407407 0.6203703703703703 0.3263888888888889 0.6226851851851852 0.3263888888888889 0.6319444444444444 0.33101851851851855 0.6365740740740741 0.3263888888888889 0.6319444444444444 0.3263888888888889 0.625 0.32407407407407407 0.6226851851851852 0.32175925925925924 0.6226851851851852 0.31712962962962965 0.6296296296296297 0.31712962962962965 0.6319444444444444 0.32175925925925924 0.6342592592592593 0.3125 0.6319444444444444 0.3148148148148148 0.6319444444444444 0.3194444444444444 0.6273148148148148 0.3194444444444444 0.6226851851851852 0.32175925925925924 0.6226851851851852
0 0.1597222222222222 0.4722222222222222 0.16203703703703703 0.4722222222222222 0.1574074074074074 0.47453703703703703 0.16203703703703703 0.47685185185185186 0.16666666666666666 0.4861111111111111 0.16898148148148148 0.48148148148148145 0.1712962962962963 0.49074074074074076 0.1712962962962963 0.4861111111111111 0.16898148148148148 0.4837962962962963 0.16666666666666666 0.4861111111111111 0.1574074074074074 0.47453703703703703
0 0.3333333333333333 0.2569444444444444 0.3425925925925926 0.26157407407407407 0.3425925925925926 0.2638888888888889 0.3425925925925926 0.26157407407407407 0.33564814814814814 0.2569444444444444 0.3333333333333333 0.25925925925925924 0.3333333333333333 0.2638888888888889 0.3333333333333333 0.25925925925925924
0 0.5393518518518519 0.22685185185185186 0.011574074074074073 0.020833333333333332
0 0.8819444444444444 0.21296296296296297 0.8888888888888888 0.2175925925925926 0.8912037037037037 0.2222222222222222 0.8912037037037037 0.22453703703703703 0.8842592592592593 0.2152777777777778 0.8819444444444444 0.2175925925925926 0.8842592592592593 0.22453703703703703 0.8819444444444444 0.2152777777777778
0 0.7083333333333334 0.46064814814814814 0.7129629629629629 0.4583333333333333 0.7152777777777778 0.46064814814814814 0.7152777777777778 0.4652777777777778 0.7106481481481481 0.4675925925925926 0.7060185185185185 0.47453703703703703 0.7013888888888888 0.47453703703703703 0.7037037037037037 0.4675925925925926 0.7129629629629629 0.4675925925925926 0.7152777777777778 0.4652777777777778 0.7152777777777778 0.46296296296296297 0.7106481481481481 0.46064814814814814
0 0.5138888888888888 0.38657407407407407 0.5208333333333334 0.38657407407407407 0.5208333333333334 0.3912037037037037 0.5185185185185185 0.39351851851851855 0.5138888888888888 0.3912037037037037 0.5185185185185185 0.3912037037037037 0.5208333333333334 0.3888888888888889 0.5162037037037037 0.38657407407407407
0 0.7268518518518519 0.6666666666666666 0.7314814814814815 0.6736111111111112 0.7314814814814815 0.6805555555555556 0.7314814814814815 0.6736111111111112 0.7291666666666666 0.6712962962962963 0.7268518518518519 0.6759259259259259 0.7268518518518519 0.6689814814814815