4 0.09231875 0.17292343749999997 0.0466140625 0.1730625 0.0465203125 0.217075 0.09231875 0.21749218750000002 0.09231875 0.17292343749999997
4 0.08743906250000001 0.706246875 0.04069531250000001 0.7046203125 0.039475 0.75341875 0.08581250000000001 0.7521984375 0.08743906250000001 0.706246875
4 0.1439390625 0.458296875 0.0968421875 0.45917187500000006 0.09719375000000001 0.5046546875 0.14434531250000002 0.5034359375 0.1439390625 0.458296875
4 0.26262812500000005 0.5701265624999999 0.26222187500000005 0.6156718749999999 0.308965625 0.616078125 0.308965625 0.5701265624999999 0.26262812500000005 0.5701265624999999
4 0.308965625 0.301153125 0.2643125 0.3008015625 0.2646609375 0.3475109375 0.3097796875 0.3475109375 0.308965625 0.301153125
4 0.522634375 0.177690625 0.4782421875 0.17444062500000002 0.47715937500000005 0.22101874999999999 0.522634375 0.22101874999999999 0.522634375 0.177690625
4 0.9589750000000001 0.1701078125 0.9156656249999999 0.167940625 0.9178312500000002 0.21560312499999998 0.9600578125 0.21451875 0.9589750000000001 0.1701078125
4 0.9698015625000002 0.45932500000000004 0.92516875 0.458490625 0.9264937500000001 0.505903125 0.9719671875000001 0.5069875 0.9698015625000002 0.45932500000000004
4 0.975215625 0.695465625 0.9319578125 0.6970562499999999 0.9329890625000002 0.7442109375000001 0.9762984375000001 0.7442109375000001 0.975215625 0.695465625
4 0.7911515625000001 0.6423890625 0.7478421875000001 0.6423890625 0.7478421875000001 0.6857171875 0.792234375 0.6857171875 0.7911515625000001 0.6423890625
4 0.7521734375000001 0.46365781250000004 0.7079390625 0.4623703125 0.7088640625000001 0.5069875 0.7521734375000001 0.505903125 0.7521734375000001 0.46365781250000004
4 0.521090625 0.4656921875000001 0.47610312500000007 0.464965625 0.47593906250000007 0.5129171875 0.5200640625 0.511890625 0.521090625 0.4656921875000001
1 0.37736875000000003 0.3948515625 0.384271875 0.396865625 0.390025 0.39772968750000004 0.39635312500000003 0.396290625 0.40153125000000006 0.3951390625000001 0.41102343750000003 0.3925484375 0.41677656250000006 0.3911078125 0.42511875000000005 0.39024531250000005 0.4348984375 0.39024531250000005 0.44467812500000004 0.3905328125 0.4515828125 0.38938125 0.4567593750000001 0.38621406249999995 0.4602109375000001 0.38189687499999997 0.45934843750000004 0.3749875 0.457046875 0.37038125000000005 0.44928125 0.36779062500000004 0.443528125 0.3669265625 0.438925 0.3698046875 0.43461093750000007 0.36779062500000004 0.42713125 0.36779062500000004 0.4144750000000001 0.3689421875 0.4058453125 0.3689421875 0.3980796875 0.372971875 0.39261406249999997 0.37642656250000006 0.38801093750000004 0.3755625000000001 0.37823125 0.3761390625 0.375603125 0.37913437499999997 0.37334062500000004 0.38448750000000004 0.37362812500000003 0.38938125 0.37736875000000003 0.3948515625
1 0.409296875 0.4613703125 0.408146875 0.45388593750000006 0.40670781250000004 0.44380937500000006 0.4003796875 0.43862812500000004 0.3934765625 0.43747656250000005 0.38772343750000005 0.44179375000000004 0.384559375 0.4515828125 0.385421875 0.45762812500000005 0.3888734375 0.46194531250000004 0.3888734375 0.467415625 0.38686093750000006 0.47432500000000005 0.38398437500000004 0.48065781250000006 0.384846875 0.490734375 0.39088750000000005 0.49649218749999996 0.3940515625 0.49994687500000007 0.39577812500000004 0.5059921875 0.39577812500000004 0.512325 0.39980468750000003 0.518659375 0.40469531250000007 0.5221140625 0.40900937500000006 0.5221140625 0.4144750000000001 0.5209625 0.41965312499999996 0.5160671875 0.42051562500000006 0.50714375 0.415625 0.49332500000000007 0.4121734375 0.48094687500000005 0.41073593750000004 0.47547656250000003 0.4104484375000001 0.46799218750000005 0.409296875 0.4613703125
0 0.3887421875 0.4210375 0.39119687500000005 0.42180625 0.39288593750000006 0.4214984375 0.396415625 0.42180625 0.3999453125 0.421959375 0.40470468750000005 0.42180625 0.40884843750000005 0.42180625 0.40976875 0.4210375 0.408234375 0.41919531250000003 0.40792656250000003 0.4185796875 0.40501093750000006 0.417965625 0.400253125 0.4173515625 0.39488125 0.4173515625 0.39380625 0.4158156250000001 0.39073750000000007 0.4153546875 0.388128125 0.41642968750000003 0.388128125 0.419040625 0.3887421875 0.4210375
0 0.45458593750000004 0.43593750000000003 0.4550468750000001 0.43732031250000003 0.45596718750000004 0.4400859375 0.45612187500000007 0.4433109375 0.4555078125 0.445615625 0.45673593749999997 0.4471515625 0.4599578125 0.447765625 0.4624140625 0.4473046875 0.4633359375000001 0.4442328125 0.46149375000000004 0.441621875 0.45980468750000003 0.438703125 0.4591906250000001 0.435784375 0.45735000000000003 0.43286562500000003 0.4562750000000001 0.43102187500000005 0.4530515625 0.4294859375 0.45274531250000005 0.4313296875 0.45274531250000005 0.43363437500000007 0.45458593750000004 0.43593750000000003