4 0.09231875 0.8270765625000001 0.09231875 0.7825078124999999 0.0465203125 0.7829250000000001 0.0466140625 0.8269374999999999 0.09231875 0.8270765625000001
4 0.08743906250000001 0.29375312499999995 0.08581250000000001 0.2478015625 0.039475 0.24658125 0.04069531250000001 0.29537968749999993 0.08743906250000001 0.29375312499999995
4 0.1439390625 0.541703125 0.14434531250000002 0.49656406249999996 0.09719375000000001 0.49534531249999997 0.0968421875 0.540828125 0.1439390625 0.541703125
4 0.26262812500000005 0.4298734375 0.308965625 0.4298734375 0.308965625 0.38392187499999997 0.26222187500000005 0.3843281250000001 0.26262812500000005 0.4298734375
4 0.308965625 0.698846875 0.3097796875 0.6524890624999999 0.2646609375 0.6524890624999999 0.2643125 0.6991984375 0.308965625 0.698846875
4 0.522634375 0.8223093750000001 0.522634375 0.7789812500000001 0.47715937500000005 0.7789812500000001 0.4782421875 0.8255593750000001 0.522634375 0.8223093750000001
4 0.9589750000000001 0.8298921874999999 0.9600578125 0.78548125 0.9178312500000002 0.7843968750000001 0.9156656249999999 0.832059375 0.9589750000000001 0.8298921874999999
4 0.9698015625000002 0.540675 0.9719671875000001 0.49301249999999996 0.9264937500000001 0.494096875 0.92516875 0.541509375 0.9698015625000002 0.540675
4 0.975215625 0.304534375 0.9762984375000001 0.2557890624999999 0.9329890625000002 0.2557890624999999 0.9319578125 0.30294375000000007 0.975215625 0.304534375
4 0.7911515625000001 0.3576109374999999 0.792234375 0.3142828125 0.7478421875000001 0.3142828125 0.7478421875000001 0.3576109374999999 0.7911515625000001 0.3576109374999999
4 0.7087328125 0.5281921875 0.710971875 0.530728125 0.714853125 0.5313249999999999 0.7160484375000001 0.5335624999999999 0.7160484375000001 0.537590625 0.7521734375000001 0.5363421875 0.7521734375000001 0.494096875 0.7088640625000001 0.49301249999999996 0.7088812500000001 0.5241640625 0.7087328125 0.5281921875
4 0.521090625 0.5343078124999999 0.5200640625 0.488109375 0.47593906250000007 0.48708281249999996 0.47610312500000007 0.535034375 0.521090625 0.5343078124999999
0 0.33101851851851855 0.3611111111111111 0.3263888888888889 0.36574074074074076 0.3263888888888889 0.375 0.32407407407407407 0.3773148148148148 0.3194444444444444 0.375 0.3194444444444444 0.37037037037037035 0.3125 0.36574074074074076 0.32175925925925924 0.36342592592592593 0.3194444444444444 0.36342592592592593 0.31712962962962965 0.3680555555555556 0.3194444444444444 0.3726851851851852 0.32407407407407407 0.375 0.3287037037037037 0.36342592592592593
0 0.1712962962962963 0.5069444444444444 0.16898148148148148 0.5162037037037037 0.16666666666666666 0.5115740740740741 0.16203703703703703 0.5208333333333334 0.1574074074074074 0.5231481481481481 0.16203703703703703 0.5254629629629629 0.1574074074074074 0.5231481481481481 0.16435185185185186 0.5138888888888888 0.16666666666666666 0.5115740740740741 0.16898148148148148 0.5138888888888888 0.1712962962962963 0.5092592592592593
0 0.3333333333333333 0.7337962962962963 0.3333333333333333 0.7384259259259259 0.33564814814814814 0.7407407407407407 0.3425925925925926 0.7361111111111112 0.3425925925925926 0.7337962962962963 0.3425925925925926 0.7361111111111112 0.33564814814814814 0.7407407407407407 0.3333333333333333 0.7407407407407407 0.3333333333333333 0.7361111111111112
0 0.5393518518518519 0.7731481481481481 0.011574074074074073 0.020833333333333332
0 0.8842592592592593 0.7731481481481481 0.8819444444444444 0.7777777777777778 0.8842592592592593 0.7824074074074074 0.8912037037037037 0.7754629629629629 0.8912037037037037 0.7731481481481481 0.8888888888888888 0.7800925925925926 0.8819444444444444 0.7847222222222222 0.8819444444444444 0.7777777777777778 0.8842592592592593 0.7754629629629629
0 0.7037037037037037 0.5277777777777778 0.7013888888888888 0.5231481481481481 0.7060185185185185 0.5231481481481481 0.7060185185185185 0.5254629629629629 0.7152777777777778 0.5324074074074074 0.7152777777777778 0.5370370370370371 0.7106481481481481 0.5393518518518519 0.7083333333333334 0.5370370370370371 0.7129629629629629 0.5370370370370371 0.7152777777777778 0.5324074074074074 0.7129629629629629 0.5300925925925926 0.7037037037037037 0.5300925925925926
0 0.5138888888888888 0.6064814814814815 0.5185185185185185 0.6041666666666666 0.5208333333333334 0.6064814814814815 0.5208333333333334 0.6111111111111112 0.5138888888888888 0.6111111111111112 0.5185185185185185 0.6111111111111112 0.5208333333333334 0.6087962962962963 0.5162037037037037 0.6064814814814815
0 0.7314814814814815 0.31712962962962965 0.7314814814814815 0.32407407407407407 0.7268518518518519 0.33101851851851855 0.7268518518518519 0.32175925925925924 0.7291666666666666 0.3263888888888889 0.7314814814814815 0.32407407407407407 0.7314814814814815 0.3194444444444444