4 0.90768125 0.17292343749999997 0.90768125 0.21749218750000002 0.9534796875 0.217075 0.9533859375 0.1730625 0.90768125 0.17292343749999997
4 0.9125609374999999 0.706246875 0.9141874999999999 0.7521984375 0.960525 0.75341875 0.9593046875 0.7046203125 0.9125609374999999 0.706246875
4 0.8560609375 0.458296875 0.8556546875000001 0.5034359375 0.9028062499999999 0.5046546875 0.9031578125 0.45917187500000006 0.8560609375 0.458296875
4 0.737371875 0.5701265624999999 0.691034375 0.5701265624999999 0.691034375 0.616078125 0.737778125 0.6156718749999999 0.737371875 0.5701265624999999
4 0.691034375 0.301153125 0.6902203124999999 0.3475109375 0.7353390625 0.3475109375 0.7356875 0.3008015625 0.691034375 0.301153125
4 0.47736562499999996 0.177690625 0.47736562499999996 0.22101874999999999 0.522840625 0.22101874999999999 0.5217578125 0.17444062500000002 0.47736562499999996 0.177690625
4 0.04102499999999988 0.1701078125 0.039942187499999976 0.21451875 0.08216874999999983 0.21560312499999998 0.08433437500000004 0.167940625 0.04102499999999988 0.1701078125
4 0.03019843749999988 0.45932500000000004 0.02803281249999993 0.5069875 0.0735062499999999 0.505903125 0.07483125000000007 0.458490625 0.03019843749999988 0.45932500000000004
4 0.024784374999999942 0.695465625 0.0237015624999999 0.7442109375000001 0.0670109374999998 0.7442109375000001 0.06804218750000002 0.6970562499999999 0.024784374999999942 0.695465625
4 0.2088484374999999 0.6423890625 0.207765625 0.6857171875 0.2521578124999999 0.6857171875 0.2521578124999999 0.6423890625 0.2088484374999999 0.6423890625
4 0.2478265624999999 0.46365781250000004 0.2478265624999999 0.505903125 0.29113593749999994 0.5069875 0.2920609375 0.4623703125 0.2478265624999999 0.46365781250000004
4 0.47890937499999997 0.4656921875000001 0.4799359374999999 0.511890625 0.5240609374999999 0.5129171875 0.5238968749999999 0.464965625 0.47890937499999997 0.4656921875000001
5 0.8148148148148148 0.3425925925925926 0.8287037037037037 0.3425925925925926 0.8333333333333334 0.3449074074074074 0.8333333333333334 0.3587962962962963 0.8287037037037037 0.36342592592592593 0.8171296296296297 0.36342592592592593 0.8125 0.3587962962962963 0.8125 0.3472222222222222 0.8148148148148148 0.3449074074074074
5 0.47685185185185186 0.28703703703703703 0.4791666666666667 0.2916666666666667 0.47685185185185186 0.3055555555555556 0.46296296296296297 0.3055555555555556 0.4583333333333333 0.30092592592592593 0.4583333333333333 0.2916666666666667 0.4652777777777778 0.2847222222222222 0.4722222222222222 0.2847222222222222 0.47453703703703703 0.28703703703703703
5 0.35648148148148145 0.30092592592592593 0.3611111111111111 0.30787037037037035 0.3611111111111111 0.31712962962962965 0.3587962962962963 0.31712962962962965 0.35648148148148145 0.32175925925925924 0.3425925925925926 0.32175925925925924 0.33796296296296297 0.3148148148148148 0.33796296296296297 0.30787037037037035 0.3449074074074074 0.2986111111111111 0.35185185185185186 0.2986111111111111 0.3541666666666667 0.30092592592592593
5 0.2638888888888889 0.20833333333333334 0.27314814814814814 0.21296296296296297 0.2800925925925926 0.2199074074074074 0.2800925925925926 0.22685185185185186 0.27546296296296297 0.2337962962962963 0.26157407407407407 0.2337962962962963 0.2569444444444444 0.22916666666666666 0.25462962962962965 0.2199074074074074 0.25925925925925924 0.21296296296296297 0.2638888888888889 0.21064814814814814
5 0.19444444444444445 0.2708333333333333 0.20833333333333334 0.2708333333333333 0.21296296296296297 0.2777777777777778 0.21296296296296297 0.2847222222222222 0.20833333333333334 0.2916666666666667 0.19675925925925927 0.2916666666666667 0.18981481481481483 0.2824074074074074 0.19444444444444445 0.27314814814814814
5 0.12268518518518519 0.44212962962962965 0.125 0.44675925925925924 0.125 0.45601851851851855 0.12268518518518519 0.46064814814814814 0.10416666666666667 0.46064814814814814 0.10416666666666667 0.45601851851851855 0.10185185185185185 0.4537037037037037 0.10416666666666667 0.4444444444444444 0.1111111111111111 0.4398148148148148 0.11805555555555555 0.4398148148148148 0.12037037037037036 0.44212962962962965
5 0.0625 0.5578703703703703 0.07407407407407407 0.5555555555555556 0.08333333333333333 0.5625 0.08333333333333333 0.5717592592592593 0.0787037037037037 0.5763888888888888 0.07175925925925926 0.5787037037037037 0.06944444444444445 0.5763888888888888 0.06481481481481481 0.5763888888888888 0.06018518518518518 0.5717592592592593 0.0625 0.5601851851851852
5 0.2523148148148148 0.5763888888888888 0.2569444444444444 0.5787037037037037 0.25925925925925924 0.5879629629629629 0.2569444444444444 0.5902777777777778 0.2569444444444444 0.5949074074074074 0.25 0.5995370370370371 0.24305555555555555 0.5995370370370371 0.2361111111111111 0.5902777777777778 0.23842592592592593 0.5787037037037037 0.25 0.5763888888888888
5 0.1527777777777778 0.6689814814814815 0.16435185185185186 0.6666666666666666 0.16898148148148148 0.6689814814814815 0.1712962962962963 0.6736111111111112 0.16898148148148148 0.6875 0.16435185185185186 0.6898148148148148 0.1550925925925926 0.6898148148148148 0.14814814814814814 0.6828703703703703 0.14814814814814814 0.6782407407407407 0.1527777777777778 0.6712962962962963
5 0.46064814814814814 0.5393518518518519 0.4675925925925926 0.5439814814814815 0.4675925925925926 0.5578703703703703 0.46296296296296297 0.5625 0.4537037037037037 0.5625 0.44907407407407407 0.5601851851851852 0.44675925925925924 0.5555555555555556 0.44675925925925924 0.5462962962962963 0.4513888888888889 0.5416666666666666 0.4583333333333333 0.5393518518518519