4 0.90768125 0.8270765625000001 0.9533859375 0.8269374999999999 0.9534796875 0.7829250000000001 0.90768125 0.7825078124999999 0.90768125 0.8270765625000001
4 0.9125609374999999 0.29375312499999995 0.9593046875 0.29537968749999993 0.960525 0.24658125 0.9141874999999999 0.2478015625 0.9125609374999999 0.29375312499999995
4 0.879615625 0.4937140625 0.8554906250000001 0.5166984375 0.8560609375 0.541703125 0.9031578125 0.540828125 0.9028062499999999 0.49534531249999997 0.879615625 0.4937140625
4 0.737371875 0.4298734375 0.737778125 0.3843281250000001 0.691034375 0.38392187499999997 0.691034375 0.4298734375 0.737371875 0.4298734375
4 0.691034375 0.698846875 0.7356875 0.6991984375 0.7353390625 0.6524890624999999 0.6902203124999999 0.6524890624999999 0.691034375 0.698846875
4 0.47736562499999996 0.8223093750000001 0.5217578125 0.8255593750000001 0.522840625 0.7789812500000001 0.47736562499999996 0.7789812500000001 0.47736562499999996 0.8223093750000001
4 0.04102499999999988 0.8298921874999999 0.08433437500000004 0.832059375 0.08216874999999983 0.7843968750000001 0.039942187499999976 0.78548125 0.04102499999999988 0.8298921874999999
4 0.03019843749999988 0.540675 0.07483125000000007 0.541509375 0.0735062499999999 0.494096875 0.02803281249999993 0.49301249999999996 0.03019843749999988 0.540675
4 0.024784374999999942 0.304534375 0.06804218750000002 0.30294375000000007 0.0670109374999998 0.2557890624999999 0.0237015624999999 0.2557890624999999 0.024784374999999942 0.304534375
4 0.2088484374999999 0.3576109374999999 0.2521578124999999 0.3576109374999999 0.2521578124999999 0.3142828125 0.207765625 0.3142828125 0.2088484374999999 0.3576109374999999
4 0.2478265624999999 0.5363421875 0.2920609375 0.5376296875 0.29113593749999994 0.49301249999999996 0.2478265624999999 0.494096875 0.2478265624999999 0.5363421875
4 0.47890937499999997 0.5343078124999999 0.5238968749999999 0.535034375 0.5240609374999999 0.48708281249999996 0.4799359374999999 0.488109375 0.47890937499999997 0.5343078124999999
3 0.7777777777777778 0.8101851851851852 0.7731481481481481 0.8032407407407407 0.7731481481481481 0.7986111111111112 0.7685185185185185 0.7939814814814815 0.7638888888888888 0.7708333333333334 0.7592592592592593 0.7638888888888888 0.7638888888888888 0.7592592592592593 0.7685185185185185 0.7592592592592593 0.7754629629629629 0.7546296296296297 0.7916666666666666 0.75 0.8009259259259259 0.7430555555555556 0.8078703703703703 0.7430555555555556 0.8125 0.7384259259259259 0.8194444444444444 0.7384259259259259 0.8263888888888888 0.7337962962962963 0.8310185185185185 0.7337962962962963 0.8356481481481481 0.7384259259259259 0.8402777777777778 0.7523148148148148 0.8472222222222222 0.7592592592592593 0.8449074074074074 0.7615740740740741 0.8518518518518519 0.7800925925925926 0.8472222222222222 0.7847222222222222 0.8402777777777778 0.7847222222222222 0.7986111111111112 0.8032407407407407 0.7916666666666666 0.8032407407407407 0.7800925925925926 0.8101851851851852
3 0.10185185185185185 0.7060185185185185 0.10648148148148148 0.7037037037037037 0.1087962962962963 0.7060185185185185 0.12268518518518519 0.7060185185185185 0.125 0.7037037037037037 0.12962962962962962 0.7060185185185185 0.17592592592592593 0.7060185185185185 0.18055555555555555 0.7106481481481481 0.18055555555555555 0.7407407407407407 0.17824074074074073 0.7430555555555556 0.17824074074074073 0.7569444444444444 0.1087962962962963 0.7569444444444444 0.10648148148148148 0.7546296296296297 0.10185185185185185 0.7546296296296297 0.10185185185185185 0.7430555555555556 0.10416666666666667 0.7407407407407407 0.09953703703703703 0.7361111111111112 0.09953703703703703 0.7106481481481481 0.10185185185185185 0.7083333333333334
3 0.32407407407407407 0.5555555555555556 0.32407407407407407 0.5439814814814815 0.32175925925925924 0.5393518518518519 0.3263888888888889 0.5277777777777778 0.3449074074074074 0.5277777777777778 0.3472222222222222 0.5300925925925926 0.35648148148148145 0.5300925925925926 0.3587962962962963 0.5277777777777778 0.40046296296296297 0.5277777777777778 0.4050925925925926 0.5324074074074074 0.4050925925925926 0.5439814814814815 0.4027777777777778 0.5462962962962963 0.4027777777777778 0.5555555555555556 0.40046296296296297 0.5578703703703703 0.3263888888888889 0.5555555555555556
3 0.125 0.30324074074074076 0.125 0.2962962962962963 0.12037037037037036 0.2847222222222222 0.12037037037037036 0.2708333333333333 0.11805555555555555 0.26851851851851855 0.11574074074074074 0.22685185185185186 0.11805555555555555 0.22453703703703703 0.13194444444444445 0.22453703703703703 0.1412037037037037 0.2199074074074074 0.16435185185185186 0.2199074074074074 0.16666666666666666 0.22453703703703703 0.16666666666666666 0.2361111111111111 0.16898148148148148 0.23842592592592593 0.16898148148148148 0.2638888888888889 0.1736111111111111 0.27546296296296297 0.1736111111111111 0.2986111111111111 0.16203703703703703 0.30092592592592593 0.1597222222222222 0.30324074074074076 0.13194444444444445 0.30324074074074076 0.12962962962962962 0.3055555555555556 0.12731481481481483 0.30324074074074076
3 0.8449074074074074 0.44675925925925924 0.8518518518518519 0.44675925925925924 0.8518518518518519 0.44907407407407407 0.8657407407407407 0.46064814814814814 0.8726851851851852 0.46296296296296297 0.8726851851851852 0.4675925925925926 0.8819444444444444 0.47453703703703703 0.8865740740740741 0.48148148148148145 0.8842592592592593 0.48148148148148145 0.8819444444444444 0.4861111111111111 0.8796296296296297 0.4861111111111111 0.8773148148148148 0.49074074074074076 0.875 0.49074074074074076 0.8726851851851852 0.49537037037037035 0.8680555555555556 0.4976851851851852 0.8657407407407407 0.5023148148148148 0.8634259259259259 0.5023148148148148 0.8611111111111112 0.5069444444444444 0.8587962962962963 0.5069444444444444 0.8564814814814815 0.5115740740740741 0.8541666666666666 0.5115740740740741 0.8333333333333334 0.5324074074074074 0.8333333333333334 0.5347222222222222 0.8217592592592593 0.5347222222222222 0.8217592592592593 0.5324074074074074 0.8171296296296297 0.5300925925925926 0.8171296296296297 0.5277777777777778 0.8125 0.5254629629629629 0.8125 0.5231481481481481 0.8078703703703703 0.5208333333333334 0.8078703703703703 0.5185185185185185 0.7916666666666666 0.5023148148148148 0.7962962962962963 0.49537037037037035 0.8032407407407407 0.49074074074074076 0.8055555555555556 0.4861111111111111 0.8101851851851852 0.4837962962962963 0.8125 0.4791666666666667 0.8148148148148148 0.4791666666666667 0.8171296296296297 0.47453703703703703 0.8194444444444444 0.47453703703703703 0.8217592592592593 0.4699074074074074 0.8240740740740741 0.4699074074074074 0.8263888888888888 0.4652777777777778 0.8287037037037037 0.4652777777777778 0.8356481481481481 0.45601851851851855 0.8402777777777778 0.4537037037037037 0.8402777777777778 0.4513888888888889 0.8449074074074074 0.44907407407407407