4 0.90768125 0.17292343749999997 0.90768125 0.21749218750000002 0.9534796875 0.217075 0.9533859375 0.1730625 0.90768125 0.17292343749999997
4 0.9125609374999999 0.706246875 0.9141874999999999 0.7521984375 0.960525 0.75341875 0.9593046875 0.7046203125 0.9125609374999999 0.706246875
4 0.8560609375 0.458296875 0.8556546875000001 0.5034359375 0.9028062499999999 0.5046546875 0.9031578125 0.45917187500000006 0.8560609375 0.458296875
4 0.737371875 0.5701265624999999 0.691034375 0.5701265624999999 0.691034375 0.616078125 0.737778125 0.6156718749999999 0.737371875 0.5701265624999999
4 0.691034375 0.301153125 0.6902203124999999 0.3475109375 0.7353390625 0.3475109375 0.7356875 0.3008015625 0.691034375 0.301153125
4 0.47736562499999996 0.177690625 0.47736562499999996 0.22101874999999999 0.522840625 0.22101874999999999 0.5217578125 0.17444062500000002 0.47736562499999996 0.177690625
4 0.04102499999999988 0.1701078125 0.039942187499999976 0.21451875 0.08216874999999983 0.21560312499999998 0.08433437500000004 0.167940625 0.04102499999999988 0.1701078125
4 0.03019843749999988 0.45932500000000004 0.02803281249999993 0.5069875 0.0735062499999999 0.505903125 0.07483125000000007 0.458490625 0.03019843749999988 0.45932500000000004
4 0.024784374999999942 0.695465625 0.0237015624999999 0.7442109375000001 0.0670109374999998 0.7442109375000001 0.06804218750000002 0.6970562499999999 0.024784374999999942 0.695465625
4 0.2088484374999999 0.6423890625 0.207765625 0.6857171875 0.2521578124999999 0.6857171875 0.2521578124999999 0.6423890625 0.2088484374999999 0.6423890625
4 0.2478265624999999 0.46365781250000004 0.2478265624999999 0.505903125 0.29113593749999994 0.5069875 0.2920609375 0.4623703125 0.2478265624999999 0.46365781250000004
4 0.47890937499999997 0.4656921875000001 0.4799359374999999 0.511890625 0.5240609374999999 0.5129171875 0.5238968749999999 0.464965625 0.47890937499999997 0.4656921875000001
3 0.5324074074074074 0.6018518518518519 0.5370370370370371 0.6018518518518519 0.5393518518518519 0.6041666666666666 0.5439814814814815 0.6134259259259259 0.5486111111111112 0.6157407407407407 0.5532407407407407 0.625 0.5532407407407407 0.6296296296296297 0.5578703703703703 0.6319444444444444 0.5648148148148148 0.6412037037037037 0.5601851851851852 0.6481481481481481 0.5555555555555556 0.6481481481481481 0.5532407407407407 0.6527777777777778 0.5486111111111112 0.6527777777777778 0.5416666666666666 0.6597222222222222 0.5347222222222222 0.6620370370370371 0.5300925925925926 0.6689814814814815 0.5231481481481481 0.6712962962962963 0.5208333333333334 0.6759259259259259 0.5138888888888888 0.6805555555555556 0.5092592592592593 0.6805555555555556 0.5069444444444444 0.6851851851851852 0.5 0.6851851851851852 0.4930555555555556 0.6805555555555556 0.4930555555555556 0.6759259259259259 0.4837962962962963 0.6666666666666666 0.4791666666666667 0.6550925925925926 0.47453703703703703 0.6527777777777778 0.47453703703703703 0.6458333333333334 0.4791666666666667 0.6412037037037037 0.4976851851851852 0.6296296296296297 0.5046296296296297 0.6203703703703703 0.5162037037037037 0.6157407407407407 0.5185185185185185 0.6111111111111112 0.5324074074074074 0.6041666666666666
3 0.23842592592592593 0.4212962962962963 0.08796296296296297 0.07175925925925926
3 0.6087962962962963 0.19444444444444445 0.6134259259259259 0.19444444444444445 0.6134259259259259 0.19675925925925927 0.6296296296296297 0.21064814814814814 0.6319444444444444 0.2175925925925926 0.6412037037037037 0.22685185185185186 0.6412037037037037 0.2337962962962963 0.6342592592592593 0.23842592592592593 0.6273148148148148 0.24768518518518517 0.6203703703703703 0.25 0.6064814814814815 0.2638888888888889 0.6041666666666666 0.2638888888888889 0.5972222222222222 0.27314814814814814 0.5833333333333334 0.2824074074074074 0.5740740740740741 0.27314814814814814 0.5740740740740741 0.2708333333333333 0.5671296296296297 0.2662037037037037 0.5625 0.2569444444444444 0.5578703703703703 0.25462962962962965 0.5509259259259259 0.24537037037037038 0.5578703703703703 0.2361111111111111 0.5671296296296297 0.23148148148148148 0.5810185185185185 0.2175925925925926 0.5833333333333334 0.2175925925925926 0.5856481481481481 0.21296296296296297 0.6087962962962963 0.19675925925925927
3 0.3472222222222222 0.26851851851851855 0.05092592592592592 0.08796296296296297
3 0.9120370370370371 0.48148148148148145 0.9189814814814815 0.48148148148148145 0.9282407407407407 0.4861111111111111 0.9398148148148148 0.4861111111111111 0.9398148148148148 0.5092592592592593 0.9375 0.5115740740740741 0.9375 0.5277777777777778 0.9351851851851852 0.5300925925925926 0.9328703703703703 0.5625 0.9305555555555556 0.5671296296296297 0.9120370370370371 0.5671296296296297 0.9004629629629629 0.5625 0.9027777777777778 0.5347222222222222 0.9074074074074074 0.5231481481481481 0.9074074074074074 0.4976851851851852 0.9097222222222222 0.49537037037037035 0.9097222222222222 0.4861111111111111 0.9120370370370371 0.4837962962962963
2 0.8611111111111112 0.27546296296296297 0.8703703703703703 0.2777777777777778 0.8726851851851852 0.2824074074074074 0.8773148148148148 0.2847222222222222 0.8773148148148148 0.28703703703703703 0.8819444444444444 0.28935185185185186 0.8819444444444444 0.2916666666666667 0.8865740740740741 0.29398148148148145 0.8935185185185185 0.30324074074074076 0.8958333333333334 0.30324074074074076 0.9050925925925926 0.31712962962962965 0.9097222222222222 0.3194444444444444 0.9097222222222222 0.32175925925925924 0.9143518518518519 0.32407407407407407 0.9143518518518519 0.3263888888888889 0.9328703703703703 0.3449074074074074 0.9305555555555556 0.3449074074074074 0.9282407407407407 0.34953703703703703 0.9212962962962963 0.34953703703703703 0.9212962962962963 0.3449074074074074 0.9120370370370371 0.33564814814814814 0.9097222222222222 0.33564814814814814 0.9074074074074074 0.3287037037037037 0.9027777777777778 0.3263888888888889 0.8935185185185185 0.3125 0.8842592592592593 0.3055555555555556 0.875 0.2916666666666667 0.8680555555555556 0.28703703703703703 0.8611111111111112 0.2777777777777778
2 0.4837962962962963 0.38657407407407407 0.48842592592592593 0.38425925925925924 0.4930555555555556 0.375 0.5046296296296297 0.36342592592592593 0.5069444444444444 0.36342592592592593 0.5069444444444444 0.3680555555555556 0.5023148148148148 0.3726851851851852 0.5 0.37962962962962965 0.48842592592592593 0.3912037037037037 0.4861111111111111 0.39814814814814814 0.47685185185185186 0.4050925925925926 0.4675925925925926 0.4212962962962963 0.46296296296296297 0.4236111111111111 0.46064814814814814 0.4305555555555556 0.4537037037037037 0.4375 0.4537037037037037 0.44212962962962965 0.44675925925925924 0.44212962962962965 0.4444444444444444 0.4375 0.44675925925925924 0.43287037037037035 0.45601851851851855 0.42592592592592593 0.4837962962962963 0.3888888888888889
2 0.7569444444444444 0.6157407407407407 0.7615740740740741 0.6226851851851852 0.7615740740740741 0.6273148148148148 0.7592592592592593 0.6296296296296297 0.7546296296296297 0.6296296296296297 0.7523148148148148 0.6226851851851852 0.7430555555555556 0.6111111111111112 0.7430555555555556 0.6064814814814815 0.7291666666666666 0.5879629629629629 0.7291666666666666 0.5833333333333334 0.7106481481481481 0.5555555555555556 0.7060185185185185 0.5439814814814815 0.7106481481481481 0.5439814814814815 0.7152777777777778 0.5486111111111112 0.7245370370370371 0.5671296296296297 0.7314814814814815 0.5740740740740741 0.7361111111111112 0.5856481481481481 0.7523148148148148 0.6087962962962963 0.7523148148148148 0.6134259259259259 0.7546296296296297 0.6157407407407407
2 0.18518518518518517 0.5115740740740741 0.19444444444444445 0.5069444444444444 0.19444444444444445 0.5162037037037037 0.2013888888888889 0.5254629629629629 0.2013888888888889 0.5324074074074074 0.20833333333333334 0.5439814814814815 0.20833333333333334 0.5486111111111112 0.21296296296296297 0.5532407407407407 0.21296296296296297 0.5601851851851852 0.2175925925925926 0.5671296296296297 0.2222222222222222 0.5833333333333334 0.22685185185185186 0.5879629629629629 0.22685185185185186 0.5995370370370371 0.22453703703703703 0.5995370370370371 0.2013888888888889 0.5509259259259259 0.2013888888888889 0.5439814814814815 0.19212962962962962 0.5277777777777778 0.19212962962962962 0.5231481481481481 0.1875 0.5138888888888888
2 0.09027777777777778 0.2175925925925926 0.09722222222222222 0.2175925925925926 0.09722222222222222 0.22453703703703703 0.10185185185185185 0.2337962962962963 0.10185185185185185 0.24537037037037038 0.10648148148148148 0.25462962962962965 0.10648148148148148 0.2638888888888889 0.1111111111111111 0.2708333333333333 0.1111111111111111 0.2824074074074074 0.11574074074074074 0.28935185185185186 0.11574074074074074 0.30092592592592593 0.11805555555555555 0.30324074074074076 0.11805555555555555 0.3125 0.11342592592592593 0.3101851851851852 0.11342592592592593 0.3055555555555556 0.1087962962962963 0.2962962962962963 0.1087962962962963 0.28935185185185186 0.10416666666666667 0.2800925925925926 0.10416666666666667 0.2708333333333333 0.09953703703703703 0.2638888888888889 0.09953703703703703 0.2569444444444444 0.09490740740740741 0.24768518518518517 0.09490740740740741 0.23842592592592593 0.09027777777777778 0.23148148148148148 0.09027777777777778 0.2199074074074074
5 0.4027777777777778 0.6851851851851852 0.4097222222222222 0.6898148148148148 0.4097222222222222 0.7037037037037037 0.40046296296296297 0.7106481481481481 0.3958333333333333 0.7106481481481481 0.3888888888888889 0.7037037037037037 0.3888888888888889 0.6921296296296297 0.39351851851851855 0.6875 0.40046296296296297 0.6851851851851852
5 0.13425925925925927 0.5995370370370371 0.14583333333333334 0.6041666666666666 0.14583333333333334 0.6180555555555556 0.1412037037037037 0.6226851851851852 0.12962962962962962 0.6226851851851852 0.12962962962962962 0.6203703703703703 0.125 0.6180555555555556 0.125 0.6064814814814815 0.13194444444444445 0.6018518518518519
5 0.54375 0.3671875 0.54375 0.3734375 0.5443703125 0.37886875000000003 0.5460703125 0.3809093750000001 0.55083125 0.38329062500000005 0.559375 0.384375 0.5640624999999999 0.38125 0.5656249999999999 0.36875 0.5609375 0.36250000000000004 0.5499999999999999 0.3609375 0.5484374999999999 0.3609375 0.54375 0.3671875
5 0.8287037037037037 0.3472222222222222 0.8356481481481481 0.35648148148148145 0.8356481481481481 0.3611111111111111 0.8310185185185185 0.3680555555555556 0.8171296296296297 0.3680555555555556 0.8125 0.3611111111111111 0.8148148148148148 0.35185185185185186 0.8194444444444444 0.3472222222222222 0.8263888888888888 0.3472222222222222
5 0.6515625 0.675 0.6487937500000001 0.679865625 0.6477187499999999 0.6857781250000001 0.6484375 0.690625 0.6499999999999999 0.6953125 0.6578124999999999 0.7 0.66875 0.6984375 0.675 0.6890625 0.675 0.6828125 0.6703125 0.675 0.6656249999999999 0.671875 0.6578124999999999 0.671875 0.65625 0.671875 0.6515625 0.675
1 0.8055555555555556 0.7222222222222222 0.8194444444444444 0.7314814814814815 0.8194444444444444 0.7384259259259259 0.8125 0.7476851851851852 0.8125 0.7546296296296297 0.8101851851851852 0.7569444444444444 0.8125 0.7592592592592593 0.8125 0.7638888888888888 0.8171296296296297 0.7685185185185185 0.8287037037037037 0.7708333333333334 0.8402777777777778 0.7592592592592593 0.8402777777777778 0.7569444444444444 0.8472222222222222 0.7523148148148148 0.8518518518518519 0.7523148148148148 0.8657407407407407 0.7615740740740741 0.8657407407407407 0.7638888888888888 0.8587962962962963 0.7638888888888888 0.8541666666666666 0.7592592592592593 0.8495370370370371 0.7592592592592593 0.8425925925925926 0.7708333333333334 0.8356481481481481 0.7754629629629629 0.8333333333333334 0.7731481481481481 0.8125 0.7731481481481481 0.8009259259259259 0.7638888888888888 0.8009259259259259 0.75 0.8101851851851852 0.7361111111111112 0.7986111111111112 0.7245370370370371 0.7962962962962963 0.7245370370370371 0.7939814814814815 0.7175925925925926 0.7986111111111112 0.7175925925925926 0.8032407407407407 0.7222222222222222
1 0.38749999999999996 0.446875 0.3843749999999999 0.4609375 0.37812499999999993 0.46718750000000003 0.3765624999999999 0.47500000000000003 0.37187499999999996 0.48281250000000003 0.37187499999999996 0.5062500000000001 0.3687499999999999 0.5140625000000001 0.37031249999999993 0.51875 0.37812499999999993 0.5234375 0.38593749999999993 0.5218750000000001 0.390625 0.5171875 0.3921874999999999 0.509375 0.395765625 0.50235 0.394846875 0.49546093750000003 0.394846875 0.4862734375 0.3971421875 0.48030312500000005 0.40035624999999997 0.4724953125 0.404946875 0.4665234375 0.409375 0.45 0.40625 0.44375000000000003 0.3999999999999999 0.44062500000000004 0.39374999999999993 0.4421875 0.3921874999999999 0.4421875 0.38749999999999996 0.446875
1 0.17592592592592593 0.7222222222222222 0.18518518518518517 0.7314814814814815 0.18518518518518517 0.7361111111111112 0.19212962962962962 0.7430555555555556 0.2037037037037037 0.7407407407407407 0.20833333333333334 0.7361111111111112 0.21064814814814814 0.7384259259259259 0.20601851851851852 0.7430555555555556 0.19675925925925927 0.7476851851851852 0.19212962962962962 0.7476851851851852 0.18287037037037038 0.7546296296296297 0.16666666666666666 0.7337962962962963 0.1550925925925926 0.7314814814814815 0.15046296296296297 0.7361111111111112 0.15046296296296297 0.7453703703703703 0.1527777777777778 0.7476851851851852 0.1550925925925926 0.7592592592592593 0.15046296296296297 0.7685185185185185 0.1412037037037037 0.7754629629629629 0.13194444444444445 0.7754629629629629 0.13194444444444445 0.7708333333333334 0.1412037037037037 0.7638888888888888 0.1388888888888889 0.7407407407407407 0.1412037037037037 0.7407407407407407 0.1527777777777778 0.7268518518518519 0.16203703703703703 0.7222222222222222 0.1736111111111111 0.7222222222222222
1 0.7484375 0.1875 0.746875 0.1921875 0.7515625 0.1984375 0.7566203125 0.20161874999999999 0.75733125 0.203040625 0.7576859375 0.20375312500000003 0.7598203124999999 0.20482031250000002 0.76444375 0.20553281250000002 0.7703125 0.20468750000000002 0.7765625 0.2015625 0.7808046875000001 0.19699218750000003 0.7879171875 0.193790625 0.796453125 0.1952140625 0.8010765624999999 0.20054999999999998 0.8017875000000001 0.21158125 0.7985875 0.2197640625 0.7918296875 0.2311515625 0.7939640625000001 0.23292968750000004 0.800009375 0.23933437500000002 0.8039218749999999 0.2436046875 0.8078125 0.2484375 0.8078125 0.24375000000000002 0.8015625 0.234375 0.8015625 0.2265625 0.8109375 0.209375 0.8109375 0.1984375 0.8078125 0.1921875 0.8 0.1859375 0.7859375 0.1859375 0.7671875 0.1984375 0.753125 0.1859375 0.7515625 0.1859375 0.7484375 0.1875
1 0.25607656249999994 0.23600937500000002 0.25607656249999994 0.2278609375 0.250221875 0.222259375 0.24182187499999994 0.22124062500000002 0.23494999999999988 0.2248046875 0.23164062499999993 0.2278609375 0.23138750000000005 0.2306625 0.22654999999999997 0.231934375 0.22298749999999987 0.2298984375 0.21713281249999988 0.23015312500000001 0.21229687499999997 0.23269843750000002 0.21026093749999997 0.23524531250000003 0.2069515625 0.23830156250000004 0.20084375 0.2426296875 0.19804375000000007 0.24925 0.19804375000000007 0.25256093749999997 0.19829843749999984 0.25612656250000004 0.20007968749999994 0.25994531249999997 0.19957031250000004 0.26325624999999997 0.19447968749999997 0.26732968749999997 0.19117187500000002 0.2714046875 0.19066249999999998 0.27649687500000003 0.19117187500000002 0.282353125 0.19447968749999997 0.286428125 0.2033890624999999 0.287446875 0.20873437499999986 0.2866828125 0.2133156249999999 0.2828625 0.2153515624999999 0.277515625 0.218915625 0.2734421875 0.21993281249999994 0.27115 0.2166234375 0.2688578125 0.21586093749999993 0.26172812500000003 0.21764218749999992 0.258671875 0.22222343749999995 0.2540890625 0.22578749999999992 0.249759375 0.23036874999999998 0.246959375 0.23469531249999986 0.24594062500000002 0.24029531249999997 0.2456859375 0.24538593750000004 0.2467046875 0.24971249999999992 0.24644999999999997 0.24767656249999992 0.2461953125 0.25607656249999994 0.23600937500000002
0 0.8402777777777778 0.5 0.8425925925925926 0.5023148148148148 0.8472222222222222 0.5 0.8495370370370371 0.5046296296296297 0.8449074074074074 0.5 0.8425925925925926 0.5023148148148148 0.8449074074074074 0.5069444444444444 0.8356481481481481 0.5185185185185185 0.8356481481481481 0.5115740740740741 0.8379629629629629 0.5115740740740741 0.8425925925925926 0.5046296296296297 0.8402777777777778 0.5023148148148148
0 0.7060185185185185 0.39351851851851855 0.7106481481481481 0.39814814814814814 0.7129629629629629 0.3958333333333333 0.7129629629629629 0.39814814814814814 0.7060185185185185 0.3958333333333333 0.7037037037037037 0.39814814814814814 0.7060185185185185 0.40046296296296297 0.7037037037037037 0.4027777777777778 0.6990740740740741 0.4027777777777778 0.7037037037037037 0.4027777777777778 0.7060185185185185 0.40046296296296297 0.7013888888888888 0.3958333333333333 0.7037037037037037 0.39814814814814814 0.7060185185185185 0.3958333333333333
0 0.7291666666666666 0.7245370370370371 0.7314814814814815 0.7268518518518519 0.7291666666666666 0.7337962962962963 0.7268518518518519 0.7291666666666666 0.7199074074074074 0.7384259259259259 0.7268518518518519 0.7430555555555556 0.7291666666666666 0.7407407407407407 0.7268518518518519 0.7430555555555556 0.7199074074074074 0.7407407407407407 0.7199074074074074 0.7361111111111112 0.7245370370370371 0.7337962962962963 0.7268518518518519 0.7268518518518519
0 0.11342592592592593 0.6782407407407407 0.11574074074074074 0.6782407407407407 0.1111111111111111 0.6759259259259259 0.10648148148148148 0.6643518518518519 0.1111111111111111 0.6597222222222222 0.11574074074074074 0.6597222222222222 0.11574074074074074 0.6736111111111112 0.11574074074074074 0.6620370370370371 0.1111111111111111 0.6597222222222222 0.10648148148148148 0.6643518518518519 0.1111111111111111 0.6759259259259259
0 0.4166666666666667 0.23148148148148148 0.41435185185185186 0.2361111111111111 0.41898148148148145 0.24074074074074073 0.4212962962962963 0.2361111111111111 0.41898148148148145 0.24074074074074073 0.41435185185185186 0.2361111111111111 0.41435185185185186 0.23148148148148148