4 0.90768125 0.8270765625000001 0.9533859375 0.8269374999999999 0.9534796875 0.7829250000000001 0.90768125 0.7825078124999999 0.90768125 0.8270765625000001
4 0.9125609374999999 0.29375312499999995 0.9593046875 0.29537968749999993 0.960525 0.24658125 0.9141874999999999 0.2478015625 0.9125609374999999 0.29375312499999995
4 0.8560609375 0.541703125 0.9031578125 0.540828125 0.9028062499999999 0.49534531249999997 0.8556546875000001 0.49656406249999996 0.8560609375 0.541703125
4 0.737371875 0.4298734375 0.737778125 0.3843281250000001 0.691034375 0.38392187499999997 0.691034375 0.4298734375 0.737371875 0.4298734375
4 0.691034375 0.698846875 0.7356875 0.6991984375 0.7353390625 0.6524890624999999 0.6902203124999999 0.6524890624999999 0.691034375 0.698846875
4 0.47736562499999996 0.8223093750000001 0.5217578125 0.8255593750000001 0.522840625 0.7789812500000001 0.47736562499999996 0.7789812500000001 0.47736562499999996 0.8223093750000001
4 0.04102499999999988 0.8298921874999999 0.08433437500000004 0.832059375 0.08216874999999983 0.7843968750000001 0.039942187499999976 0.78548125 0.04102499999999988 0.8298921874999999
4 0.03019843749999988 0.540675 0.07483125000000007 0.541509375 0.0735062499999999 0.494096875 0.02803281249999993 0.49301249999999996 0.03019843749999988 0.540675
4 0.024784374999999942 0.304534375 0.06804218750000002 0.30294375000000007 0.0670109374999998 0.2557890624999999 0.0237015624999999 0.2557890624999999 0.024784374999999942 0.304534375
4 0.2088484374999999 0.3576109374999999 0.2521578124999999 0.3576109374999999 0.2521578124999999 0.3142828125 0.207765625 0.3142828125 0.2088484374999999 0.3576109374999999
4 0.2478265624999999 0.5363421875 0.2920609375 0.5376296875 0.29113593749999994 0.49301249999999996 0.2478265624999999 0.494096875 0.2478265624999999 0.5363421875
4 0.47890937499999997 0.5343078124999999 0.5238968749999999 0.535034375 0.5240609374999999 0.48708281249999996 0.4799359374999999 0.488109375 0.47890937499999997 0.5343078124999999
2 0.13657407407407407 0.49074074074074076 0.011574074074074073 0.10185185185185185
2 0.24074074074074073 0.6736111111111112 0.037037037037037035 0.09490740740740741
2 0.5138888888888888 0.6921296296296297 0.5046296296296297 0.6736111111111112 0.5046296296296297 0.6666666666666666 0.4930555555555556 0.6458333333333334 0.4930555555555556 0.6388888888888888 0.4837962962962963 0.6226851851851852 0.4837962962962963 0.6157407407407407 0.4791666666666667 0.6087962962962963 0.4791666666666667 0.5995370370370371 0.4861111111111111 0.5995370370370371 0.4861111111111111 0.6041666666666666 0.49074074074074076 0.6134259259259259 0.49074074074074076 0.6203703703703703 0.5023148148148148 0.6435185185185185 0.5023148148148148 0.6504629629629629 0.5069444444444444 0.6574074074074074 0.5115740740740741 0.6759259259259259 0.5162037037037037 0.6805555555555556 0.5162037037037037 0.6921296296296297
2 0.33796296296296297 0.38657407407407407 0.027777777777777776 0.09953703703703703
2 0.6157407407407407 0.5578703703703703 0.6180555555555556 0.5625 0.6226851851851852 0.5625 0.6412037037037037 0.5717592592592593 0.6527777777777778 0.5810185185185185 0.6574074074074074 0.5810185185185185 0.6620370370370371 0.5856481481481481 0.6828703703703703 0.5949074074074074 0.6875 0.5995370370370371 0.6944444444444444 0.5995370370370371 0.6944444444444444 0.6064814814814815 0.6875 0.6064814814814815 0.6851851851851852 0.6018518518518519 0.6805555555555556 0.6018518518518519 0.6759259259259259 0.5972222222222222 0.6712962962962963 0.5972222222222222 0.6666666666666666 0.5925925925925926 0.6620370370370371 0.5925925925925926 0.6504629629629629 0.5833333333333334 0.6458333333333334 0.5833333333333334 0.6412037037037037 0.5787037037037037 0.6203703703703703 0.5694444444444444 0.6064814814814815 0.5578703703703703 0.6064814814814815 0.5555555555555556 0.6111111111111112 0.5555555555555556 0.6134259259259259 0.5578703703703703
2 0.4861111111111111 0.2708333333333333 0.4837962962962963 0.26157407407407407 0.4791666666666667 0.25925925925925924 0.4791666666666667 0.25462962962962965 0.4837962962962963 0.25 0.48842592592592593 0.25 0.48842592592592593 0.2638888888888889 0.49074074074074076 0.2662037037037037 0.48842592592592593 0.2638888888888889 0.48842592592592593 0.2523148148148148 0.4861111111111111 0.25 0.4791666666666667 0.25462962962962965 0.4861111111111111 0.26851851851851855
2 0.9166666666666666 0.7060185185185185 0.9189814814814815 0.7083333333333334 0.9097222222222222 0.7152777777777778 0.9050925925925926 0.7222222222222222 0.9050925925925926 0.7268518518518519 0.9004629629629629 0.7291666666666666 0.8773148148148148 0.7662037037037037 0.8726851851851852 0.7685185185185185 0.8611111111111112 0.7847222222222222 0.8564814814814815 0.7847222222222222 0.8564814814814815 0.7800925925925926 0.8634259259259259 0.7685185185185185 0.8680555555555556 0.7662037037037037 0.8703703703703703 0.7592592592592593 0.8773148148148148 0.7523148148148148 0.8796296296296297 0.7453703703703703 0.8912037037037037 0.7314814814814815 0.8935185185185185 0.7245370370370371 0.8981481481481481 0.7222222222222222 0.9004629629629629 0.7152777777777778 0.9074074074074074 0.7083333333333334 0.9074074074074074 0.7037037037037037 0.9120370370370371 0.7037037037037037 0.9143518518518519 0.7060185185185185
2 0.9212962962962963 0.37962962962962965 0.9236111111111112 0.38657407407407407 0.9166666666666666 0.38657407407407407 0.8958333333333334 0.3958333333333333 0.8888888888888888 0.3958333333333333 0.8703703703703703 0.4050925925925926 0.8634259259259259 0.4050925925925926 0.8564814814814815 0.4097222222222222 0.8495370370370371 0.4097222222222222 0.8287037037037037 0.41898148148148145 0.8263888888888888 0.41898148148148145 0.8263888888888888 0.4166666666666667 0.8310185185185185 0.41203703703703703 0.8379629629629629 0.41203703703703703 0.8680555555555556 0.39814814814814814 0.875 0.39814814814814814 0.8819444444444444 0.39351851851851855 0.8888888888888888 0.39351851851851855 0.8935185185185185 0.3888888888888889 0.9004629629629629 0.3888888888888889 0.9189814814814815 0.37962962962962965
2 0.7685185185185185 0.3194444444444444 0.7685185185185185 0.3148148148148148 0.7638888888888888 0.30787037037037035 0.7615740740740741 0.29398148148148145 0.7592592592592593 0.2916666666666667 0.7592592592592593 0.2824074074074074 0.7546296296296297 0.27546296296296297 0.7546296296296297 0.2662037037037037 0.75 0.2569444444444444 0.75 0.25 0.7430555555555556 0.2361111111111111 0.7430555555555556 0.22916666666666666 0.7407407407407407 0.22685185185185186 0.7430555555555556 0.2222222222222222 0.7476851851851852 0.2222222222222222 0.75 0.22453703703703703 0.7523148148148148 0.24305555555555555 0.7569444444444444 0.2523148148148148 0.7569444444444444 0.26157407407407407 0.7615740740740741 0.26851851851851855 0.7615740740740741 0.2777777777777778 0.7708333333333334 0.30324074074074076 0.7708333333333334 0.3148148148148148 0.7731481481481481 0.31712962962962965 0.7731481481481481 0.3194444444444444 0.7708333333333334 0.3194444444444444