4 0.09231875 0.8270765625000001 0.09231875 0.7825078124999999 0.0465203125 0.7829250000000001 0.0466140625 0.8269374999999999 0.09231875 0.8270765625000001
4 0.08743906250000001 0.29375312499999995 0.08581250000000001 0.2478015625 0.039475 0.24658125 0.04069531250000001 0.29537968749999993 0.08743906250000001 0.29375312499999995
4 0.1439390625 0.541703125 0.14434531250000002 0.49656406249999996 0.09719375000000001 0.49534531249999997 0.0968421875 0.540828125 0.1439390625 0.541703125
4 0.26262812500000005 0.4298734375 0.308965625 0.4298734375 0.308965625 0.38392187499999997 0.26222187500000005 0.3843281250000001 0.26262812500000005 0.4298734375
4 0.308965625 0.698846875 0.3097796875 0.6524890624999999 0.2646609375 0.6524890624999999 0.2643125 0.6991984375 0.308965625 0.698846875
4 0.522634375 0.8223093750000001 0.522634375 0.7789812500000001 0.47715937500000005 0.7789812500000001 0.4782421875 0.8255593750000001 0.522634375 0.8223093750000001
4 0.9589750000000001 0.8298921874999999 0.9600578125 0.78548125 0.9178312500000002 0.7843968750000001 0.9156656249999999 0.832059375 0.9589750000000001 0.8298921874999999
4 0.9698015625000002 0.540675 0.9719671875000001 0.49301249999999996 0.9264937500000001 0.494096875 0.92516875 0.541509375 0.9698015625000002 0.540675
4 0.975215625 0.304534375 0.9762984375000001 0.2557890624999999 0.9329890625000002 0.2557890624999999 0.9319578125 0.30294375000000007 0.975215625 0.304534375
4 0.7911515625000001 0.3576109374999999 0.792234375 0.3142828125 0.7478421875000001 0.3142828125 0.7478421875000001 0.3576109374999999 0.7911515625000001 0.3576109374999999
4 0.7521734375000001 0.5363421875 0.7521734375000001 0.494096875 0.7088640625000001 0.49301249999999996 0.7079390625 0.5376296875 0.7521734375000001 0.5363421875
4 0.521090625 0.5343078124999999 0.5200640625 0.488109375 0.47593906250000007 0.48708281249999996 0.47610312500000007 0.535034375 0.521090625 0.5343078124999999
3 0.567590625 0.6917375 0.5984375000000001 0.703125 0.6057265625 0.6893234375 0.61151875 0.6815968749999999 0.6139328125 0.669525 0.6188843750000002 0.6570484375 0.587940625 0.64226875 0.5453859375000001 0.6255796875 0.541040625 0.639584375 0.5338 0.6473109375 0.5318687500000001 0.6588999999999999 0.524628125 0.6743531250000001 0.567590625 0.6917375
2 0.6464500000000001 0.608740625 0.6601703125 0.616434375 0.6747234375 0.6249625 0.6898984375 0.6336968749999999 0.7017484375000002 0.6403515624999999 0.7104796875 0.6467984375 0.7123515625000001 0.65158125 0.7185875000000002 0.6482546874999999 0.72004375 0.6411828125 0.7131828125 0.64014375 0.6890671875000001 0.626625 0.6790890625000001 0.6205937499999999 0.6672390625 0.6135234375 0.6599624999999999 0.6091562500000001 0.6470734375 0.60229375 0.6387578125 0.5964703124999999 0.6323125000000002 0.5968859375000001 0.6335609375 0.6006296874999999 0.6464500000000001 0.608740625