4 0.90768125 0.17292343749999997 0.90768125 0.21749218750000002 0.9534796875 0.217075 0.9533859375 0.1730625 0.90768125 0.17292343749999997
4 0.9125609374999999 0.706246875 0.9141874999999999 0.7521984375 0.960525 0.75341875 0.9593046875 0.7046203125 0.9125609374999999 0.706246875
4 0.8560609375 0.458296875 0.8556546875000001 0.5034359375 0.9028062499999999 0.5046546875 0.9031578125 0.45917187500000006 0.8560609375 0.458296875
4 0.737371875 0.5701265624999999 0.691034375 0.5701265624999999 0.691034375 0.616078125 0.737778125 0.6156718749999999 0.737371875 0.5701265624999999
4 0.691034375 0.301153125 0.6902203124999999 0.3475109375 0.7353390625 0.3475109375 0.7356875 0.3008015625 0.691034375 0.301153125
4 0.47736562499999996 0.177690625 0.47736562499999996 0.22101874999999999 0.522840625 0.22101874999999999 0.5217578125 0.17444062500000002 0.47736562499999996 0.177690625
4 0.04102499999999988 0.1701078125 0.039942187499999976 0.21451875 0.08216874999999983 0.21560312499999998 0.08433437500000004 0.167940625 0.04102499999999988 0.1701078125
4 0.03019843749999988 0.45932500000000004 0.02803281249999993 0.5069875 0.0735062499999999 0.505903125 0.07483125000000007 0.458490625 0.03019843749999988 0.45932500000000004
4 0.024784374999999942 0.695465625 0.0237015624999999 0.7442109375000001 0.0670109374999998 0.7442109375000001 0.06804218750000002 0.6970562499999999 0.024784374999999942 0.695465625
4 0.2088484374999999 0.6423890625 0.207765625 0.6857171875 0.2521578124999999 0.6857171875 0.2521578124999999 0.6423890625 0.2088484374999999 0.6423890625
4 0.2478265624999999 0.46365781250000004 0.2478265624999999 0.505903125 0.29113593749999994 0.5069875 0.2920609375 0.4623703125 0.2478265624999999 0.46365781250000004
4 0.47890937499999997 0.4656921875000001 0.4799359374999999 0.511890625 0.5240609374999999 0.5129171875 0.5238968749999999 0.464965625 0.47890937499999997 0.4656921875000001
5 0.9004629629629629 0.7083333333333334 0.9050925925925926 0.7129629629629629 0.9050925925925926 0.7199074074074074 0.9004629629629629 0.7291666666666666 0.8865740740740741 0.7291666666666666 0.8796296296296297 0.7199074074074074 0.8796296296296297 0.7152777777777778 0.8842592592592593 0.7083333333333334 0.8888888888888888 0.7060185185185185 0.8958333333333334 0.7060185185185185 0.8981481481481481 0.7083333333333334
5 0.8194444444444444 0.4791666666666667 0.8217592592592593 0.49074074074074076 0.8194444444444444 0.4930555555555556 0.8194444444444444 0.4976851851851852 0.8148148148148148 0.4976851851851852 0.8125 0.5 0.8009259259259259 0.4976851851851852 0.7986111111111112 0.4930555555555556 0.7986111111111112 0.48148148148148145 0.8032407407407407 0.47685185185185186 0.8148148148148148 0.47685185185185186 0.8171296296296297 0.4791666666666667
5 0.8912037037037037 0.2222222222222222 0.8912037037037037 0.22453703703703703 0.8958333333333334 0.22685185185185186 0.8958333333333334 0.2361111111111111 0.8888888888888888 0.24305555555555555 0.8773148148148148 0.24305555555555555 0.8726851851851852 0.2361111111111111 0.8726851851851852 0.22685185185185186 0.8773148148148148 0.2222222222222222 0.8888888888888888 0.2222222222222222
5 0.6736111111111112 0.32407407407407407 0.6782407407407407 0.3287037037037037 0.6782407407407407 0.3425925925925926 0.6689814814814815 0.3472222222222222 0.6597222222222222 0.3449074074074074 0.6550925925925926 0.33796296296296297 0.6550925925925926 0.3333333333333333 0.6620370370370371 0.32407407407407407 0.6666666666666666 0.32175925925925924 0.6712962962962963 0.32407407407407407
5 0.47453703703703703 0.23148148148148148 0.48842592592592593 0.23148148148148148 0.4930555555555556 0.23842592592592593 0.49074074074074076 0.24768518518518517 0.4861111111111111 0.2523148148148148 0.4791666666666667 0.2523148148148148 0.4699074074074074 0.24537037037037038 0.4699074074074074 0.23842592592592593 0.47453703703703703 0.2337962962962963
5 0.4583333333333333 0.5 0.46296296296296297 0.5046296296296297 0.46296296296296297 0.5162037037037037 0.4583333333333333 0.5231481481481481 0.44675925925925924 0.5231481481481481 0.44212962962962965 0.5162037037037037 0.44212962962962965 0.5069444444444444 0.44907407407407407 0.5 0.45601851851851855 0.5
5 0.2569444444444444 0.6203703703703703 0.25925925925925924 0.6319444444444444 0.2569444444444444 0.6342592592592593 0.2569444444444444 0.6388888888888888 0.2523148148148148 0.6412037037037037 0.24305555555555555 0.6412037037037037 0.23842592592592593 0.6388888888888888 0.23842592592592593 0.625 0.24305555555555555 0.6203703703703703 0.25462962962962965 0.6203703703703703
5 0.06481481481481481 0.6412037037037037 0.07407407407407407 0.6504629629629629 0.07407407407407407 0.6574074074074074 0.06018518518518518 0.6666666666666666 0.04861111111111111 0.6597222222222222 0.046296296296296294 0.6504629629629629 0.05092592592592592 0.6435185185185185 0.0625 0.6412037037037037
5 0.06481481481481481 0.4236111111111111 0.07175925925925926 0.4305555555555556 0.07175925925925926 0.44212962962962965 0.06481481481481481 0.44675925925925924 0.05324074074074074 0.44675925925925924 0.04861111111111111 0.4398148148148148 0.05092592592592592 0.42824074074074076 0.0625 0.4236111111111111
5 0.2708333333333333 0.43287037037037035 0.27546296296296297 0.44212962962962965 0.2708333333333333 0.4513888888888889 0.2662037037037037 0.4537037037037037 0.25462962962962965 0.4513888888888889 0.25 0.44675925925925924 0.25 0.4375 0.25925925925925924 0.4305555555555556 0.2662037037037037 0.4305555555555556 0.26851851851851855 0.43287037037037035
5 0.09490740740740741 0.18287037037037038 0.10185185185185185 0.18055555555555555 0.1111111111111111 0.18518518518518517 0.1111111111111111 0.2013888888888889 0.10648148148148148 0.2037037037037037 0.09490740740740741 0.2037037037037037 0.09490740740740741 0.19907407407407407 0.09259259259259259 0.19675925925925927 0.09259259259259259 0.1875 0.09490740740740741 0.18518518518518517
5 0.6666666666666666 0.6041666666666666 0.6689814814814815 0.6064814814814815 0.6736111111111112 0.6064814814814815 0.6736111111111112 0.6111111111111112 0.6759259259259259 0.6134259259259259 0.6736111111111112 0.625 0.6666666666666666 0.6296296296296297 0.6620370370370371 0.6296296296296297 0.6527777777777778 0.6226851851851852 0.6527777777777778 0.6111111111111112 0.6574074074074074 0.6064814814814815 0.6643518518518519 0.6041666666666666