4 0.09231875 0.21749218750000002 0.09231875 0.17292343749999997 0.0466140625 0.1730625 0.0465203125 0.217075 0.09231875 0.21749218750000002
4 0.08581250000000001 0.7521984375 0.08743906250000001 0.706246875 0.04069531250000001 0.7046203125 0.039475 0.75341875 0.08581250000000001 0.7521984375
4 0.14434531250000002 0.5034359375 0.1439390625 0.458296875 0.0968421875 0.45917187500000006 0.09719375000000001 0.5046546875 0.14434531250000002 0.5034359375
4 0.308965625 0.5701265624999999 0.26262812500000005 0.5701265624999999 0.26222187500000005 0.6156718749999999 0.308965625 0.616078125 0.308965625 0.5701265624999999
4 0.3097796875 0.3475109375 0.308965625 0.301153125 0.2643125 0.3008015625 0.2646609375 0.3475109375 0.3097796875 0.3475109375
4 0.522634375 0.22101874999999999 0.522634375 0.177690625 0.4782421875 0.17444062500000002 0.47715937500000005 0.22101874999999999 0.522634375 0.22101874999999999
4 0.9600578125 0.21451875 0.9589750000000001 0.1701078125 0.9156656249999999 0.167940625 0.9178312500000002 0.21560312499999998 0.9600578125 0.21451875
4 0.9719671875000001 0.5069875 0.9698015625000002 0.45932500000000004 0.92516875 0.458490625 0.9264937500000001 0.505903125 0.9719671875000001 0.5069875
4 0.9762984375000001 0.7442109375000001 0.975215625 0.695465625 0.9319578125 0.6970562499999999 0.9329890625000002 0.7442109375000001 0.9762984375000001 0.7442109375000001
4 0.792234375 0.6857171875 0.7911515625000001 0.6423890625 0.7478421875000001 0.6423890625 0.7478421875000001 0.6857171875 0.792234375 0.6857171875
4 0.7521734375000001 0.505903125 0.7521734375000001 0.46365781250000004 0.7079390625 0.4623703125 0.7088640625000001 0.5069875 0.7521734375000001 0.505903125
4 0.5200640625 0.511890625 0.521090625 0.4656921875000001 0.47610312500000007 0.464965625 0.47593906250000007 0.5129171875 0.5200640625 0.511890625
3 0.28935185185185186 0.26157407407407407 0.3125 0.26157407407407407 0.3148148148148148 0.2638888888888889 0.32407407407407407 0.2638888888888889 0.3263888888888889 0.2662037037037037 0.3472222222222222 0.2662037037037037 0.34953703703703703 0.26851851851851855 0.3587962962962963 0.26851851851851855 0.3680555555555556 0.27314814814814814 0.3680555555555556 0.2777777777777778 0.36574074074074076 0.2800925925925926 0.36574074074074076 0.28935185185185186 0.3680555555555556 0.29398148148148145 0.36574074074074076 0.2962962962962963 0.3402777777777778 0.2962962962962963 0.3287037037037037 0.2916666666666667 0.3055555555555556 0.2916666666666667 0.30324074074074076 0.28935185185185186 0.2916666666666667 0.28935185185185186 0.28935185185185186 0.28703703703703703 0.2847222222222222 0.28703703703703703 0.2847222222222222 0.2800925925925926 0.28703703703703703 0.2777777777777778 0.2847222222222222 0.27546296296296297 0.2847222222222222 0.26851851851851855 0.28703703703703703 0.26851851851851855 0.28935185185185186 0.2638888888888889
3 0.20601851851851852 0.3912037037037037 0.20601851851851852 0.39351851851851855 0.21064814814814814 0.3958333333333333 0.2199074074074074 0.4050925925925926 0.2199074074074074 0.4074074074074074 0.22453703703703703 0.4097222222222222 0.22453703703703703 0.41203703703703703 0.22916666666666666 0.41435185185185186 0.22916666666666666 0.4166666666666667 0.2337962962962963 0.41898148148148145 0.2337962962962963 0.4212962962962963 0.23842592592592593 0.4236111111111111 0.24537037037037038 0.43287037037037035 0.24768518518518517 0.43287037037037035 0.25 0.4375 0.2523148148148148 0.4375 0.2523148148148148 0.44212962962962965 0.24305555555555555 0.4513888888888889 0.23842592592592593 0.46064814814814814 0.2361111111111111 0.46064814814814814 0.22916666666666666 0.4699074074074074 0.22453703703703703 0.4722222222222222 0.22453703703703703 0.47453703703703703 0.2152777777777778 0.47453703703703703 0.20601851851851852 0.4652777777777778 0.2037037037037037 0.4652777777777778 0.2037037037037037 0.46296296296296297 0.19907407407407407 0.46064814814814814 0.19907407407407407 0.4583333333333333 0.18981481481481483 0.4513888888888889 0.16666666666666666 0.42592592592592593 0.16435185185185186 0.42592592592592593 0.16435185185185186 0.41898148148148145 0.16898148148148148 0.4166666666666667 0.17824074074074073 0.40046296296296297 0.19675925925925927 0.38657407407407407 0.2037037037037037 0.3912037037037037
3 0.2777777777777778 0.6319444444444444 0.2777777777777778 0.6412037037037037 0.2800925925925926 0.6435185185185185 0.2800925925925926 0.6851851851851852 0.2824074074074074 0.6875 0.2824074074074074 0.7106481481481481 0.2777777777777778 0.7129629629629629 0.26157407407407407 0.7129629629629629 0.25925925925925924 0.7152777777777778 0.23148148148148148 0.7152777777777778 0.22916666666666666 0.7106481481481481 0.22916666666666666 0.7060185185185185 0.22685185185185186 0.7037037037037037 0.22685185185185186 0.6342592592592593 0.23842592592592593 0.6342592592592593 0.24074074074074073 0.6319444444444444 0.27546296296296297 0.6319444444444444
3 0.4861111111111111 0.6504629629629629 0.5115740740740741 0.6504629629629629 0.5138888888888888 0.6481481481481481 0.5486111111111112 0.6481481481481481 0.5509259259259259 0.6504629629629629 0.5625 0.6481481481481481 0.5648148148148148 0.6504629629629629 0.5694444444444444 0.6504629629629629 0.5671296296296297 0.6759259259259259 0.5555555555555556 0.6759259259259259 0.5532407407407407 0.6782407407407407 0.5462962962962963 0.6782407407407407 0.5439814814814815 0.6759259259259259 0.5277777777777778 0.6759259259259259 0.5254629629629629 0.6782407407407407 0.48842592592592593 0.6782407407407407 0.4861111111111111 0.6759259259259259 0.4861111111111111 0.6527777777777778
3 0.8773148148148148 0.6944444444444444 0.8796296296296297 0.7060185185185185 0.8842592592592593 0.7129629629629629 0.8842592592592593 0.7199074074074074 0.8611111111111112 0.7245370370370371 0.8587962962962963 0.7268518518518519 0.8518518518518519 0.7268518518518519 0.8495370370370371 0.7291666666666666 0.8425925925925926 0.7291666666666666 0.8333333333333334 0.7337962962962963 0.8217592592592593 0.7337962962962963 0.8125 0.7384259259259259 0.8032407407407407 0.7361111111111112 0.8032407407407407 0.7291666666666666 0.7986111111111112 0.7222222222222222 0.7986111111111112 0.7106481481481481 0.8009259259259259 0.7083333333333334 0.8101851851851852 0.7083333333333334 0.8194444444444444 0.7037037037037037 0.8310185185185185 0.7037037037037037 0.8379629629629629 0.6990740740740741 0.8472222222222222 0.6990740740740741 0.8564814814814815 0.6944444444444444 0.8680555555555556 0.6944444444444444 0.8703703703703703 0.6921296296296297 0.875 0.6944444444444444