4 0.09231875 0.8270765625000001 0.09231875 0.7825078124999999 0.0465203125 0.7829250000000001 0.0466140625 0.8269374999999999 0.09231875 0.8270765625000001
4 0.08743906250000001 0.29375312499999995 0.08581250000000001 0.2478015625 0.039475 0.24658125 0.04069531250000001 0.29537968749999993 0.08743906250000001 0.29375312499999995
4 0.1439390625 0.541703125 0.14434531250000002 0.49656406249999996 0.09719375000000001 0.49534531249999997 0.0968421875 0.540828125 0.1439390625 0.541703125
4 0.26262812500000005 0.4298734375 0.308965625 0.4298734375 0.308965625 0.38392187499999997 0.26222187500000005 0.3843281250000001 0.26262812500000005 0.4298734375
4 0.308965625 0.698846875 0.3097796875 0.6524890624999999 0.2646609375 0.6524890624999999 0.2643125 0.6991984375 0.308965625 0.698846875
4 0.522634375 0.8223093750000001 0.522634375 0.7789812500000001 0.47715937500000005 0.7789812500000001 0.4782421875 0.8255593750000001 0.522634375 0.8223093750000001
4 0.9589750000000001 0.8298921874999999 0.9600578125 0.78548125 0.9178312500000002 0.7843968750000001 0.9156656249999999 0.832059375 0.9589750000000001 0.8298921874999999
4 0.9698015625000002 0.540675 0.9719671875000001 0.49301249999999996 0.9264937500000001 0.494096875 0.92516875 0.541509375 0.9698015625000002 0.540675
4 0.975215625 0.304534375 0.9762984375000001 0.2557890624999999 0.9329890625000002 0.2557890624999999 0.9319578125 0.30294375000000007 0.975215625 0.304534375
4 0.7911515625000001 0.3576109374999999 0.792234375 0.3142828125 0.7478421875000001 0.3142828125 0.7478421875000001 0.3576109374999999 0.7911515625000001 0.3576109374999999
4 0.7521734375000001 0.5363421875 0.7521734375000001 0.494096875 0.7088640625000001 0.49301249999999996 0.7079390625 0.5376296875 0.7521734375000001 0.5363421875
4 0.521090625 0.5343078124999999 0.5200640625 0.488109375 0.47593906250000007 0.48708281249999996 0.47610312500000007 0.535034375 0.521090625 0.5343078124999999
3 0.2847222222222222 0.7106481481481481 0.28935185185185186 0.7106481481481481 0.2916666666666667 0.7083333333333334 0.30324074074074076 0.7083333333333334 0.3055555555555556 0.7060185185185185 0.3287037037037037 0.7060185185185185 0.3402777777777778 0.7013888888888888 0.36574074074074076 0.7013888888888888 0.3680555555555556 0.7037037037037037 0.36574074074074076 0.7083333333333334 0.3680555555555556 0.7245370370370371 0.36574074074074076 0.7268518518518519 0.34953703703703703 0.7291666666666666 0.3472222222222222 0.7314814814814815 0.3263888888888889 0.7314814814814815 0.32407407407407407 0.7337962962962963 0.3148148148148148 0.7337962962962963 0.3125 0.7361111111111112 0.28935185185185186 0.7361111111111112 0.28935185185185186 0.7314814814814815 0.2847222222222222 0.7291666666666666 0.2847222222222222 0.7222222222222222 0.28703703703703703 0.7199074074074074 0.2847222222222222 0.7175925925925926 0.2847222222222222 0.7129629629629629
3 0.22916666666666666 0.5277777777777778 0.22916666666666666 0.5300925925925926 0.23842592592592593 0.5370370370370371 0.24305555555555555 0.5462962962962963 0.2523148148148148 0.5555555555555556 0.2523148148148148 0.5601851851851852 0.25 0.5601851851851852 0.24768518518518517 0.5648148148148148 0.24537037037037038 0.5648148148148148 0.24305555555555555 0.5694444444444444 0.2361111111111111 0.5740740740740741 0.2337962962962963 0.5787037037037037 0.23148148148148148 0.5787037037037037 0.22916666666666666 0.5833333333333334 0.22685185185185186 0.5833333333333334 0.22453703703703703 0.5879629629629629 0.2222222222222222 0.5879629629629629 0.2199074074074074 0.5925925925925926 0.20601851851851852 0.6041666666666666 0.20601851851851852 0.6064814814814815 0.19907407407407407 0.6111111111111112 0.18981481481481483 0.6064814814814815 0.17592592592592593 0.5949074074074074 0.16898148148148148 0.5810185185185185 0.16435185185185186 0.5787037037037037 0.16435185185185186 0.5717592592592593 0.16666666666666666 0.5717592592592593 0.16898148148148148 0.5671296296296297 0.1712962962962963 0.5671296296296297 0.1736111111111111 0.5625 0.17592592592592593 0.5625 0.17824074074074073 0.5578703703703703 0.18287037037037038 0.5555555555555556 0.18518518518518517 0.5509259259259259 0.2152777777777778 0.5231481481481481 0.22453703703703703 0.5231481481481481 0.22685185185185186 0.5277777777777778
3 0.2777777777777778 0.2847222222222222 0.2824074074074074 0.28703703703703703 0.2824074074074074 0.3101851851851852 0.2800925925925926 0.3125 0.2800925925925926 0.3541666666666667 0.2777777777777778 0.35648148148148145 0.2777777777777778 0.36574074074074076 0.24074074074074073 0.36574074074074076 0.23842592592592593 0.36342592592592593 0.22685185185185186 0.36342592592592593 0.22685185185185186 0.29398148148148145 0.23148148148148148 0.2824074074074074 0.25925925925925924 0.2824074074074074 0.26157407407407407 0.2847222222222222 0.27546296296296297 0.2847222222222222
3 0.5254629629629629 0.3194444444444444 0.5277777777777778 0.32175925925925924 0.5439814814814815 0.32175925925925924 0.5462962962962963 0.3194444444444444 0.5671296296296297 0.32175925925925924 0.5694444444444444 0.3472222222222222 0.5648148148148148 0.3472222222222222 0.5625 0.34953703703703703 0.5555555555555556 0.34953703703703703 0.5532407407407407 0.3472222222222222 0.5486111111111112 0.34953703703703703 0.4861111111111111 0.3472222222222222 0.4861111111111111 0.32175925925925924 0.48842592592592593 0.3194444444444444 0.5231481481481481 0.3194444444444444
3 0.8032407407407407 0.26157407407407407 0.8125 0.25925925925925924 0.8217592592592593 0.2638888888888889 0.8333333333333334 0.2638888888888889 0.8425925925925926 0.26851851851851855 0.8495370370370371 0.26851851851851855 0.8518518518518519 0.2708333333333333 0.8587962962962963 0.2708333333333333 0.8611111111111112 0.27314814814814814 0.8842592592592593 0.2777777777777778 0.8842592592592593 0.2847222222222222 0.8796296296296297 0.2916666666666667 0.8773148148148148 0.30324074074074076 0.8726851851851852 0.3055555555555556 0.8680555555555556 0.30324074074074076 0.8564814814814815 0.30324074074074076 0.8472222222222222 0.2986111111111111 0.8379629629629629 0.2986111111111111 0.8310185185185185 0.29398148148148145 0.8194444444444444 0.29398148148148145 0.8101851851851852 0.28935185185185186 0.8009259259259259 0.28935185185185186 0.7986111111111112 0.28703703703703703 0.7986111111111112 0.27546296296296297 0.8032407407407407 0.26851851851851855 0.8032407407407407 0.2638888888888889