4 0.90768125 0.17292343749999997 0.90768125 0.21749218750000002 0.9534796875 0.217075 0.9533859375 0.1730625 0.90768125 0.17292343749999997
4 0.9125609374999999 0.706246875 0.9141874999999999 0.7521984375 0.960525 0.75341875 0.9593046875 0.7046203125 0.9125609374999999 0.706246875
4 0.8560609375 0.458296875 0.8556546875000001 0.5034359375 0.9028062499999999 0.5046546875 0.9031578125 0.45917187500000006 0.8560609375 0.458296875
4 0.737371875 0.5701265624999999 0.691034375 0.5701265624999999 0.691034375 0.616078125 0.737778125 0.6156718749999999 0.737371875 0.5701265624999999
4 0.691034375 0.301153125 0.6902203124999999 0.3475109375 0.7353390625 0.3475109375 0.7356875 0.3008015625 0.691034375 0.301153125
4 0.47736562499999996 0.177690625 0.47736562499999996 0.22101874999999999 0.522840625 0.22101874999999999 0.5217578125 0.17444062500000002 0.47736562499999996 0.177690625
4 0.04102499999999988 0.1701078125 0.039942187499999976 0.21451875 0.08216874999999983 0.21560312499999998 0.08433437500000004 0.167940625 0.04102499999999988 0.1701078125
4 0.03019843749999988 0.45932500000000004 0.02803281249999993 0.5069875 0.0735062499999999 0.505903125 0.07483125000000007 0.458490625 0.03019843749999988 0.45932500000000004
4 0.024784374999999942 0.695465625 0.0237015624999999 0.7442109375000001 0.0670109374999998 0.7442109375000001 0.06804218750000002 0.6970562499999999 0.024784374999999942 0.695465625
4 0.2088484374999999 0.6423890625 0.207765625 0.6857171875 0.2521578124999999 0.6857171875 0.2521578124999999 0.6423890625 0.2088484374999999 0.6423890625
4 0.2912671875 0.47180781250000003 0.28902812499999997 0.46927187500000006 0.28514687499999997 0.468675 0.2839515624999999 0.4664375 0.2839515624999999 0.462409375 0.2478265624999999 0.46365781250000004 0.2478265624999999 0.505903125 0.29113593749999994 0.5069875 0.2911187499999999 0.47583593750000003 0.2912671875 0.47180781250000003
4 0.47890937499999997 0.4656921875000001 0.4799359374999999 0.511890625 0.5240609374999999 0.5129171875 0.5238968749999999 0.464965625 0.47890937499999997 0.4656921875000001
0 0.6736111111111112 0.6203703703703703 0.6782407407407407 0.6226851851851852 0.6782407407407407 0.6273148148148148 0.6851851851851852 0.6319444444444444 0.6759259259259259 0.6342592592592593 0.6782407407407407 0.6342592592592593 0.6805555555555556 0.6296296296296297 0.6782407407407407 0.625 0.6736111111111112 0.6226851851851852 0.6712962962962963 0.625 0.6712962962962963 0.6319444444444444 0.6666666666666666 0.6365740740740741 0.6712962962962963 0.6319444444444444 0.6712962962962963 0.6226851851851852
0 0.8356481481481481 0.4722222222222222 0.8402777777777778 0.47453703703703703 0.8310185185185185 0.4861111111111111 0.8287037037037037 0.4837962962962963 0.8263888888888888 0.4861111111111111 0.8263888888888888 0.49074074074074076 0.8287037037037037 0.48148148148148145 0.8310185185185185 0.4861111111111111 0.8356481481481481 0.47685185185185186 0.8402777777777778 0.47453703703703703 0.8379629629629629 0.4722222222222222
0 0.6574074074074074 0.25925925925925924 0.6643518518518519 0.2569444444444444 0.6643518518518519 0.2638888888888889 0.6643518518518519 0.25925925925925924 0.6620370370370371 0.2569444444444444 0.6597222222222222 0.25925925925925924
0 0.46064814814814814 0.22685185185185186 0.011574074074074073 0.020833333333333332
0 0.11574074074074074 0.21296296296296297 0.11342592592592593 0.22453703703703703 0.11574074074074074 0.2199074074074074 0.11342592592592593 0.2152777777777778 0.10648148148148148 0.2222222222222222 0.10648148148148148 0.22453703703703703 0.1087962962962963 0.2175925925925926 0.11342592592592593 0.2152777777777778
0 0.2847222222222222 0.4675925925925926 0.29398148148148145 0.4675925925925926 0.2962962962962963 0.47453703703703703 0.2916666666666667 0.47453703703703703 0.28703703703703703 0.4675925925925926
0 0.4791666666666667 0.3912037037037037 0.4837962962962963 0.3912037037037037 0.4791666666666667 0.39351851851851855 0.47685185185185186 0.3912037037037037 0.47685185185185186 0.38657407407407407 0.4837962962962963 0.38657407407407407 0.4791666666666667 0.38657407407407407 0.47685185185185186 0.3888888888888889
0 0.2708333333333333 0.6666666666666666 0.2708333333333333 0.6759259259259259 0.26851851851851855 0.6712962962962963 0.2662037037037037 0.6736111111111112 0.2662037037037037 0.6805555555555556 0.26851851851851855 0.6689814814814815