4 0.09231875 0.21749218750000002 0.09231875 0.17292343749999997 0.0466140625 0.1730625 0.0465203125 0.217075 0.09231875 0.21749218750000002
4 0.08581250000000001 0.7521984375 0.08743906250000001 0.706246875 0.04069531250000001 0.7046203125 0.039475 0.75341875 0.08581250000000001 0.7521984375
4 0.14434531250000002 0.5034359375 0.1439390625 0.458296875 0.0968421875 0.45917187500000006 0.09719375000000001 0.5046546875 0.14434531250000002 0.5034359375
4 0.308965625 0.5701265624999999 0.26262812500000005 0.5701265624999999 0.26222187500000005 0.6156718749999999 0.308965625 0.616078125 0.308965625 0.5701265624999999
4 0.3097796875 0.3475109375 0.308965625 0.301153125 0.2643125 0.3008015625 0.2646609375 0.3475109375 0.3097796875 0.3475109375
4 0.522634375 0.22101874999999999 0.522634375 0.177690625 0.4782421875 0.17444062500000002 0.47715937500000005 0.22101874999999999 0.522634375 0.22101874999999999
4 0.9600578125 0.21451875 0.9589750000000001 0.1701078125 0.9156656249999999 0.167940625 0.9178312500000002 0.21560312499999998 0.9600578125 0.21451875
4 0.9719671875000001 0.5069875 0.9698015625000002 0.45932500000000004 0.92516875 0.458490625 0.9264937500000001 0.505903125 0.9719671875000001 0.5069875
4 0.9762984375000001 0.7442109375000001 0.975215625 0.695465625 0.9319578125 0.6970562499999999 0.9329890625000002 0.7442109375000001 0.9762984375000001 0.7442109375000001
4 0.792234375 0.6857171875 0.7911515625000001 0.6423890625 0.7478421875000001 0.6423890625 0.7478421875000001 0.6857171875 0.792234375 0.6857171875
4 0.7521734375000001 0.505903125 0.7521734375000001 0.46365781250000004 0.7079390625 0.4623703125 0.7088640625000001 0.5069875 0.7521734375000001 0.505903125
4 0.5200640625 0.511890625 0.521090625 0.4656921875000001 0.47610312500000007 0.464965625 0.47593906250000007 0.5129171875 0.5200640625 0.511890625
0 0.16898148148148148 0.16666666666666666 0.16666666666666666 0.16898148148148148 0.1712962962962963 0.1736111111111111 0.1736111111111111 0.16898148148148148 0.17592592592592593 0.1712962962962963 0.1712962962962963 0.1736111111111111 0.17592592592592593 0.17592592592592593 0.16666666666666666 0.16898148148148148
0 0.3402777777777778 0.3472222222222222 0.013888888888888888 0.020833333333333332
0 0.41435185185185186 0.3333333333333333 0.4166666666666667 0.33564814814814814 0.41203703703703703 0.33796296296296297 0.41203703703703703 0.3472222222222222 0.41203703703703703 0.33564814814814814
0 0.49537037037037035 0.3333333333333333 0.5046296296296297 0.3333333333333333 0.5046296296296297 0.33796296296296297 0.5023148148148148 0.3402777777777778 0.5046296296296297 0.3425925925925926 0.5046296296296297 0.3472222222222222 0.5023148148148148 0.3425925925925926 0.5023148148148148 0.33796296296296297 0.5046296296296297 0.33564814814814814 0.5023148148148148 0.3333333333333333 0.4976851851851852 0.3333333333333333 0.49537037037037035 0.33564814814814814
0 0.5833333333333334 0.35648148148148145 0.5902777777777778 0.36574074074074076 0.5925925925925926 0.3611111111111111 0.5949074074074074 0.36342592592592593 0.5949074074074074 0.3680555555555556 0.5902777777777778 0.3680555555555556 0.5879629629629629 0.36574074074074076 0.5879629629629629 0.3611111111111111 0.5833333333333334 0.3587962962962963
0 0.6550925925925926 0.3472222222222222 0.6620370370370371 0.3472222222222222 0.6666666666666666 0.35648148148148145 0.6712962962962963 0.3587962962962963 0.6712962962962963 0.3611111111111111 0.6643518518518519 0.36342592592592593 0.6666666666666666 0.36342592592592593 0.6689814814814815 0.3587962962962963 0.6643518518518519 0.35185185185185186 0.6574074074074074 0.3472222222222222 0.6550925925925926 0.34953703703703703 0.6597222222222222 0.35648148148148145 0.6597222222222222 0.36342592592592593 0.6597222222222222 0.35648148148148145 0.6550925925925926 0.34953703703703703
0 0.75 0.34953703703703703 0.7592592592592593 0.34953703703703703 0.7592592592592593 0.36342592592592593 0.7546296296296297 0.3680555555555556 0.75 0.3611111111111111 0.75 0.35185185185185186
0 0.8425925925925926 0.3912037037037037 0.8449074074074074 0.3958333333333333 0.8402777777777778 0.40046296296296297 0.8402777777777778 0.4097222222222222 0.8356481481481481 0.4097222222222222 0.8402777777777778 0.4074074074074074 0.8379629629629629 0.4050925925925926 0.8425925925925926 0.39814814814814814 0.8402777777777778 0.39351851851851855