4 0.90768125 0.8270765625000001 0.9533859375 0.8269374999999999 0.9534796875 0.7829250000000001 0.90768125 0.7825078124999999 0.90768125 0.8270765625000001
4 0.9125609374999999 0.29375312499999995 0.9593046875 0.29537968749999993 0.960525 0.24658125 0.9141874999999999 0.2478015625 0.9125609374999999 0.29375312499999995
4 0.8560609375 0.541703125 0.9031578125 0.540828125 0.9028062499999999 0.49534531249999997 0.8556546875000001 0.49656406249999996 0.8560609375 0.541703125
4 0.737371875 0.4298734375 0.737778125 0.3843281250000001 0.691034375 0.38392187499999997 0.691034375 0.4298734375 0.737371875 0.4298734375
4 0.691034375 0.698846875 0.7356875 0.6991984375 0.7353390625 0.6524890624999999 0.6902203124999999 0.6524890624999999 0.691034375 0.698846875
4 0.47736562499999996 0.8223093750000001 0.5217578125 0.8255593750000001 0.522840625 0.7789812500000001 0.47736562499999996 0.7789812500000001 0.47736562499999996 0.8223093750000001
4 0.04102499999999988 0.8298921874999999 0.08433437500000004 0.832059375 0.08216874999999983 0.7843968750000001 0.039942187499999976 0.78548125 0.04102499999999988 0.8298921874999999
4 0.03019843749999988 0.540675 0.07483125000000007 0.541509375 0.0735062499999999 0.494096875 0.02803281249999993 0.49301249999999996 0.03019843749999988 0.540675
4 0.024784374999999942 0.304534375 0.06804218750000002 0.30294375000000007 0.0670109374999998 0.2557890624999999 0.0237015624999999 0.2557890624999999 0.024784374999999942 0.304534375
4 0.2088484374999999 0.3576109374999999 0.2521578124999999 0.3576109374999999 0.2521578124999999 0.3142828125 0.207765625 0.3142828125 0.2088484374999999 0.3576109374999999
4 0.2478265624999999 0.5363421875 0.2920609375 0.5376296875 0.29113593749999994 0.49301249999999996 0.2478265624999999 0.494096875 0.2478265624999999 0.5363421875
4 0.5240609374999999 0.48708281249999996 0.4784046874999999 0.48777656249999995 0.4784046874999999 0.500603125 0.5029109374999999 0.5003109375 0.504078125 0.5329609375 0.5253749999999999 0.5329609375 0.5240609374999999 0.48708281249999996
3 0.4791666666666667 0.49537037037037035 0.48148148148148145 0.4976851851851852 0.5 0.4976851851851852 0.5023148148148148 0.5 0.5023148148148148 0.5069444444444444 0.5046296296296297 0.5092592592592593 0.5023148148148148 0.5115740740740741 0.5023148148148148 0.5208333333333334 0.5046296296296297 0.5231481481481481 0.5023148148148148 0.5277777777777778 0.5023148148148148 0.5462962962962963 0.5 0.5486111111111112 0.4791666666666667 0.5486111111111112 0.47685185185185186 0.5462962962962963 0.46296296296296297 0.5462962962962963 0.46064814814814814 0.5486111111111112 0.4583333333333333 0.5462962962962963 0.45601851851851855 0.5486111111111112 0.44907407407407407 0.5486111111111112 0.44675925925925924 0.5462962962962963 0.44212962962962965 0.5486111111111112 0.42592592592592593 0.5486111111111112 0.4212962962962963 0.5439814814814815 0.4212962962962963 0.5 0.4236111111111111 0.4976851851851852 0.47685185185185186 0.4976851851851852
3 0.75 0.6805555555555556 0.7523148148148148 0.6805555555555556 0.7546296296296297 0.6759259259259259 0.7592592592592593 0.6759259259259259 0.8194444444444444 0.7199074074074074 0.8194444444444444 0.7268518518518519 0.8148148148148148 0.7314814814814815 0.8101851851851852 0.7407407407407407 0.8101851851851852 0.7453703703703703 0.8055555555555556 0.7476851851851852 0.7939814814814815 0.7615740740740741 0.7893518518518519 0.7615740740740741 0.7638888888888888 0.7407407407407407 0.7546296296296297 0.7361111111111112 0.7523148148148148 0.7314814814814815 0.7453703703703703 0.7291666666666666 0.7384259259259259 0.7222222222222222 0.7291666666666666 0.7175925925925926 0.7314814814814815 0.7060185185185185 0.7384259259259259 0.6990740740740741 0.7384259259259259 0.6944444444444444 0.75 0.6828703703703703
3 0.5995370370370371 0.6458333333333334 0.6018518518518519 0.6481481481481481 0.6087962962962963 0.6481481481481481 0.6087962962962963 0.6550925925925926 0.6064814814814815 0.6574074074074074 0.6064814814814815 0.6689814814814815 0.6018518518518519 0.6805555555555556 0.6018518518518519 0.6921296296296297 0.5972222222222222 0.7013888888888888 0.5972222222222222 0.7129629629629629 0.5925925925925926 0.7199074074074074 0.5925925925925926 0.7268518518518519 0.5879629629629629 0.7291666666666666 0.5740740740740741 0.7222222222222222 0.5671296296296297 0.7222222222222222 0.5648148148148148 0.7199074074074074 0.5648148148148148 0.7152777777777778 0.5717592592592593 0.6967592592592593 0.5717592592592593 0.6805555555555556 0.5763888888888888 0.6736111111111112 0.5763888888888888 0.6597222222222222 0.5787037037037037 0.6574074074074074 0.5810185185185185 0.6458333333333334 0.5833333333333334 0.6435185185185185 0.5972222222222222 0.6458333333333334
3 0.3819444444444444 0.7731481481481481 0.09027777777777778 0.06944444444444445
3 0.16666666666666666 0.8078703703703703 0.08796296296296297 0.05555555555555555