4 0.90768125 0.17292343749999997 0.90768125 0.21749218750000002 0.9534796875 0.217075 0.9533859375 0.1730625 0.90768125 0.17292343749999997
4 0.9125609374999999 0.706246875 0.9141874999999999 0.7521984375 0.960525 0.75341875 0.9593046875 0.7046203125 0.9125609374999999 0.706246875
4 0.8560609375 0.458296875 0.8556546875000001 0.5034359375 0.9028062499999999 0.5046546875 0.9031578125 0.45917187500000006 0.8560609375 0.458296875
4 0.737371875 0.5701265624999999 0.691034375 0.5701265624999999 0.691034375 0.616078125 0.737778125 0.6156718749999999 0.737371875 0.5701265624999999
4 0.691034375 0.301153125 0.6902203124999999 0.3475109375 0.7353390625 0.3475109375 0.7356875 0.3008015625 0.691034375 0.301153125
4 0.47736562499999996 0.177690625 0.47736562499999996 0.22101874999999999 0.522840625 0.22101874999999999 0.5217578125 0.17444062500000002 0.47736562499999996 0.177690625
4 0.04102499999999988 0.1701078125 0.039942187499999976 0.21451875 0.08216874999999983 0.21560312499999998 0.08433437500000004 0.167940625 0.04102499999999988 0.1701078125
4 0.03019843749999988 0.45932500000000004 0.02803281249999993 0.5069875 0.0735062499999999 0.505903125 0.07483125000000007 0.458490625 0.03019843749999988 0.45932500000000004
4 0.024784374999999942 0.695465625 0.0237015624999999 0.7442109375000001 0.0670109374999998 0.7442109375000001 0.06804218750000002 0.6970562499999999 0.024784374999999942 0.695465625
4 0.2088484374999999 0.6423890625 0.207765625 0.6857171875 0.2521578124999999 0.6857171875 0.2521578124999999 0.6423890625 0.2088484374999999 0.6423890625
4 0.2478265624999999 0.46365781250000004 0.2478265624999999 0.505903125 0.29113593749999994 0.5069875 0.2920609375 0.4623703125 0.2478265624999999 0.46365781250000004
4 0.47890937499999997 0.4656921875000001 0.4799359374999999 0.511890625 0.5240609374999999 0.5129171875 0.5238968749999999 0.464965625 0.47890937499999997 0.4656921875000001
3 0.432409375 0.3082625 0.40156249999999993 0.296875 0.3942734375 0.31067656250000003 0.38848124999999994 0.31840312500000006 0.3860671875 0.33047499999999996 0.3811156249999999 0.34295156250000003 0.412059375 0.35773125000000006 0.4546140624999999 0.37442031249999996 0.45895937499999995 0.36041562499999996 0.46619999999999995 0.3526890625 0.46813124999999994 0.34110000000000007 0.475371875 0.325646875 0.432409375 0.3082625
2 0.3535499999999999 0.391259375 0.3398296875 0.383565625 0.3252765625 0.3750375000000001 0.3101015624999999 0.366303125 0.29825156249999984 0.35964843750000003 0.28952031249999993 0.3532015625 0.28764843749999996 0.34841875000000005 0.28141249999999984 0.3517453125 0.27995625 0.3588171875 0.2868171874999999 0.35985625 0.3109328125 0.373375 0.32091093749999994 0.37940625 0.3327609375 0.3864765625 0.34003750000000005 0.39084374999999993 0.3529265625 0.39770625 0.3612421875 0.4035296875 0.3676874999999999 0.4031140625 0.36643906249999997 0.39937031250000005 0.3535499999999999 0.391259375