4 0.09231875 0.17292343749999997 0.0466140625 0.1730625 0.0465203125 0.217075 0.09231875 0.21749218750000002 0.09231875 0.17292343749999997
4 0.08743906250000001 0.706246875 0.04069531250000001 0.7046203125 0.039475 0.75341875 0.08581250000000001 0.7521984375 0.08743906250000001 0.706246875
4 0.1439390625 0.458296875 0.0968421875 0.45917187500000006 0.09719375000000001 0.5046546875 0.14434531250000002 0.5034359375 0.1439390625 0.458296875
4 0.26262812500000005 0.5701265624999999 0.26222187500000005 0.6156718749999999 0.308965625 0.616078125 0.308965625 0.5701265624999999 0.26262812500000005 0.5701265624999999
4 0.308965625 0.301153125 0.2643125 0.3008015625 0.2646609375 0.3475109375 0.3097796875 0.3475109375 0.308965625 0.301153125
4 0.522634375 0.177690625 0.4782421875 0.17444062500000002 0.47715937500000005 0.22101874999999999 0.522634375 0.22101874999999999 0.522634375 0.177690625
4 0.9589750000000001 0.1701078125 0.9156656249999999 0.167940625 0.9178312500000002 0.21560312499999998 0.9600578125 0.21451875 0.9589750000000001 0.1701078125
4 0.9698015625000002 0.45932500000000004 0.92516875 0.458490625 0.9264937500000001 0.505903125 0.9719671875000001 0.5069875 0.9698015625000002 0.45932500000000004
4 0.975215625 0.695465625 0.9319578125 0.6970562499999999 0.9329890625000002 0.7442109375000001 0.9762984375000001 0.7442109375000001 0.975215625 0.695465625
4 0.7911515625000001 0.6423890625 0.7478421875000001 0.6423890625 0.7478421875000001 0.6857171875 0.792234375 0.6857171875 0.7911515625000001 0.6423890625
4 0.7521734375000001 0.46365781250000004 0.7079390625 0.4623703125 0.7088640625000001 0.5069875 0.7521734375000001 0.505903125 0.7521734375000001 0.46365781250000004
4 0.521090625 0.4656921875000001 0.47610312500000007 0.464965625 0.47593906250000007 0.5129171875 0.5200640625 0.511890625 0.521090625 0.4656921875000001
3 0.1574074074074074 0.1875 0.16666666666666666 0.20601851851851852 0.18518518518518517 0.2337962962962963 0.19212962962962962 0.24074074074074073 0.19907407407407407 0.25462962962962965 0.19212962962962962 0.2638888888888889 0.1875 0.2638888888888889 0.18055555555555555 0.26851851851851855 0.1736111111111111 0.26851851851851855 0.16898148148148148 0.2638888888888889 0.1597222222222222 0.24537037037037038 0.13194444444444445 0.20601851851851852 0.13194444444444445 0.19907407407407407 0.1388888888888889 0.19444444444444445 0.14351851851851852 0.19444444444444445 0.15046296296296297 0.18518518518518517 0.1550925925925926 0.1875
3 0.49537037037037035 0.2847222222222222 0.5324074074074074 0.32175925925925924 0.5324074074074074 0.32407407407407407 0.5416666666666666 0.33101851851851855 0.5462962962962963 0.33796296296296297 0.5462962962962963 0.3449074074074074 0.5439814814814815 0.3449074074074074 0.5416666666666666 0.34953703703703703 0.5393518518518519 0.34953703703703703 0.5370370370370371 0.3541666666666667 0.5231481481481481 0.36574074074074076 0.5231481481481481 0.3680555555555556 0.5162037037037037 0.3726851851851852 0.5115740740740741 0.3726851851851852 0.5023148148148148 0.36342592592592593 0.5 0.36342592592592593 0.49537037037037035 0.35648148148148145 0.49074074074074076 0.3541666666666667 0.49074074074074076 0.35185185185185186 0.4861111111111111 0.34953703703703703 0.4791666666666667 0.3402777777777778 0.47685185185185186 0.3402777777777778 0.47453703703703703 0.33564814814814814 0.4722222222222222 0.33564814814814814 0.4722222222222222 0.3333333333333333 0.46064814814814814 0.32175925925925924 0.46064814814814814 0.31712962962962965 0.46296296296296297 0.3125 0.4652777777777778 0.3125 0.4675925925925926 0.30787037037037035 0.4699074074074074 0.30787037037037035 0.4722222222222222 0.30324074074074076 0.48148148148148145 0.2962962962962963 0.48148148148148145 0.29398148148148145 0.4930555555555556 0.28703703703703703
3 0.8726851851851852 0.22453703703703703 0.875 0.22685185185185186 0.8796296296296297 0.22685185185185186 0.8912037037037037 0.2361111111111111 0.8958333333333334 0.2361111111111111 0.9050925925925926 0.24305555555555555 0.9050925925925926 0.24768518518518517 0.8981481481481481 0.2569444444444444 0.8981481481481481 0.2662037037037037 0.8842592592592593 0.28703703703703703 0.8796296296296297 0.28703703703703703 0.8657407407407407 0.2777777777777778 0.8611111111111112 0.2777777777777778 0.8472222222222222 0.26851851851851855 0.8425925925925926 0.26851851851851855 0.8148148148148148 0.25 0.8148148148148148 0.24537037037037038 0.8194444444444444 0.24074074074074073 0.8194444444444444 0.2361111111111111 0.8240740740740741 0.23148148148148148 0.8240740740740741 0.22685185185185186 0.8287037037037037 0.2222222222222222 0.8287037037037037 0.2175925925925926 0.8379629629629629 0.20833333333333334 0.8449074074074074 0.20833333333333334 0.8495370370370371 0.21296296296296297 0.8541666666666666 0.21296296296296297 0.8587962962962963 0.2175925925925926 0.8634259259259259 0.2175925925925926 0.8703703703703703 0.22453703703703703
3 0.08564814814814815 0.48148148148148145 0.08796296296296297 0.4861111111111111 0.08796296296296297 0.49537037037037035 0.09027777777777778 0.4976851851851852 0.09027777777777778 0.5208333333333334 0.09259259259259259 0.5231481481481481 0.09490740740740741 0.5509259259259259 0.09722222222222222 0.5532407407407407 0.09722222222222222 0.5625 0.08564814814814815 0.5671296296296297 0.06712962962962964 0.5671296296296297 0.06481481481481481 0.5625 0.0625 0.5300925925925926 0.06018518518518518 0.5277777777777778 0.0625 0.5231481481481481 0.06018518518518518 0.5208333333333334 0.06018518518518518 0.5115740740740741 0.05787037037037037 0.5092592592592593 0.05787037037037037 0.4861111111111111 0.07407407407407407 0.4861111111111111 0.08333333333333333 0.48148148148148145
3 0.44907407407407407 0.6018518518518519 0.4537037037037037 0.6018518518518519 0.46064814814814814 0.6064814814814815 0.46296296296296297 0.6111111111111112 0.47453703703703703 0.6180555555555556 0.5092592592592593 0.6504629629629629 0.5092592592592593 0.6550925925925926 0.4976851851851852 0.6712962962962963 0.4837962962962963 0.6851851851851852 0.48148148148148145 0.6851851851851852 0.4791666666666667 0.6898148148148148 0.47685185185185186 0.6898148148148148 0.47453703703703703 0.6851851851851852 0.4652777777777778 0.6805555555555556 0.45601851851851855 0.6712962962962963 0.4537037037037037 0.6712962962962963 0.4513888888888889 0.6666666666666666 0.4398148148148148 0.6597222222222222 0.41898148148148145 0.6412037037037037 0.4236111111111111 0.6319444444444444 0.42824074074074076 0.6296296296296297 0.42824074074074076 0.625 0.4444444444444444 0.6087962962962963 0.4444444444444444 0.6064814814814815 0.44907407407407407 0.6041666666666666
1 0.18287037037037038 0.7268518518518519 0.1875 0.7268518518518519 0.2013888888888889 0.7175925925925926 0.20601851851851852 0.7199074074074074 0.1875 0.7361111111111112 0.1875 0.7384259259259259 0.19212962962962962 0.7407407407407407 0.19675925925925927 0.7476851851851852 0.19675925925925927 0.7638888888888888 0.1875 0.7731481481481481 0.18055555555555555 0.7731481481481481 0.17824074074074073 0.7754629629629629 0.1736111111111111 0.7754629629629629 0.1712962962962963 0.7731481481481481 0.16898148148148148 0.7754629629629629 0.16203703703703703 0.7754629629629629 0.15046296296296297 0.7662037037037037 0.15046296296296297 0.7615740740740741 0.14814814814814814 0.7592592592592593 0.1388888888888889 0.7638888888888888 0.13194444444444445 0.7638888888888888 0.13657407407407407 0.7569444444444444 0.14583333333333334 0.7523148148148148 0.15046296296296297 0.7523148148148148 0.1574074074074074 0.7569444444444444 0.1574074074074074 0.7592592592592593 0.16898148148148148 0.7708333333333334 0.17824074074074073 0.7685185185185185 0.18518518518518517 0.7615740740740741 0.18518518518518517 0.75 0.17824074074074073 0.7407407407407407 0.17824074074074073 0.7314814814814815 0.18287037037037038 0.7291666666666666
2 0.1111111111111111 0.3888888888888889 0.1111111111111111 0.38657407407407407 0.11805555555555555 0.3819444444444444 0.125 0.3912037037037037 0.12731481481481483 0.3912037037037037 0.15046296296296297 0.41435185185185186 0.1527777777777778 0.41435185185185186 0.1527777777777778 0.4166666666666667 0.17824074074074073 0.4398148148148148 0.1875 0.4537037037037037 0.18055555555555555 0.4513888888888889 0.16203703703703703 0.4305555555555556 0.1597222222222222 0.4305555555555556 0.11342592592592593 0.3888888888888889
2 0.22685185185185186 0.16666666666666666 0.2337962962962963 0.16898148148148148 0.23842592592592593 0.17592592592592593 0.23842592592592593 0.18055555555555555 0.24305555555555555 0.18518518518518517 0.24305555555555555 0.18981481481481483 0.25462962962962965 0.2037037037037037 0.25462962962962965 0.20833333333333334 0.27314814814814814 0.2361111111111111 0.2800925925925926 0.25 0.2777777777777778 0.25462962962962965 0.27314814814814814 0.25462962962962965 0.2662037037037037 0.2361111111111111 0.2569444444444444 0.22453703703703703 0.2569444444444444 0.2199074074074074 0.25 0.21296296296296297 0.25 0.20833333333333334 0.24074074074074073 0.19675925925925927 0.24074074074074073 0.19212962962962962 0.2361111111111111 0.1875 0.2361111111111111 0.18287037037037038 0.23148148148148148 0.17824074074074073 0.22916666666666666 0.16898148148148148
2 0.6180555555555556 0.25462962962962965 0.6180555555555556 0.24537037037037038 0.6319444444444444 0.22916666666666666 0.6319444444444444 0.22453703703703703 0.6365740740740741 0.2199074074074074 0.6412037037037037 0.20833333333333334 0.6458333333333334 0.2037037037037037 0.6458333333333334 0.19907407407407407 0.6504629629629629 0.19444444444444445 0.6527777777777778 0.19444444444444445 0.6527777777777778 0.2013888888888889 0.6435185185185185 0.21296296296296297 0.6435185185185185 0.2175925925925926 0.6388888888888888 0.2222222222222222 0.6388888888888888 0.22685185185185186 0.6342592592592593 0.23148148148148148 0.6342592592592593 0.2361111111111111 0.6273148148148148 0.24537037037037038 0.6273148148148148 0.25 0.6226851851851852 0.2569444444444444 0.6203703703703703 0.25462962962962965
2 0.9074074074074074 0.2962962962962963 0.9097222222222222 0.30092592592592593 0.9074074074074074 0.3055555555555556 0.9004629629629629 0.30787037037037035 0.8935185185185185 0.31712962962962965 0.8912037037037037 0.31712962962962965 0.8634259259259259 0.3425925925925926 0.8518518518518519 0.34953703703703703 0.8495370370370371 0.3541666666666667 0.8472222222222222 0.3541666666666667 0.8449074074074074 0.3587962962962963 0.8379629629629629 0.36342592592592593 0.8333333333333334 0.36342592592592593 0.8333333333333334 0.3611111111111111 0.8564814814814815 0.33796296296296297 0.8587962962962963 0.33796296296296297 0.8611111111111112 0.3333333333333333 0.8634259259259259 0.3333333333333333 0.8773148148148148 0.3194444444444444 0.8796296296296297 0.3194444444444444 0.8842592592592593 0.3125 0.8865740740740741 0.3125 0.9027777777777778 0.2962962962962963 0.9050925925925926 0.2962962962962963
2 0.6458333333333334 0.5277777777777778 0.6481481481481481 0.5208333333333334 0.6550925925925926 0.5138888888888888 0.6550925925925926 0.5092592592592593 0.6597222222222222 0.5046296296296297 0.6597222222222222 0.5 0.6689814814814815 0.4861111111111111 0.6689814814814815 0.48148148148148145 0.6828703703703703 0.46064814814814814 0.6828703703703703 0.45601851851851855 0.6921296296296297 0.4444444444444444 0.6944444444444444 0.4444444444444444 0.6921296296296297 0.4537037037037037 0.6875 0.4583333333333333 0.6666666666666666 0.5 0.6666666666666666 0.5046296296296297 0.6620370370370371 0.5069444444444444 0.6620370370370371 0.5138888888888888 0.6574074074074074 0.5162037037037037 0.6574074074074074 0.5231481481481481 0.6527777777777778 0.5300925925925926 0.6481481481481481 0.5277777777777778
5 0.5859375000000001 0.621875 0.5921875000000001 0.6171875 0.59375 0.6078125000000001 0.5875 0.6000000000000001 0.5765625000000001 0.6000000000000001 0.5734375 0.603125 0.5703125000000001 0.6140625 0.571875 0.6156250000000001 0.5765625000000001 0.621875 0.5859375000000001 0.621875
5 0.7875000000000001 0.48750000000000004 0.7859375000000001 0.49843750000000003 0.790625 0.5046875000000001 0.8 0.5078125 0.8046875 0.5062500000000001 0.8093750000000001 0.5015625 0.8109375000000001 0.49531250000000004 0.8078125 0.48750000000000004 0.8 0.48281250000000003 0.7984375 0.48281250000000003 0.7937500000000001 0.48281250000000003 0.7875000000000001 0.48750000000000004
5 0.628125 0.359375 0.6203125 0.365625 0.6203125 0.3765625 0.625 0.38125 0.6312500000000001 0.3828125 0.6421875 0.3765625 0.64375 0.37031250000000004 0.640625 0.36250000000000004 0.6390625000000001 0.36250000000000004 0.6328125 0.359375 0.628125 0.359375
5 0.096875 0.3265625 0.096875 0.3328125 0.10312500000000001 0.340625 0.11093750000000001 0.3421875 0.115625 0.340625 0.1203125 0.3359375 0.12187500000000001 0.328125 0.11093750000000001 0.3171875 0.109375 0.3171875 0.1 0.3203125 0.096875 0.3265625
5 0.1765625 0.5785031250000001 0.17156875 0.5825156250000001 0.1723265625 0.5927421875000001 0.17687031250000002 0.5988015625 0.187096875 0.5991796875000001 0.1875 0.5988156250000001 0.19375 0.5925656250000001 0.19375 0.581628125 0.18906250000000002 0.5769406250000001 0.1875 0.5769406250000001 0.18125000000000002 0.5753781250000001 0.1765625 0.5785031250000001
1 0.6503593750000001 0.6362968750000001 0.6441093750000001 0.6347343750000001 0.639421875 0.637859375 0.6362968750000001 0.6441093750000001 0.6378593750000001 0.6519218750000001 0.6597343750000001 0.664421875 0.6769218750000001 0.6706718750000001 0.6831718750000001 0.6753593750000001 0.6925468750000001 0.676921875 0.7003593750000001 0.6816093750000001 0.7081718750000001 0.6816093750000001 0.7144218750000001 0.6753593750000001 0.7144218750000001 0.6659843750000001 0.7081718750000001 0.6597343750000001 0.6894218750000001 0.6503593750000001 0.6826234375 0.649096875 0.6768578125 0.6466953125000001 0.6672515625000001 0.6409312500000001 0.662928125 0.64045 0.6547609375000001 0.6375671875000001 0.6503593750000001 0.6362968750000001
1 0.5906250000000001 0.45156250000000003 0.59855625 0.469434375 0.6024 0.47952187500000004 0.6057625000000001 0.4862468750000001 0.603125 0.49843750000000003 0.609375 0.5171875 0.6171875 0.5234375 0.6234375000000001 0.5234375 0.6312500000000001 0.515625 0.6312500000000001 0.5109375 0.628125 0.5046875000000001 0.627859375 0.48144375 0.6218750000000001 0.46718750000000003 0.6140625000000001 0.45625000000000004 0.6109375 0.4453125 0.6046875 0.44062500000000004 0.603125 0.44062500000000004 0.5953125 0.4421875 0.5906250000000001 0.45156250000000003
1 0.4 0.45156250000000003 0.39375000000000004 0.45937500000000003 0.39375000000000004 0.47187500000000004 0.39687500000000003 0.48125 0.40156250000000004 0.48750000000000004 0.40156250000000004 0.49062500000000003 0.390625 0.5015625 0.390625 0.5078125 0.3953125 0.509375 0.403125 0.5046875000000001 0.4109375 0.49531250000000004 0.403125 0.478125 0.40015781250000004 0.47039531250000005 0.40448125 0.4607875 0.41697187500000005 0.4564640625 0.4280203125 0.4631890625 0.4318640625 0.469434375 0.43714843750000004 0.468953125 0.43858906250000007 0.46559062500000004 0.4419515625 0.46751250000000005 0.4472359375 0.462709375 0.45107812500000005 0.4593453125 0.4505984375 0.462228125 0.45156250000000003 0.46406250000000004 0.45300000000000007 0.455503125 0.453125 0.4546875 0.4453125 0.4546875 0.434375 0.46406250000000004 0.415625 0.44843750000000004 0.4140625 0.44843750000000004 0.40625 0.44843750000000004 0.4 0.45156250000000003
1 0.2859375 0.49843750000000003 0.290625 0.49375 0.28125000000000006 0.48281250000000003 0.28125000000000006 0.478125 0.290625 0.4625 0.290625 0.45937500000000003 0.2859375 0.4453125 0.28125000000000006 0.44062500000000004 0.275 0.4390625 0.27187500000000003 0.43593750000000003 0.2703125 0.43593750000000003 0.26406250000000003 0.434375 0.2546875 0.4375 0.25 0.4421875 0.2421875 0.4453125 0.2390625 0.4453125 0.22812500000000002 0.4390625 0.2265625 0.44062500000000004 0.23125 0.45 0.240625 0.45937500000000003 0.24375000000000002 0.4609375 0.26325 0.4473359375 0.2738171875 0.44685625 0.28054375000000004 0.458865625 0.27237656250000003 0.46751250000000005 0.268534375 0.472796875 0.268053125 0.4756796875 0.26875000000000004 0.4754468919468547 0.26875000000000004 0.48125 0.27343750000000006 0.4890625 0.28125000000000006 0.496875 0.2859375 0.49843750000000003
0 0.13425925925925927 0.2847222222222222 0.1388888888888889 0.2847222222222222 0.14351851851851852 0.28935185185185186 0.14814814814814814 0.28935185185185186 0.15046296296296297 0.2916666666666667 0.13425925925925927 0.2916666666666667 0.13425925925925927 0.28703703703703703
0 0.6921296296296297 0.36574074074074076 0.7060185185185185 0.36574074074074076 0.7083333333333334 0.3680555555555556 0.6990740740740741 0.3680555555555556 0.6967592592592593 0.37037037037037035 0.6921296296296297 0.3680555555555556
0 0.4236111111111111 0.3819444444444444 0.42592592592592593 0.3819444444444444 0.4236111111111111 0.38657407407407407 0.42824074074074076 0.3912037037037037 0.43287037037037035 0.3888888888888889 0.43287037037037035 0.3819444444444444 0.43287037037037035 0.3888888888888889 0.4351851851851852 0.3912037037037037 0.43287037037037035 0.3888888888888889 0.4305555555555556 0.39351851851851855 0.4351851851851852 0.39814814814814814 0.4398148148148148 0.3958333333333333 0.4398148148148148 0.40046296296296297 0.4375 0.3958333333333333 0.4351851851851852 0.39814814814814814 0.42592592592592593 0.3888888888888889 0.4236111111111111 0.3888888888888889 0.4236111111111111 0.38425925925925924
0 0.8171296296296297 0.5231481481481481 0.8217592592592593 0.5162037037037037 0.8263888888888888 0.5162037037037037 0.8263888888888888 0.5231481481481481 0.8310185185185185 0.5277777777777778 0.8287037037037037 0.5277777777777778 0.8263888888888888 0.5324074074074074 0.8310185185185185 0.5370370370370371 0.8333333333333334 0.5347222222222222 0.8333333333333334 0.5324074074074074 0.8333333333333334 0.5370370370370371 0.8310185185185185 0.5370370370370371 0.8240740740740741 0.5300925925925926 0.8287037037037037 0.5277777777777778 0.8240740740740741 0.5162037037037037 0.8171296296296297 0.5208333333333334
0 0.33564814814814814 0.6689814814814815 0.3402777777777778 0.6689814814814815 0.3402777777777778 0.6712962962962963 0.33796296296296297 0.6689814814814815 0.3333333333333333 0.6759259259259259 0.33564814814814814 0.6805555555555556 0.33796296296296297 0.6782407407407407 0.3472222222222222 0.6782407407407407 0.33796296296296297 0.6782407407407407 0.3333333333333333 0.6805555555555556 0.3333333333333333 0.6736111111111112 0.33564814814814814 0.6712962962962963