4 0.90768125 0.8270765625000001 0.9533859375 0.8269374999999999 0.9534796875 0.7829250000000001 0.90768125 0.7825078124999999 0.90768125 0.8270765625000001
4 0.9125609374999999 0.29375312499999995 0.9593046875 0.29537968749999993 0.960525 0.24658125 0.9141874999999999 0.2478015625 0.9125609374999999 0.29375312499999995
4 0.8560609375 0.541703125 0.9031578125 0.540828125 0.9028062499999999 0.49534531249999997 0.8556546875000001 0.49656406249999996 0.8560609375 0.541703125
4 0.737371875 0.4298734375 0.737778125 0.3843281250000001 0.691034375 0.38392187499999997 0.691034375 0.4298734375 0.737371875 0.4298734375
4 0.691034375 0.698846875 0.7356875 0.6991984375 0.7353390625 0.6524890624999999 0.6902203124999999 0.6524890624999999 0.691034375 0.698846875
4 0.47736562499999996 0.8223093750000001 0.5217578125 0.8255593750000001 0.522840625 0.7789812500000001 0.47736562499999996 0.7789812500000001 0.47736562499999996 0.8223093750000001
4 0.04102499999999988 0.8298921874999999 0.08433437500000004 0.832059375 0.08216874999999983 0.7843968750000001 0.039942187499999976 0.78548125 0.04102499999999988 0.8298921874999999
4 0.03019843749999988 0.540675 0.07483125000000007 0.541509375 0.0735062499999999 0.494096875 0.02803281249999993 0.49301249999999996 0.03019843749999988 0.540675
4 0.024784374999999942 0.304534375 0.06804218750000002 0.30294375000000007 0.0670109374999998 0.2557890624999999 0.0237015624999999 0.2557890624999999 0.024784374999999942 0.304534375
4 0.2088484374999999 0.3576109374999999 0.2521578124999999 0.3576109374999999 0.2521578124999999 0.3142828125 0.207765625 0.3142828125 0.2088484374999999 0.3576109374999999
4 0.2478265624999999 0.5363421875 0.2920609375 0.5376296875 0.29113593749999994 0.49301249999999996 0.2478265624999999 0.494096875 0.2478265624999999 0.5363421875
4 0.47890937499999997 0.5343078124999999 0.5238968749999999 0.535034375 0.5240609374999999 0.48708281249999996 0.4799359374999999 0.488109375 0.47890937499999997 0.5343078124999999
3 0.8055555555555556 0.7337962962962963 0.8101851851851852 0.7337962962962963 0.8171296296296297 0.7291666666666666 0.8240740740740741 0.7291666666666666 0.8657407407407407 0.7916666666666666 0.8657407407407407 0.7986111111111112 0.8587962962962963 0.8032407407407407 0.8541666666666666 0.8032407407407407 0.8472222222222222 0.8125 0.8402777777777778 0.8101851851851852 0.8356481481481481 0.8032407407407407 0.8356481481481481 0.7986111111111112 0.8217592592592593 0.7800925925925926 0.8217592592592593 0.7754629629629629 0.8171296296296297 0.7685185185185185 0.8125 0.7662037037037037 0.8101851851851852 0.7592592592592593 0.8055555555555556 0.7569444444444444 0.8009259259259259 0.7476851851851852 0.8009259259259259 0.7430555555555556 0.7986111111111112 0.7407407407407407 0.8055555555555556 0.7361111111111112
3 0.4976851851851852 0.6342592592592593 0.4976851851851852 0.6365740740740741 0.5023148148148148 0.6388888888888888 0.5023148148148148 0.6412037037037037 0.5115740740740741 0.6481481481481481 0.5115740740740741 0.6504629629629629 0.5162037037037037 0.6527777777777778 0.5162037037037037 0.6550925925925926 0.5208333333333334 0.6574074074074074 0.5208333333333334 0.6597222222222222 0.5370370370370371 0.6759259259259259 0.5370370370370371 0.6805555555555556 0.5254629629629629 0.6921296296296297 0.5254629629629629 0.6944444444444444 0.5069444444444444 0.7106481481481481 0.5 0.7106481481481481 0.4513888888888889 0.6597222222222222 0.4513888888888889 0.6527777777777778 0.4537037037037037 0.6527777777777778 0.45601851851851855 0.6481481481481481 0.4583333333333333 0.6481481481481481 0.46064814814814814 0.6435185185185185 0.46296296296296297 0.6435185185185185 0.4652777777777778 0.6388888888888888 0.4675925925925926 0.6388888888888888 0.48148148148148145 0.625 0.4861111111111111 0.625 0.49537037037037035 0.6342592592592593
3 0.5254629629629629 0.3125 0.5439814814814815 0.3263888888888889 0.5509259259259259 0.33564814814814814 0.5601851851851852 0.3402777777777778 0.5625 0.3449074074074074 0.5694444444444444 0.3472222222222222 0.5787037037037037 0.35648148148148145 0.5740740740740741 0.36574074074074076 0.5694444444444444 0.3680555555555556 0.5694444444444444 0.3726851851851852 0.5532407407407407 0.3888888888888889 0.5532407407407407 0.3912037037037037 0.5486111111111112 0.39351851851851855 0.5486111111111112 0.3958333333333333 0.5439814814814815 0.3958333333333333 0.5347222222222222 0.38657407407407407 0.5231481481481481 0.37962962962962965 0.48842592592592593 0.3472222222222222 0.48842592592592593 0.3425925925925926 0.4930555555555556 0.33564814814814814 0.4976851851851852 0.3333333333333333 0.5 0.3263888888888889 0.5023148148148148 0.3263888888888889 0.5046296296296297 0.32175925925925924 0.5185185185185185 0.3101851851851852 0.5185185185185185 0.30787037037037035 0.5208333333333334 0.30787037037037035 0.5231481481481481 0.3125
3 0.9305555555555556 0.4305555555555556 0.9328703703703703 0.4351851851851852 0.9328703703703703 0.44675925925925924 0.9351851851851852 0.44907407407407407 0.9375 0.4861111111111111 0.9398148148148148 0.48842592592592593 0.9398148148148148 0.5115740740740741 0.9259259259259259 0.5115740740740741 0.9189814814814815 0.5162037037037037 0.9120370370370371 0.5162037037037037 0.9097222222222222 0.5115740740740741 0.9074074074074074 0.47685185185185186 0.9050925925925926 0.47453703703703703 0.9027777777777778 0.44212962962962965 0.9004629629629629 0.4398148148148148 0.9004629629629629 0.4351851851851852 0.9120370370370371 0.4305555555555556 0.9282407407407407 0.4305555555555556
3 0.12268518518518519 0.7129629629629629 0.13194444444444445 0.7199074074074074 0.13657407407407407 0.7199074074074074 0.14583333333333334 0.7245370370370371 0.15046296296296297 0.7291666666666666 0.1550925925925926 0.7291666666666666 0.18287037037037038 0.7476851851851852 0.18287037037037038 0.7523148148148148 0.17824074074074073 0.7569444444444444 0.17824074074074073 0.7615740740740741 0.1736111111111111 0.7662037037037037 0.1736111111111111 0.7708333333333334 0.16898148148148148 0.7754629629629629 0.16898148148148148 0.7800925925925926 0.1597222222222222 0.7893518518518519 0.1527777777777778 0.7893518518518519 0.14814814814814814 0.7847222222222222 0.14351851851851852 0.7847222222222222 0.1388888888888889 0.7800925925925926 0.13425925925925927 0.7800925925925926 0.12731481481481483 0.7731481481481481 0.11805555555555555 0.7708333333333334 0.10648148148148148 0.7615740740740741 0.10185185185185185 0.7615740740740741 0.09259259259259259 0.7546296296296297 0.09490740740740741 0.7453703703703703 0.09953703703703703 0.7407407407407407 0.09953703703703703 0.7314814814814815 0.11574074074074074 0.7106481481481481 0.12037037037037036 0.7129629629629629
5 0.18981481481481483 0.4930555555555556 0.2013888888888889 0.49074074074074076 0.2037037037037037 0.4930555555555556 0.20833333333333334 0.4930555555555556 0.20833333333333334 0.4976851851851852 0.21064814814814814 0.5 0.20833333333333334 0.5115740740740741 0.19907407407407407 0.5138888888888888 0.19675925925925927 0.5115740740740741 0.19212962962962962 0.5115740740740741 0.1875 0.5046296296296297 0.1875 0.4976851851851852 0.18981481481481483 0.49537037037037035
5 0.4236111111111111 0.3773148148148148 0.42592592592592593 0.3819444444444444 0.4236111111111111 0.38425925925925924 0.4236111111111111 0.3958333333333333 0.4074074074074074 0.3958333333333333 0.4027777777777778 0.3888888888888889 0.4027777777777778 0.38425925925925924 0.4074074074074074 0.3773148148148148 0.41203703703703703 0.375 0.41898148148148145 0.375 0.4212962962962963 0.3773148148148148
5 0.3680555555555556 0.6273148148148148 0.02546296296296296 0.02546296296296296
5 0.8796296296296297 0.6574074074074074 0.8888888888888888 0.6550925925925926 0.8912037037037037 0.6574074074074074 0.8958333333333334 0.6574074074074074 0.9004629629629629 0.6643518518518519 0.9004629629629629 0.6689814814814815 0.8935185185185185 0.6782407407407407 0.8842592592592593 0.6782407407407407 0.8796296296296297 0.6759259259259259 0.875 0.6689814814814815 0.8796296296296297 0.6597222222222222
5 0.8240740740740741 0.4027777777777778 0.8263888888888888 0.41203703703703703 0.8240740740740741 0.41435185185185186 0.8240740740740741 0.41898148148148145 0.8171296296296297 0.4236111111111111 0.8055555555555556 0.41898148148148145 0.8009259259259259 0.41203703703703703 0.8009259259259259 0.4074074074074074 0.8032407407407407 0.4027777777777778 0.8101851851851852 0.39814814814814814 0.8171296296296297 0.39814814814814814 0.8217592592592593 0.4027777777777778
2 0.35185185185185186 0.4699074074074074 0.35185185185185186 0.47453703703703703 0.3472222222222222 0.48148148148148145 0.3425925925925926 0.4837962962962963 0.3425925925925926 0.48842592592592593 0.33796296296296297 0.4930555555555556 0.33796296296296297 0.4976851851851852 0.3287037037037037 0.5162037037037037 0.3194444444444444 0.5277777777777778 0.3194444444444444 0.5324074074074074 0.3148148148148148 0.5416666666666666 0.3055555555555556 0.5532407407407407 0.30324074074074076 0.5532407407407407 0.3055555555555556 0.5439814814814815 0.3125 0.5370370370370371 0.3125 0.5324074074074074 0.32175925925925924 0.5138888888888888 0.3263888888888889 0.5092592592592593 0.3263888888888889 0.5046296296296297 0.33101851851851855 0.5 0.33101851851851855 0.4930555555555556 0.33564814814814814 0.49074074074074076 0.33564814814814814 0.4837962962962963 0.3402777777777778 0.48148148148148145 0.3402777777777778 0.47685185185185186 0.3449074074074074 0.4722222222222222 0.3449074074074074 0.4675925925925926 0.34953703703703703 0.4699074074074074
2 0.16435185185185186 0.6342592592592593 0.16435185185185186 0.6365740740740741 0.14583333333333334 0.6550925925925926 0.14351851851851852 0.6550925925925926 0.13657407407407407 0.6643518518518519 0.11805555555555555 0.6782407407407407 0.11574074074074074 0.6828703703703703 0.09722222222222222 0.6990740740740741 0.09722222222222222 0.7013888888888888 0.09027777777777778 0.7013888888888888 0.08796296296296297 0.6990740740740741 0.08796296296296297 0.6944444444444444 0.09953703703703703 0.6875 0.10416666666666667 0.6805555555555556 0.1087962962962963 0.6782407407407407 0.1087962962962963 0.6759259259259259 0.1111111111111111 0.6759259259259259 0.12037037037037036 0.6666666666666666 0.12268518518518519 0.6666666666666666 0.125 0.6620370370370371 0.15046296296296297 0.6435185185185185 0.1527777777777778 0.6388888888888888 0.16203703703703703 0.6342592592592593
2 0.38425925925925924 0.7731481481481481 0.05787037037037037 0.08796296296296297
2 0.7175925925925926 0.7476851851851852 0.7199074074074074 0.7430555555555556 0.7245370370370371 0.7430555555555556 0.7314814814814815 0.7615740740740741 0.7407407407407407 0.7731481481481481 0.7407407407407407 0.7777777777777778 0.7476851851851852 0.7847222222222222 0.7476851851851852 0.7893518518518519 0.7569444444444444 0.8009259259259259 0.7569444444444444 0.8055555555555556 0.7662037037037037 0.8194444444444444 0.7662037037037037 0.8240740740740741 0.7708333333333334 0.8310185185185185 0.7638888888888888 0.8287037037037037 0.7592592592592593 0.8171296296296297 0.7546296296296297 0.8125 0.7546296296296297 0.8078703703703703 0.7430555555555556 0.7939814814814815 0.7430555555555556 0.7893518518518519 0.7245370370370371 0.7615740740740741 0.7245370370370371 0.7569444444444444 0.7199074074074074 0.75
2 0.8101851851851852 0.5439814814814815 0.8194444444444444 0.5486111111111112 0.8356481481481481 0.5671296296296297 0.8379629629629629 0.5671296296296297 0.8865740740740741 0.6111111111111112 0.8796296296296297 0.6157407407407407 0.875 0.6087962962962963 0.8518518518518519 0.5879629629629629 0.8495370370370371 0.5879629629629629 0.8495370370370371 0.5856481481481481 0.8449074074074074 0.5833333333333334 0.8449074074074074 0.5810185185185185 0.8402777777777778 0.5787037037037037 0.8402777777777778 0.5763888888888888 0.8356481481481481 0.5740740740740741 0.8356481481481481 0.5717592592592593 0.8310185185185185 0.5694444444444444 0.8310185185185185 0.5671296296296297 0.8263888888888888 0.5648148148148148 0.8263888888888888 0.5625 0.8217592592592593 0.5601851851851852 0.8101851851851852 0.5462962962962963
1 0.34843749999999996 0.34062499999999996 0.3265625 0.33281249999999996 0.31718749999999996 0.3265625 0.29999999999999993 0.3203125 0.29374999999999996 0.3203125 0.2875 0.3265625 0.2875 0.3359375 0.29374999999999996 0.3421875 0.31447968749999994 0.3499390625 0.32133124999999996 0.35193749999999996 0.33218125 0.35679062500000003 0.3418890625 0.36192968749999993 0.34687499999999993 0.36406249999999996 0.3531249999999999 0.3671875 0.35468749999999993 0.3671875 0.359375 0.365625 0.36406249999999996 0.3609374999999999 0.365625 0.3531249999999999 0.36406249999999996 0.35 0.35624999999999996 0.34687500000000004 0.34843749999999996 0.34062499999999996
1 0.36574074074074076 0.48842592592592593 0.36342592592592593 0.4861111111111111 0.36342592592592593 0.4791666666666667 0.36574074074074076 0.4791666666666667 0.3680555555555556 0.47453703703703703 0.3819444444444444 0.47453703703703703 0.38657407407407407 0.4791666666666667 0.3819444444444444 0.47453703703703703 0.37037037037037035 0.47453703703703703 0.36342592592592593 0.48148148148148145 0.36574074074074076 0.4861111111111111
1 0.5555555555555556 0.5138888888888888 0.5671296296296297 0.5138888888888888 0.5740740740740741 0.5231481481481481 0.5856481481481481 0.5254629629629629 0.5902777777777778 0.5208333333333334 0.5902777777777778 0.5138888888888888 0.5856481481481481 0.5069444444444444 0.5856481481481481 0.5023148148148148 0.5949074074074074 0.49074074074074076 0.6064814814814815 0.48842592592592593 0.6041666666666666 0.4976851851851852 0.5949074074074074 0.5069444444444444 0.5949074074074074 0.5115740740740741 0.6018518518518519 0.5231481481481481 0.6018518518518519 0.5300925925925926 0.5972222222222222 0.5324074074074074 0.5972222222222222 0.5439814814814815 0.5879629629629629 0.5486111111111112 0.5833333333333334 0.5486111111111112 0.5648148148148148 0.5347222222222222 0.5578703703703703 0.5347222222222222 0.5555555555555556 0.5393518518518519 0.5439814814814815 0.5439814814814815 0.5416666666666666 0.5416666666666666 0.5416666666666666 0.5347222222222222 0.5462962962962963 0.5324074074074074 0.5439814814814815 0.5300925925925926 0.5462962962962963 0.5277777777777778 0.5439814814814815 0.5254629629629629 0.5555555555555556 0.5162037037037037
1 0.8194444444444444 0.2222222222222222 0.8217592592592593 0.22453703703703703 0.8379629629629629 0.2222222222222222 0.8518518518518519 0.23842592592592593 0.8587962962962963 0.2337962962962963 0.8657407407407407 0.2337962962962963 0.8657407407407407 0.2361111111111111 0.8611111111111112 0.24074074074074073 0.8495370370370371 0.24537037037037038 0.8402777777777778 0.24074074074074073 0.8402777777777778 0.23842592592592593 0.8287037037037037 0.22685185185185186 0.8217592592592593 0.22685185185185186 0.8125 0.2361111111111111 0.8125 0.24768518518518517 0.8194444444444444 0.2569444444444444 0.8194444444444444 0.2662037037037037 0.8171296296296297 0.2662037037037037 0.8148148148148148 0.2708333333333333 0.8101851851851852 0.2708333333333333 0.8055555555555556 0.27546296296296297 0.8009259259259259 0.27546296296296297 0.7962962962962963 0.2800925925925926 0.7916666666666666 0.2800925925925926 0.7916666666666666 0.2777777777777778 0.8101851851851852 0.26157407407407407 0.8009259259259259 0.24768518518518517 0.8009259259259259 0.2337962962962963 0.8078703703703703 0.22685185185185186 0.8171296296296297 0.22453703703703703
1 0.7734375 0.5578124999999999 0.75625 0.5406249999999999 0.74988125 0.54518125 0.7447640624999999 0.5481328125 0.7386640624999999 0.5538390624999999 0.7278406249999999 0.5556109375 0.72075625 0.5489203125 0.71918125 0.5414421875 0.7221328124999999 0.5355375 0.7265625 0.53125 0.72764375 0.52825625 0.73125 0.5203125 0.71875 0.5031249999999999 0.7109375 0.5015624999999999 0.709375 0.5046875 0.71875 0.5140625 0.7203125 0.5234375 0.709375 0.5375 0.7109375 0.5499999999999999 0.71875 0.559375 0.7265625 0.5609375 0.73125 0.5640624999999999 0.7328125 0.5640624999999999 0.7375 0.5640624999999999 0.746875 0.559375 0.75625 0.5499999999999999 0.7625 0.5562499999999999 0.7734375 0.5625 0.7734375 0.5578124999999999
0 0.2916666666666667 0.6296296296296297 0.2986111111111111 0.6296296296296297 0.30092592592592593 0.6273148148148148 0.3055555555555556 0.6273148148148148 0.3055555555555556 0.6319444444444444 0.2916666666666667 0.6319444444444444 0.28935185185185186 0.6296296296296297
0 0.17824074074074073 0.47453703703703703 0.17824074074074073 0.47685185185185186 0.1736111111111111 0.4791666666666667 0.16666666666666666 0.4675925925925926 0.16666666666666666 0.46296296296296297 0.16898148148148148 0.46296296296296297 0.17592592592592593 0.47453703703703703
0 0.8495370370370371 0.7060185185185185 0.8611111111111112 0.7060185185185185 0.8634259259259259 0.7083333333333334 0.8634259259259259 0.7129629629629629 0.8587962962962963 0.7129629629629629 0.8541666666666666 0.7083333333333334 0.8495370370370371 0.7083333333333334 0.8472222222222222 0.7060185185185185
0 0.5625 0.6111111111111112 0.5625 0.6064814814814815 0.5578703703703703 0.5995370370370371 0.5625 0.5995370370370371 0.5694444444444444 0.6087962962962963 0.5694444444444444 0.6157407407407407 0.5671296296296297 0.6157407407407407 0.5648148148148148 0.6111111111111112
0 0.6435185185185185 0.32175925925925924 0.6458333333333334 0.31712962962962965 0.6504629629629629 0.3194444444444444 0.6597222222222222 0.31712962962962965 0.6574074074074074 0.3194444444444444 0.6458333333333334 0.31712962962962965 0.6435185185185185 0.3194444444444444 0.6504629629629629 0.32407407407407407 0.6458333333333334 0.32175925925925924