4 0.90768125 0.8270765625000001 0.9533859375 0.8269374999999999 0.9534796875 0.7829250000000001 0.90768125 0.7825078124999999 0.90768125 0.8270765625000001
4 0.9125609374999999 0.29375312499999995 0.9593046875 0.29537968749999993 0.960525 0.24658125 0.9141874999999999 0.2478015625 0.9125609374999999 0.29375312499999995
4 0.8560609375 0.541703125 0.9031578125 0.540828125 0.9028062499999999 0.49534531249999997 0.8556546875000001 0.49656406249999996 0.8560609375 0.541703125
4 0.737371875 0.4298734375 0.737778125 0.3843281250000001 0.691034375 0.38392187499999997 0.691034375 0.4298734375 0.737371875 0.4298734375
4 0.691034375 0.698846875 0.7356875 0.6991984375 0.7353390625 0.6524890624999999 0.6902203124999999 0.6524890624999999 0.691034375 0.698846875
4 0.47736562499999996 0.8223093750000001 0.5217578125 0.8255593750000001 0.522840625 0.7789812500000001 0.47736562499999996 0.7789812500000001 0.47736562499999996 0.8223093750000001
4 0.04102499999999988 0.8298921874999999 0.08433437500000004 0.832059375 0.08216874999999983 0.7843968750000001 0.039942187499999976 0.78548125 0.04102499999999988 0.8298921874999999
4 0.03019843749999988 0.540675 0.07483125000000007 0.541509375 0.0735062499999999 0.494096875 0.02803281249999993 0.49301249999999996 0.03019843749999988 0.540675
4 0.024784374999999942 0.304534375 0.06804218750000002 0.30294375000000007 0.0670109374999998 0.2557890624999999 0.0237015624999999 0.2557890624999999 0.024784374999999942 0.304534375
4 0.2088484374999999 0.3576109374999999 0.2521578124999999 0.3576109374999999 0.2521578124999999 0.3142828125 0.207765625 0.3142828125 0.2088484374999999 0.3576109374999999
4 0.2478265624999999 0.5363421875 0.2920609375 0.5376296875 0.29113593749999994 0.49301249999999996 0.2478265624999999 0.494096875 0.2478265624999999 0.5363421875
4 0.47890937499999997 0.5343078124999999 0.5238968749999999 0.535034375 0.5240609374999999 0.48708281249999996 0.4799359374999999 0.488109375 0.47890937499999997 0.5343078124999999
1 0.846225 0.6770203125 0.844171875 0.681128125 0.8438296875 0.6845515624999999 0.8438296875 0.6890015625000001 0.849646875 0.6927687499999999 0.8540953125 0.6944796875 0.8595703125 0.694821875 0.86675625 0.6927687499999999 0.8681249999999999 0.6903718749999999 0.8712062500000001 0.683525 0.8708640625 0.6790734375 0.8708640625 0.6759921874999999 0.8729171875 0.670171875 0.874628125 0.6667484375 0.8753124999999999 0.6578484375 0.8753124999999999 0.6516859375 0.87668125 0.6455234375000001 0.87394375 0.6376484374999999 0.8701796875 0.6359375 0.8691515625 0.6342249999999999 0.8691515625 0.6273781249999999 0.8698359375 0.6232703125 0.868809375 0.61745 0.8657296875 0.6147109374999999 0.859228125 0.610603125 0.8479359375 0.6157375 0.8461343749999999 0.6353484374999999 0.852384375 0.64346875 0.8540953125 0.6499734375 0.8534109375 0.6585328125 0.852384375 0.664353125 0.85033125 0.670171875 0.8486203125 0.673596875 0.846225 0.6770203125
1 0.6131828125 0.6236125 0.6083921875 0.6273781249999999 0.6029171875 0.6290890625000001 0.5988109375 0.6290890625000001 0.5947046874999999 0.631828125 0.5929937500000001 0.6328562499999999 0.5888859375 0.6373062500000001 0.5820421874999999 0.6431265625 0.5799890624999999 0.648946875 0.5817 0.6530546875 0.587859375 0.6557937500000001 0.5912828124999999 0.658190625 0.5953890625 0.658190625 0.6032593749999999 0.6537390625 0.6032593749999999 0.6516859375 0.6111296875 0.6482609375 0.615578125 0.6486046875 0.6193421874999999 0.64655 0.6251609375 0.6427843750000001 0.6320046875 0.638675 0.6347421875 0.6328562499999999 0.639190625 0.6284046875 0.6405593749999999 0.625665625 0.6436390625 0.6225843750000001 0.6484296875 0.6198453125 0.65219375 0.616765625 0.6539062499999999 0.6147109374999999 0.655275 0.6112875 0.6539062499999999 0.6068359375 0.648771875 0.6023859375 0.6429546875000001 0.5979359375 0.6347421875 0.6017015625 0.6299515625 0.6061515625 0.6237921874999999 0.6092328125 0.616946875 0.6164218749999999 0.6131828125 0.6236125
1 0.5034375 0.684021875 0.501384375 0.677175 0.5024109375 0.6727234375000001 0.5017265625 0.66793125 0.49967343749999993 0.6648499999999999 0.49625156249999997 0.6603984375 0.48940625 0.659371875 0.48701093749999996 0.659371875 0.483246875 0.6621109375 0.48085156249999994 0.66621875 0.48085156249999994 0.6720390625 0.48119375 0.6778593749999999 0.48119375 0.6826515625 0.48085156249999994 0.6877874999999999 0.47948281249999997 0.6905265625 0.47811406249999994 0.69874375 0.47845624999999997 0.7035359375 0.47777187499999996 0.7083296875 0.47914062499999993 0.7155187500000001 0.480509375 0.720996875 0.48153593749999996 0.72305 0.48085156249999994 0.725446875 0.48085156249999994 0.7312671875 0.48119375 0.7364015625 0.48393125 0.7387984375000001 0.49009062499999995 0.7435921874999999 0.4948828125 0.742221875 0.49933124999999995 0.740853125 0.5031546874999999 0.7331234375 0.50206875 0.72305 0.5024109375 0.717915625 0.5017265625 0.7103828125 0.5006999999999999 0.7042203125 0.5006999999999999 0.697715625 0.5024109375 0.6922390625 0.5034375 0.684021875
1 0.40012187499999996 0.37077187500000003 0.39563281249999993 0.3752624999999999 0.3886171874999999 0.37666718750000006 0.38160312500000004 0.37919374999999994 0.3790765624999999 0.38143906249999987 0.3734656249999999 0.38649218750000003 0.36757187499999994 0.3915453124999999 0.36364375000000004 0.39407187500000007 0.36055781249999996 0.39715937500000004 0.3588734375 0.40305468749999995 0.354384375 0.4081078125 0.349053125 0.41203749999999995 0.350175 0.42242343749999994 0.35606874999999993 0.42691562499999997 0.35971562500000004 0.42747656249999993 0.36645 0.42551249999999996 0.37065937499999996 0.42270468749999995 0.37290312500000006 0.42017812499999996 0.37570937499999996 0.4176515625 0.3796375 0.41428281250000004 0.38019999999999987 0.41091406249999995 0.381321875 0.4072656249999999 0.38693437499999994 0.40305468749999995 0.39114218750000007 0.3988437499999999 0.3984375 0.39491406249999994 0.405453125 0.3929484375000001 0.42060468749999996 0.38368437499999997 0.4222890624999999 0.3822812499999999 0.42256875 0.3763859374999999 0.42032499999999995 0.37161406250000006 0.41695781249999997 0.3682453125 0.41022343749999995 0.36627968749999984 0.4048921874999999 0.366840625 0.40012187499999996 0.37077187500000003
1 0.08425624999999991 0.38800312499999995 0.08531875000000005 0.3874703124999999 0.08771093749999997 0.3853437499999999 0.08930468749999992 0.37976093750000006 0.08957031249999996 0.37470937500000007 0.08930468749999992 0.3720515625 0.0871781249999999 0.3683296875 0.08372343749999984 0.36620312499999996 0.07787812499999987 0.36434218749999986 0.07256406249999996 0.36487343749999995 0.06804531249999989 0.36939218749999986 0.06565468749999998 0.3765703124999999 0.06432499999999992 0.3818875000000001 0.06432499999999992 0.38481249999999995 0.06273124999999997 0.38826875 0.06113750000000003 0.38933125 0.053431249999999944 0.393053125 0.052632812499999834 0.39491406249999994 0.05236718749999993 0.40076249999999997 0.05103906249999989 0.40740937499999996 0.05077343749999999 0.41166249999999993 0.05210156250000003 0.41910625 0.05396249999999988 0.42229687499999996 0.05794843749999988 0.42548749999999996 0.06193437500000001 0.42841250000000003 0.06113750000000003 0.4347921875 0.06060468749999996 0.43904531249999995 0.06166874999999984 0.44409687499999995 0.06592031249999987 0.44702187499999996 0.07229687499999991 0.4494140625 0.07734687499999993 0.44914843749999994 0.08133281249999992 0.4464890624999999 0.08399062500000001 0.440109375 0.08292656249999987 0.4316015625 0.0821296874999999 0.42522187499999997 0.07654999999999983 0.421765625 0.07203125000000002 0.4135234374999999 0.07229687499999991 0.40740937499999996 0.07442343749999994 0.3994343749999999 0.0781437499999999 0.3933187499999999 0.08027031250000005 0.3895968749999999 0.08425624999999991 0.38800312499999995