4 0.09231875 0.8270765625000001 0.09231875 0.7825078124999999 0.0465203125 0.7829250000000001 0.0466140625 0.8269374999999999 0.09231875 0.8270765625000001
4 0.08743906250000001 0.29375312499999995 0.08581250000000001 0.2478015625 0.039475 0.24658125 0.04069531250000001 0.29537968749999993 0.08743906250000001 0.29375312499999995
4 0.1439390625 0.541703125 0.14434531250000002 0.49656406249999996 0.09719375000000001 0.49534531249999997 0.0968421875 0.540828125 0.1439390625 0.541703125
4 0.26262812500000005 0.4298734375 0.308965625 0.4298734375 0.308965625 0.38392187499999997 0.26222187500000005 0.3843281250000001 0.26262812500000005 0.4298734375
4 0.308965625 0.698846875 0.3097796875 0.6524890624999999 0.2646609375 0.6524890624999999 0.2643125 0.6991984375 0.308965625 0.698846875
4 0.522634375 0.8223093750000001 0.522634375 0.7789812500000001 0.47715937500000005 0.7789812500000001 0.4782421875 0.8255593750000001 0.522634375 0.8223093750000001
4 0.9589750000000001 0.8298921874999999 0.9600578125 0.78548125 0.9178312500000002 0.7843968750000001 0.9156656249999999 0.832059375 0.9589750000000001 0.8298921874999999
4 0.9698015625000002 0.540675 0.9719671875000001 0.49301249999999996 0.9264937500000001 0.494096875 0.92516875 0.541509375 0.9698015625000002 0.540675
4 0.975215625 0.304534375 0.9762984375000001 0.2557890624999999 0.9329890625000002 0.2557890624999999 0.9319578125 0.30294375000000007 0.975215625 0.304534375
4 0.7911515625000001 0.3576109374999999 0.792234375 0.3142828125 0.7478421875000001 0.3142828125 0.7478421875000001 0.3576109374999999 0.7911515625000001 0.3576109374999999
4 0.7521734375000001 0.5363421875 0.7521734375000001 0.494096875 0.7088640625000001 0.49301249999999996 0.7079390625 0.5376296875 0.7521734375000001 0.5363421875
4 0.521090625 0.5343078124999999 0.5200640625 0.488109375 0.47593906250000007 0.48708281249999996 0.47610312500000007 0.535034375 0.521090625 0.5343078124999999
3 0.5593671875 0.6890734375 0.596840625 0.705884375 0.6007171875 0.700065625 0.60459375 0.6913359375 0.6071765625000002 0.6855171874999999 0.6104984375 0.6845421875 0.6091156250000002 0.6777578125 0.6120234375000001 0.67096875 0.6148609375 0.6639609375 0.6164187500000001 0.6580359375 0.6058859375 0.6538343750000001 0.56130625 0.6350828125 0.5494265625 0.6293453124999999 0.5428828125 0.6280984375 0.5399859375 0.635728125 0.536109375 0.6480140624999999 0.5322328125000001 0.6502765625 0.5299703125 0.6525406250000001 0.5325546875 0.6580359375 0.53029375 0.6619156249999999 0.526740625 0.6719390625 0.5264984375 0.67596875 0.5593671875 0.6890734375
3 0.7532890625 0.73666875 0.7540671875000001 0.7157749999999999 0.7556250000000001 0.71234375 0.7565609375000001 0.7092265625 0.7550031250000001 0.7050156249999999 0.7550031250000001 0.699246875 0.75375625 0.6866171875 0.7512640625000001 0.6855249999999999 0.7314765625 0.68599375 0.6809984375 0.6866171875 0.6724296875000001 0.6872406249999999 0.6721171875 0.6937890625 0.67180625 0.704859375 0.6711828125000001 0.7073546875 0.6699359375 0.7121890624999999 0.6711828125000001 0.7153062499999999 0.672740625 0.7181140625 0.6722734375 0.72481875 0.67180625 0.7326140625 0.671728125 0.7390390625 0.7532890625 0.73666875
1 0.7013750000000001 0.614084375 0.7079062500000001 0.6105515625 0.7103765625 0.6045453125 0.7091406250000001 0.599421875 0.7068468750000001 0.5937687500000001 0.7066703125000001 0.5886453125000001 0.7070234375000001 0.5851125 0.7034921875000001 0.5755718750000001 0.6990796875 0.5672703124999999 0.6939609375000001 0.5563171875 0.6858406250000001 0.5501328125 0.684428125 0.5423609374999999 0.682134375 0.5379437499999999 0.677896875 0.5345875 0.669953125 0.5345875 0.6651875000000002 0.536884375 0.6623640625 0.5423609374999999 0.662540625 0.5480140625 0.665540625 0.556846875 0.67030625 0.565503125 0.6731312500000001 0.5720390624999999 0.6754265625000001 0.5778687499999999 0.679309375 0.5845828125 0.68178125 0.593415625 0.6849578125 0.5995984375 0.6869000000000001 0.6075484375 0.6893703125 0.6116109375 0.6918421875 0.6135546875000001 0.7013750000000001 0.614084375
1 0.8354687500000002 0.60343125 0.83415625 0.5972999999999999 0.8324062500000001 0.59116875 0.8321875000000001 0.5863515625 0.8343750000000001 0.5839421875 0.8413765625000001 0.582409375 0.849034375 0.5786875 0.8555984375 0.5732124999999999 0.8582234375000001 0.5679578125 0.8590984375 0.5596375 0.8569109375000001 0.5532859375 0.8514406250000001 0.547375 0.8446578125 0.5429953125 0.83634375 0.5408046875 0.8299984375 0.54168125 0.8245296875 0.5425578125 0.8208093750000001 0.5436515625 0.817309375 0.5414625 0.816434375 0.5342359375 0.8149015625000001 0.5276671875 0.8120578125000001 0.52263125 0.80724375 0.5246015625 0.8059312500000002 0.5331406249999999 0.807025 0.54168125 0.8083390625 0.5493453125 0.8131515625000001 0.5530671875 0.8216843750000001 0.5532859375 0.8317500000000001 0.5519734375 0.8400640625 0.5552578125 0.8429078125000001 0.5589796875 0.8459703125000002 0.5659875 0.8459703125000002 0.5712421875 0.8398453125 0.5738703125 0.8343750000000001 0.5745265625 0.8299984375 0.5775921875 0.8245296875 0.5828484375 0.822121875 0.5902921875 0.8225593750000001 0.5968625000000001 0.8245296875 0.60343125 0.8256234375 0.6073718749999999 0.8286859375000001 0.6089046875 0.8330624999999999 0.607153125 0.8354687500000002 0.60343125