4 0.09231875 0.8270765625000001 0.09231875 0.7825078124999999 0.0465203125 0.7829250000000001 0.0466140625 0.8269374999999999 0.09231875 0.8270765625000001
4 0.08743906250000001 0.29375312499999995 0.08581250000000001 0.2478015625 0.039475 0.24658125 0.04069531250000001 0.29537968749999993 0.08743906250000001 0.29375312499999995
4 0.1439390625 0.541703125 0.14434531250000002 0.49656406249999996 0.09719375000000001 0.49534531249999997 0.0968421875 0.540828125 0.1439390625 0.541703125
4 0.26262812500000005 0.4298734375 0.308965625 0.4298734375 0.308965625 0.38392187499999997 0.26222187500000005 0.3843281250000001 0.26262812500000005 0.4298734375
4 0.308965625 0.698846875 0.3097796875 0.6524890624999999 0.2646609375 0.6524890624999999 0.2643125 0.6991984375 0.308965625 0.698846875
4 0.522634375 0.8223093750000001 0.522634375 0.7789812500000001 0.47715937500000005 0.7789812500000001 0.4782421875 0.8255593750000001 0.522634375 0.8223093750000001
4 0.9589750000000001 0.8298921874999999 0.9600578125 0.78548125 0.9178312500000002 0.7843968750000001 0.9156656249999999 0.832059375 0.9589750000000001 0.8298921874999999
4 0.9698015625000002 0.540675 0.9719671875000001 0.49301249999999996 0.9264937500000001 0.494096875 0.92516875 0.541509375 0.9698015625000002 0.540675
4 0.975215625 0.304534375 0.9762984375000001 0.2557890624999999 0.9329890625000002 0.2557890624999999 0.9319578125 0.30294375000000007 0.975215625 0.304534375
4 0.7911515625000001 0.3576109374999999 0.792234375 0.3142828125 0.7478421875000001 0.3142828125 0.7478421875000001 0.3576109374999999 0.7911515625000001 0.3576109374999999
4 0.7521734375000001 0.5363421875 0.7521734375000001 0.494096875 0.7088640625000001 0.49301249999999996 0.7079390625 0.5376296875 0.7521734375000001 0.5363421875
4 0.521090625 0.5343078124999999 0.5200640625 0.488109375 0.47593906250000007 0.48708281249999996 0.47610312500000007 0.535034375 0.521090625 0.5343078124999999
3 0.5711437500000001 0.6617578125 0.5827796875 0.678278125 0.5968515625 0.6958828125 0.6030765625000001 0.7040078125 0.6117359375000001 0.69805 0.621478125 0.6910078125 0.6252671875 0.6912781250000001 0.6271609375000001 0.6910078125 0.6285140625 0.6893828125 0.6277015625 0.6864031250000001 0.6258078125 0.6823406249999999 0.6174187500000001 0.672590625 0.6109234375 0.662840625 0.603346875 0.6533625 0.596040625 0.6441546874999999 0.5868390625000001 0.6341328125 0.580615625 0.6268203125 0.57845 0.6230296875 0.5738500000000001 0.6246546875 0.571684375 0.6303421874999999 0.5670843750000001 0.6341328125 0.562484375 0.6365703125000001 0.5554484375000001 0.6422578125 0.5711437500000001 0.6617578125
2 0.7893749999999999 0.6464624999999999 0.7934343750000001 0.63265 0.7985765625 0.6218171875 0.805340625 0.603671875 0.8121062500000001 0.5860671875 0.816978125 0.5698171875 0.8234718750000001 0.5608796875 0.8226609375000001 0.555734375 0.8207656249999999 0.555734375 0.815625 0.5551921875 0.8123765625000002 0.557359375 0.8123765625000002 0.5627765625 0.8099421875000002 0.5709 0.8031765625 0.5868796875 0.7993875000000001 0.598525 0.7942468749999999 0.6107124999999999 0.79126875 0.621275 0.78748125 0.6323796875 0.7850453125 0.6388796875000001 0.784775 0.6432125 0.7838046875000001 0.6490734375 0.7893749999999999 0.6464624999999999