4 0.09231875 0.8270765625000001 0.09231875 0.7825078124999999 0.0465203125 0.7829250000000001 0.0466140625 0.8269374999999999 0.09231875 0.8270765625000001
4 0.08743906250000001 0.29375312499999995 0.08581250000000001 0.2478015625 0.039475 0.24658125 0.04069531250000001 0.29537968749999993 0.08743906250000001 0.29375312499999995
4 0.1439390625 0.541703125 0.14434531250000002 0.49656406249999996 0.09719375000000001 0.49534531249999997 0.0968421875 0.540828125 0.1439390625 0.541703125
4 0.26262812500000005 0.4298734375 0.308965625 0.4298734375 0.308965625 0.38392187499999997 0.26222187500000005 0.3843281250000001 0.26262812500000005 0.4298734375
4 0.308965625 0.698846875 0.3097796875 0.6524890624999999 0.2646609375 0.6524890624999999 0.2643125 0.6991984375 0.308965625 0.698846875
4 0.522634375 0.8223093750000001 0.522634375 0.7789812500000001 0.47715937500000005 0.7789812500000001 0.4782421875 0.8255593750000001 0.522634375 0.8223093750000001
4 0.9589750000000001 0.8298921874999999 0.9600578125 0.78548125 0.9178312500000002 0.7843968750000001 0.9156656249999999 0.832059375 0.9589750000000001 0.8298921874999999
4 0.9698015625000002 0.540675 0.9719671875000001 0.49301249999999996 0.9264937500000001 0.494096875 0.92516875 0.541509375 0.9698015625000002 0.540675
4 0.975215625 0.304534375 0.9762984375000001 0.2557890624999999 0.9329890625000002 0.2557890624999999 0.9319578125 0.30294375000000007 0.975215625 0.304534375
4 0.7911515625000001 0.3576109374999999 0.792234375 0.3142828125 0.7478421875000001 0.3142828125 0.7478421875000001 0.3576109374999999 0.7911515625000001 0.3576109374999999
4 0.7521734375000001 0.5363421875 0.7521734375000001 0.494096875 0.7088640625000001 0.49301249999999996 0.7079390625 0.5376296875 0.7521734375000001 0.5363421875
4 0.521090625 0.5343078124999999 0.5200640625 0.488109375 0.47593906250000007 0.48708281249999996 0.47610312500000007 0.535034375 0.521090625 0.5343078124999999
0 0.11342592592592593 0.2824074074074074 0.11574074074074074 0.26851851851851855 0.11805555555555555 0.2662037037037037 0.12037037037037036 0.2662037037037037 0.12037037037037036 0.2824074074074074 0.11574074074074074 0.2824074074074074
0 0.1875 0.5138888888888888 0.013888888888888888 0.020833333333333332
0 0.10185185185185185 0.8125 0.10648148148148148 0.8101851851851852 0.1111111111111111 0.8125 0.1087962962962963 0.8148148148148148 0.1087962962962963 0.8287037037037037 0.10648148148148148 0.8287037037037037 0.10648148148148148 0.8240740740740741 0.10185185185185185 0.8148148148148148
0 0.3333333333333333 0.7245370370370371 0.33564814814814814 0.7245370370370371 0.3402777777777778 0.7314814814814815 0.3402777777777778 0.7407407407407407 0.33564814814814814 0.7407407407407407 0.3333333333333333 0.7361111111111112 0.3333333333333333 0.7268518518518519
0 0.5787037037037037 0.6203703703703703 0.5810185185185185 0.6180555555555556 0.5856481481481481 0.625 0.5856481481481481 0.6319444444444444 0.5833333333333334 0.6342592592592593 0.5856481481481481 0.6365740740740741 0.5833333333333334 0.6342592592592593 0.5856481481481481 0.6319444444444444 0.5856481481481481 0.6273148148148148 0.5810185185185185 0.6203703703703703
0 0.8587962962962963 0.7824074074074074 0.8541666666666666 0.7893518518518519 0.8541666666666666 0.7939814814814815 0.8518518518518519 0.7916666666666666 0.8518518518518519 0.7893518518518519 0.8587962962962963 0.7847222222222222
0 0.9560185185185185 0.37962962962962965 0.020833333333333332 0.016203703703703703
0 0.5555555555555556 0.44907407407407407 0.5578703703703703 0.44675925925925924 0.5625 0.44675925925925924 0.5625 0.44907407407407407 0.5509259259259259 0.46064814814814814 0.5486111111111112 0.46064814814814814 0.5439814814814815 0.45601851851851855 0.5509259259259259 0.46064814814814814 0.5578703703703703 0.4513888888888889