4 0.09231875 0.8270765625000001 0.09231875 0.7825078124999999 0.0465203125 0.7829250000000001 0.0466140625 0.8269374999999999 0.09231875 0.8270765625000001
4 0.08743906250000001 0.29375312499999995 0.08581250000000001 0.2478015625 0.039475 0.24658125 0.04069531250000001 0.29537968749999993 0.08743906250000001 0.29375312499999995
4 0.1439390625 0.541703125 0.14434531250000002 0.49656406249999996 0.09719375000000001 0.49534531249999997 0.0968421875 0.540828125 0.1439390625 0.541703125
4 0.26262812500000005 0.4298734375 0.308965625 0.4298734375 0.308965625 0.38392187499999997 0.26222187500000005 0.3843281250000001 0.26262812500000005 0.4298734375
4 0.308965625 0.698846875 0.3097796875 0.6524890624999999 0.2646609375 0.6524890624999999 0.2643125 0.6991984375 0.308965625 0.698846875
4 0.522634375 0.8223093750000001 0.522634375 0.7789812500000001 0.47715937500000005 0.7789812500000001 0.4782421875 0.8255593750000001 0.522634375 0.8223093750000001
4 0.9589750000000001 0.8298921874999999 0.9600578125 0.78548125 0.9178312500000002 0.7843968750000001 0.9156656249999999 0.832059375 0.9589750000000001 0.8298921874999999
4 0.9698015625000002 0.540675 0.9719671875000001 0.49301249999999996 0.9264937500000001 0.494096875 0.92516875 0.541509375 0.9698015625000002 0.540675
4 0.975215625 0.304534375 0.9762984375000001 0.2557890624999999 0.9329890625000002 0.2557890624999999 0.9319578125 0.30294375000000007 0.975215625 0.304534375
4 0.7911515625000001 0.3576109374999999 0.792234375 0.3142828125 0.7478421875000001 0.3142828125 0.7478421875000001 0.3576109374999999 0.7911515625000001 0.3576109374999999
4 0.7521734375000001 0.5363421875 0.7521734375000001 0.494096875 0.7088640625000001 0.49301249999999996 0.7079390625 0.5376296875 0.7521734375000001 0.5363421875
4 0.521090625 0.5343078124999999 0.5200640625 0.488109375 0.47593906250000007 0.48708281249999996 0.47610312500000007 0.535034375 0.521090625 0.5343078124999999
1 0.25752656250000006 0.25772968749999997 0.25041406250000003 0.261065625 0.24241093750000003 0.265290625 0.235965625 0.2710734375 0.2357421875 0.2793015624999999 0.23774375000000003 0.28530625 0.241078125 0.29153281250000007 0.24241093750000003 0.29375624999999994 0.24485625 0.29709218749999994 0.249746875 0.29953906249999995 0.2539703125 0.3008734375 0.2608609375 0.30065000000000003 0.2639734375 0.2999828124999999 0.268196875 0.3015406249999999 0.273309375 0.3066546875 0.27375468750000004 0.30865624999999997 0.27442187500000004 0.31132499999999996 0.2753109375 0.31466093749999996 0.27553281250000006 0.31554999999999994 0.277978125 0.31866406249999996 0.27820000000000006 0.31866406249999996 0.281090625 0.3175515625 0.28486875 0.31532812499999996 0.286646875 0.3106578124999999 0.286646875 0.30865624999999997 0.28597968749999997 0.30532031249999997 0.2837578125 0.3010953125 0.2802015625 0.2977593749999998 0.27753281250000006 0.2953125 0.274865625 0.29375624999999994 0.2657515625 0.293534375 0.25975000000000004 0.293534375 0.255971875 0.291978125 0.25174843750000003 0.2859734375 0.247746875 0.27952343749999997 0.247746875 0.2721843749999999 0.25308125000000004 0.2666249999999999 0.25641562500000004 0.26506875 0.27153125 0.26462343749999995 0.27464375 0.2635109375 0.2786453125 0.2619546875 0.27975625000000004 0.25750781250000004 0.2790890625 0.2537265625 0.2773109375 0.24727812499999993 0.2739765625 0.23949374999999998 0.269309375 0.23326718749999992 0.2637515625 0.23482343749999993 0.2628625 0.2386046875 0.26330625 0.24327500000000005 0.2639734375 0.24972343749999995 0.2655984375 0.256021875 0.25752656250000006 0.25772968749999997
1 0.31705156250000005 0.47458906250000005 0.31633125 0.4813078125 0.3189703125 0.48562812499999997 0.3220890625 0.48946718749999996 0.3297640625 0.4901875 0.34031718750000006 0.48682656249999995 0.34895156250000003 0.48658749999999995 0.3551890625 0.485146875 0.3599859375 0.4834671875 0.3638234375 0.4817875 0.36957968750000003 0.47962812499999996 0.377975 0.4779484375 0.3839703125 0.47554843750000003 0.391646875 0.47242968750000003 0.3976421875 0.46762968749999995 0.3978828125 0.46427031249999995 0.3959640625 0.459471875 0.3911671875 0.45419218749999996 0.38612968750000004 0.451553125 0.38445 0.45107343749999995 0.37437656250000007 0.455871875 0.36814062500000005 0.455871875 0.3619046875 0.45923125 0.3575875 0.46115156249999995 0.35446875000000005 0.4623515624999999 0.3463140625 0.46307187499999997 0.33983750000000007 0.46475156249999994 0.33887812500000003 0.464990625 0.32640625000000006 0.46762968749999995 0.3189703125 0.47147031249999993 0.31705156250000005 0.47458906250000005
1 0.0934265625 0.7045531249999999 0.0936609375 0.7111031250000001 0.09553125 0.7150796875 0.10044062499999999 0.7181203125000001 0.10628593750000001 0.7218625000000001 0.10955781250000002 0.7227984375 0.10955781250000002 0.7291124999999999 0.10955781250000002 0.733790625 0.117740625 0.7391703125 0.1242875 0.7426796875 0.13176875000000002 0.7457203124999999 0.1397171875 0.7475906250000001 0.14322500000000002 0.746421875 0.149303125 0.746421875 0.1542125 0.7489937499999999 0.1581875 0.752034375 0.16332968750000004 0.752034375 0.1696421875 0.750396875 0.17268281249999998 0.7478250000000001 0.17502031250000002 0.7440828124999999 0.1761890625 0.73683125 0.17502031250000002 0.7330890625 0.17104531250000002 0.7307499999999999 0.16566875000000003 0.7272421875 0.16239531250000003 0.72466875 0.15958906250000002 0.7256046875000001 0.15701875 0.726071875 0.15397812500000002 0.7265406249999999 0.1434578125 0.7253703125 0.1362109375 0.7242015625 0.13083281250000003 0.720459375 0.12732656250000002 0.7181203125000001 0.1233515625 0.7150796875 0.12265 0.7113375 0.12288437500000002 0.706190625 0.1203125 0.70525625 0.11867656250000001 0.7033843750000001 0.11633750000000001 0.702215625 0.11119531250000002 0.7003437499999999 0.1030125 0.6996421875000001 0.098209375 0.7003828125 0.0934265625 0.7045531249999999
1 0.40532656250000004 0.659634375 0.403775 0.66138125 0.4006703125 0.66836875 0.39659687500000007 0.6724453125 0.392715625 0.6736093750000001 0.3870890625 0.6718625 0.37855312500000005 0.6708921875 0.374284375 0.6726390624999999 0.370015625 0.6745796874999999 0.3634203125 0.6784625 0.36031562500000003 0.68525625 0.35992656250000005 0.690884375 0.36031562500000003 0.696125 0.3630312500000001 0.7023359375 0.36671718750000004 0.7056359375 0.37215 0.7108765625000001 0.37738906250000004 0.7135953125 0.38010468750000004 0.7176703125 0.3795234375 0.7203875000000001 0.37758281250000003 0.7264046875 0.3748671875 0.7306750000000001 0.37758281250000003 0.7328109374999999 0.37855312500000005 0.7328109374999999 0.3820453125 0.728928125 0.38417968750000003 0.72349375 0.38534375000000004 0.7186406249999999 0.38534375000000004 0.7141765625 0.38515000000000005 0.7101 0.3843734375 0.70621875 0.3816578125 0.7031125 0.37738906250000004 0.69923125 0.373703125 0.6974843749999999 0.36924062500000004 0.6953484375000001 0.365165625 0.690496875 0.3643890625 0.6881671875 0.3657484375 0.6829265625 0.36904531250000006 0.6794328125 0.37544843750000007 0.6772968749999999 0.379328125 0.677103125 0.383596875 0.6778796874999999 0.38980624999999997 0.6792390624999999 0.39485000000000003 0.6823437499999999 0.4004765625 0.6819562499999999 0.4012531250000001 0.6819562499999999 0.40435625000000003 0.6776859375 0.40687968750000003 0.6747749999999999 0.40843125 0.670309375 0.40940156250000004 0.6673984375 0.40940156250000004 0.6642921875 0.40732812500000004 0.6604078125 0.40532656250000004 0.659634375
1 0.7407407407407407 0.5902777777777778 0.7523148148148148 0.5949074074074074 0.7569444444444444 0.5995370370370371 0.7615740740740741 0.5972222222222222 0.7685185185185185 0.5995370370370371 0.7708333333333334 0.5972222222222222 0.7685185185185185 0.5925925925925926 0.7731481481481481 0.5949074074074074 0.7546296296296297 0.6087962962962963 0.75 0.6087962962962963 0.7592592592592593 0.6064814814814815 0.7662037037037037 0.5995370370370371 0.7638888888888888 0.5972222222222222 0.7569444444444444 0.5995370370370371 0.7430555555555556 0.5902777777777778