4 0.09231875 0.17292343749999997 0.0466140625 0.1730625 0.0465203125 0.217075 0.09231875 0.21749218750000002 0.09231875 0.17292343749999997
4 0.08743906250000001 0.706246875 0.04069531250000001 0.7046203125 0.039475 0.75341875 0.08581250000000001 0.7521984375 0.08743906250000001 0.706246875
4 0.1439390625 0.458296875 0.0968421875 0.45917187500000006 0.09719375000000001 0.5046546875 0.14434531250000002 0.5034359375 0.1439390625 0.458296875
4 0.26262812500000005 0.5701265624999999 0.26222187500000005 0.6156718749999999 0.308965625 0.616078125 0.308965625 0.5701265624999999 0.26262812500000005 0.5701265624999999
4 0.308965625 0.301153125 0.2643125 0.3008015625 0.2646609375 0.3475109375 0.3097796875 0.3475109375 0.308965625 0.301153125
4 0.522634375 0.177690625 0.4782421875 0.17444062500000002 0.47715937500000005 0.22101874999999999 0.522634375 0.22101874999999999 0.522634375 0.177690625
4 0.9589750000000001 0.1701078125 0.9156656249999999 0.167940625 0.9178312500000002 0.21560312499999998 0.9600578125 0.21451875 0.9589750000000001 0.1701078125
4 0.9698015625000002 0.45932500000000004 0.92516875 0.458490625 0.9264937500000001 0.505903125 0.9719671875000001 0.5069875 0.9698015625000002 0.45932500000000004
4 0.975215625 0.695465625 0.9319578125 0.6970562499999999 0.9329890625000002 0.7442109375000001 0.9762984375000001 0.7442109375000001 0.975215625 0.695465625
4 0.7911515625000001 0.6423890625 0.7478421875000001 0.6423890625 0.7478421875000001 0.6857171875 0.792234375 0.6857171875 0.7911515625000001 0.6423890625
4 0.7521734375000001 0.46365781250000004 0.7079390625 0.4623703125 0.7088640625000001 0.5069875 0.7521734375000001 0.505903125 0.7521734375000001 0.46365781250000004
4 0.521090625 0.4656921875000001 0.47610312500000007 0.464965625 0.47593906250000007 0.5129171875 0.5200640625 0.511890625 0.521090625 0.4656921875000001
2 0.563240625 0.36070625000000006 0.5699671875000001 0.36794843750000006 0.58063125 0.3792546875 0.5890078125 0.38865625000000004 0.5948484374999999 0.3952609375 0.6065265625000001 0.40923593750000004 0.61668125 0.41952656250000003 0.6187125000000001 0.421559375 0.6183312500000001 0.4238453125 0.6184578125000001 0.42714843750000003 0.620615625 0.42791093750000003 0.624678125 0.42791093750000003 0.6268359375000001 0.42740312500000005 0.6291203125000001 0.42549687500000005 0.6306437500000001 0.42295625000000003 0.62975625 0.42092343750000005 0.6270906250000001 0.419653125 0.6193468750000001 0.413809375 0.6063984375000001 0.3994531250000001 0.5943406250000001 0.38687656249999997 0.5684453125000001 0.35753125 0.564128125 0.35321093750000004 0.5593046875000001 0.35206718750000005 0.5586703125 0.3558796875 0.56019375 0.35753125 0.563240625 0.36070625000000006
2 0.7255515625000001 0.299175 0.7353796875 0.30864687500000004 0.7512140625 0.32485781249999995 0.76595625 0.3392484375 0.772690625 0.34434843750000005 0.7721453125000001 0.34835625000000003 0.7743296875000001 0.35218124999999995 0.7770593750000001 0.35236249999999997 0.7810640624999999 0.351634375 0.7843390625 0.34963125000000006 0.78525 0.3461703125 0.7843390625 0.34416562500000003 0.7808812500000001 0.342890625 0.7777875000000001 0.341615625 0.77633125 0.33961250000000004 0.765046875 0.32977656250000004 0.7479390625 0.3135640625 0.7392015625 0.30445781250000004 0.7291921875 0.2944390625 0.718271875 0.283328125 0.7107468750000001 0.2803921875 0.7117187500000001 0.28587812500000004 0.71463125 0.28915625 0.7255515625000001 0.299175
0 0.7867062500000002 0.32850156250000007 0.7888890625000001 0.3305046875 0.7898000000000001 0.332690625 0.7901640625 0.3361515625 0.7930765625 0.33815468750000005 0.7956234375000001 0.33815468750000005 0.7985359375000001 0.3372453125 0.79871875 0.33360156250000006 0.7967156250000001 0.33014062499999997 0.7947140625000001 0.32959375 0.7916203125000001 0.32704374999999997 0.7863421875000001 0.321215625 0.781771875 0.32069687499999994 0.781609375 0.323765625 0.7827015625 0.3255875 0.7867062500000002 0.32850156250000007
0 0.679771875 0.3784921875000001 0.682465625 0.37966406250000007 0.6851609375000001 0.381071875 0.6871515625 0.3811890625 0.6883234375 0.38259531250000006 0.6901984375 0.38482343750000003 0.692775 0.3844718750000001 0.6937125000000001 0.38365156250000004 0.6942984375000001 0.3811890625 0.6945328125000001 0.37896093750000004 0.693009375 0.37790625000000005 0.6901984375 0.37790625000000005 0.6873859375000001 0.3773203125000001 0.6839890625 0.37556093749999997 0.6807093750000001 0.3743890625000001 0.6770703124999999 0.37372500000000003 0.676959375 0.376146875 0.6782484375000001 0.37720312500000003 0.679771875 0.3784921875000001