4 0.47968750000000004 0.221875 0.5220046875000001 0.2217234375 0.5220046875000001 0.2197703125 0.5220046875000001 0.20922031249999998 0.5216140625000001 0.17809375 0.47968750000000004 0.178125 0.47955781249999996 0.1823921875 0.47968750000000004 0.2192484375 0.47968750000000004 0.221875
4 0.0908078125 0.21459062499999998 0.0908078125 0.1734359375 0.046928125 0.173175 0.0465375 0.216153125 0.0464078125 0.217325 0.090678125 0.21745625000000002 0.0908078125 0.21459062499999998
4 0.1234375 0.5046875000000001 0.14218750000000002 0.503125 0.1433109375 0.50455625 0.14375000000000002 0.465625 0.14218750000000002 0.46406250000000004 0.14218750000000002 0.45937500000000003 0.13217500000000001 0.45998125 0.11850625 0.4615015625 0.09843750000000001 0.4625 0.096875 0.49531250000000004 0.096234375 0.5055703125 0.1234375 0.5046875000000001
4 0.039354687500000006 0.753509375 0.06406250000000001 0.753125 0.08315937500000002 0.7542281250000001 0.0860328125 0.7544671875 0.0859375 0.74375 0.08651093750000001 0.7065828125000001 0.08281250000000001 0.70625 0.039593750000000004 0.7068218749999999 0.0390625 0.7078125 0.0390625 0.7515625 0.039354687500000006 0.753509375
4 0.2671875 0.6156250000000001 0.30312500000000003 0.6156250000000001 0.3075 0.615715625 0.3077390625 0.6104484375 0.30781250000000004 0.6078125000000001 0.30845781250000004 0.58506875 0.30869687500000004 0.57884375 0.30845781250000004 0.5711828125 0.30438750000000003 0.5711828125 0.2624984375 0.5709421875 0.2624984375 0.5733375 0.26201875 0.61619375 0.2671875 0.6156250000000001
4 0.47606562500000005 0.5116359375 0.5158015625 0.5125937500000001 0.52035 0.5128343750000001 0.5203125000000001 0.5046875000000001 0.520453125 0.4671015625 0.5180484375000001 0.4671015625 0.4765625 0.46718750000000003 0.4765625 0.47968750000000004 0.47606562500000005 0.4848203125 0.47606562500000005 0.5116359375
4 0.7097015625000002 0.50599375 0.7468750000000001 0.5062500000000001 0.7508750000000001 0.5065609375 0.7515625 0.503125 0.7514406250000001 0.463678125 0.749553125 0.4638671875 0.73633125 0.463678125 0.733309375 0.4642453125 0.7091343750000001 0.46348906250000005 0.7091343750000001 0.4676453125000001 0.7095125000000001 0.5031609375 0.7097015625000002 0.50599375
4 0.927165625 0.5058421875 0.9685281250000001 0.50603125 0.9704171875000001 0.5062203125 0.9704171875000001 0.46088125 0.9671875000000001 0.4609375 0.93125 0.4609375 0.9264109375000001 0.46125781250000003 0.927165625 0.46163593750000004 0.9277328125000002 0.5030078125 0.927165625 0.5058421875
4 0.264096875 0.347146875 0.30762656250000003 0.34802031250000004 0.30781250000000004 0.3453125 0.30781250000000004 0.3046875 0.3079171875 0.30360625 0.2643875 0.3030234375 0.264096875 0.310596875 0.2638046875 0.342340625 0.2639515625 0.3451078125 0.264096875 0.347146875
4 0.7476359375000001 0.6854140625 0.7473171875000001 0.68636875 0.7875000000000001 0.6859375000000001 0.7910687500000001 0.6855734375 0.7905921874999999 0.6586796874999999 0.7904328125000001 0.650721875 0.7905921874999999 0.6437203125000001 0.7522500000000001 0.6435609375 0.746840625 0.643403125 0.7476359375000001 0.6811171875 0.7476359375000001 0.6854140625
4 0.9745250000000001 0.6995718750000001 0.9308640625000002 0.70053125 0.9308640625000002 0.7442031250000001 0.9740453125000001 0.7442031250000001 0.9745250000000001 0.6995718750000001
1 0.827253125 0.42173906250000004 0.8293812500000001 0.42812500000000003 0.8454406250000001 0.434125 0.8433125000000001 0.442446875 0.8386687500000001 0.4472859375 0.8288000000000001 0.44864062499999996 0.8123546875000002 0.44554375000000007 0.80625 0.453125 0.80625 0.47187500000000004 0.8104187500000001 0.476703125 0.8158375 0.47573437500000004 0.817384375 0.46218750000000003 0.8409906250000001 0.46199375 0.8508578125 0.45522031250000006 0.8566625000000001 0.44825312500000003 0.8587921875 0.43915625 0.8580171875 0.4323828125 0.8555015625000001 0.426190625 0.8515625 0.4234375 0.8437 0.42231875 0.8423453125000001 0.4176750000000001 0.83344375 0.4126421875000001 0.8340249999999999 0.40606250000000005 0.8343750000000001 0.396875 0.8301546875 0.391934375 0.8235765625000001 0.3907734375 0.8210609375000002 0.40045000000000003 0.8203125 0.4046875 0.8216421875000001 0.41225625 0.827253125 0.42173906250000004
1 0.6609375000000001 0.45156250000000003 0.6625000000000001 0.4578125 0.6656984375000001 0.46458593750000005 0.6765625000000001 0.46406250000000004 0.6839015625000001 0.4607125 0.6904859375000001 0.445603125 0.69939375 0.43475625 0.705590625 0.4211984375 0.7048156250000001 0.4099640625 0.7093750000000001 0.3984375 0.7093750000000001 0.39375000000000004 0.70625 0.3875 0.703125 0.38593750000000004 0.6921875000000001 0.38593750000000004 0.6854515625000001 0.39563125000000005 0.6777046875000001 0.4188734375 0.6640625 0.44375000000000003 0.6609375000000001 0.45156250000000003
2 0.5254 0.310228125 0.5216875 0.3212203125 0.5196078125 0.33370000000000005 0.515746875 0.33830468750000003 0.518271875 0.34231562500000007 0.52480625 0.341721875 0.5267375000000001 0.32671718749999995 0.52985625 0.31646718749999997 0.5353515625 0.2924 0.5381734375 0.2788828125 0.5401046875 0.27056250000000004 0.543965625 0.255409375 0.5441140625 0.2421890625 0.539659375 0.248725 0.5372828125 0.25585625 0.5344609375 0.2711578125 0.5313421875000001 0.284378125 0.5254 0.310228125
2 0.7856812500000001 0.34996718750000005 0.7863875 0.35420312500000006 0.7921875 0.3578125 0.7971515625000001 0.35649843749999993 0.79785625 0.34855625 0.7990921875 0.3427328125 0.7999734375 0.3416734375 0.8065015624999999 0.32737812499999996 0.8140890625000002 0.307259375 0.82220625 0.28802187500000004 0.8282046875000001 0.27266875 0.8274984375000002 0.26437343750000003 0.82079375 0.2717859375 0.8162062499999999 0.2841390625 0.8052671875 0.3097296875 0.8017390625000002 0.3187296875 0.796975 0.33143750000000005 0.7911515625000001 0.34255625000000006 0.7907984375 0.34855625 0.7856812500000001 0.34996718750000005
4 0.9609375 0.171875 0.9613828125 0.17086875 0.9181546875000002 0.17086875 0.9157531250000001 0.21370625000000001 0.9605828125000001 0.2141078125 0.9609375 0.171875