4 0.09231875 0.17292343749999997 0.0466140625 0.1730625 0.0465203125 0.217075 0.09231875 0.21749218750000002 0.09231875 0.17292343749999997
4 0.08743906250000001 0.706246875 0.04069531250000001 0.7046203125 0.039475 0.75341875 0.08581250000000001 0.7521984375 0.08743906250000001 0.706246875
4 0.1439390625 0.458296875 0.0968421875 0.45917187500000006 0.09719375000000001 0.5046546875 0.14434531250000002 0.5034359375 0.1439390625 0.458296875
4 0.26262812500000005 0.5701265624999999 0.26222187500000005 0.6156718749999999 0.308965625 0.616078125 0.308965625 0.5701265624999999 0.26262812500000005 0.5701265624999999
4 0.308965625 0.301153125 0.2643125 0.3008015625 0.2646609375 0.3475109375 0.3097796875 0.3475109375 0.308965625 0.301153125
4 0.522634375 0.177690625 0.4782421875 0.17444062500000002 0.47715937500000005 0.22101874999999999 0.522634375 0.22101874999999999 0.522634375 0.177690625
4 0.9589750000000001 0.1701078125 0.9156656249999999 0.167940625 0.9178312500000002 0.21560312499999998 0.9600578125 0.21451875 0.9589750000000001 0.1701078125
4 0.9698015625000002 0.45932500000000004 0.92516875 0.458490625 0.9264937500000001 0.505903125 0.9719671875000001 0.5069875 0.9698015625000002 0.45932500000000004
4 0.975215625 0.695465625 0.9319578125 0.6970562499999999 0.9329890625000002 0.7442109375000001 0.9762984375000001 0.7442109375000001 0.975215625 0.695465625
4 0.7911515625000001 0.6423890625 0.7478421875000001 0.6423890625 0.7478421875000001 0.6857171875 0.792234375 0.6857171875 0.7911515625000001 0.6423890625
4 0.7521734375000001 0.46365781250000004 0.7079390625 0.4623703125 0.7088640625000001 0.5069875 0.7521734375000001 0.505903125 0.7521734375000001 0.46365781250000004
4 0.521090625 0.4656921875000001 0.47610312500000007 0.464965625 0.47593906250000007 0.5129171875 0.5200640625 0.511890625 0.521090625 0.4656921875000001
1 0.26157407407407407 0.7222222222222222 0.2638888888888889 0.7245370370370371 0.2638888888888889 0.7384259259259259 0.2569444444444444 0.7430555555555556 0.25 0.7430555555555556 0.24305555555555555 0.7546296296296297 0.2361111111111111 0.7546296296296297 0.22453703703703703 0.7592592592592593 0.18287037037037038 0.7592592592592593 0.17824074074074073 0.7546296296296297 0.17824074074074073 0.7453703703703703 0.19212962962962962 0.7361111111111112 0.2175925925925926 0.7361111111111112 0.23842592592592593 0.7268518518518519 0.24305555555555555 0.7222222222222222 0.25925925925925924 0.7222222222222222
1 0.38657407407407407 0.6319444444444444 0.39351851851851855 0.6388888888888888 0.39351851851851855 0.6550925925925926 0.39814814814814814 0.6597222222222222 0.40046296296296297 0.6759259259259259 0.41203703703703703 0.6990740740740741 0.4074074074074074 0.7106481481481481 0.39351851851851855 0.7106481481481481 0.3912037037037037 0.7083333333333334 0.38657407407407407 0.7013888888888888 0.38657407407407407 0.6944444444444444 0.375 0.6712962962962963 0.375 0.6550925925925926 0.37037037037037035 0.6481481481481481 0.37037037037037035 0.6365740740740741 0.3773148148148148 0.6319444444444444 0.38425925925925924 0.6319444444444444
1 0.375 0.28935185185185186 0.37962962962962965 0.2916666666666667 0.38425925925925924 0.2986111111111111 0.38425925925925924 0.3101851851851852 0.3819444444444444 0.3125 0.3819444444444444 0.36342592592592593 0.3773148148148148 0.3726851851851852 0.36574074074074076 0.3726851851851852 0.3611111111111111 0.37037037037037035 0.3611111111111111 0.3472222222222222 0.35648148148148145 0.33564814814814814 0.35648148148148145 0.33101851851851855 0.3587962962962963 0.3287037037037037 0.3587962962962963 0.3125 0.3611111111111111 0.3101851851851852 0.3611111111111111 0.2962962962962963 0.36574074074074076 0.2916666666666667 0.3726851851851852 0.28935185185185186
1 0.7361111111111112 0.35648148148148145 0.7523148148148148 0.35648148148148145 0.7569444444444444 0.3611111111111111 0.7638888888888888 0.3611111111111111 0.7662037037037037 0.3726851851851852 0.7685185185185185 0.375 0.7662037037037037 0.37962962962962965 0.7685185185185185 0.3819444444444444 0.7685185185185185 0.38657407407407407 0.7731481481481481 0.3912037037037037 0.7800925925925926 0.3888888888888889 0.7893518518518519 0.37962962962962965 0.7893518518518519 0.3680555555555556 0.7939814814814815 0.3611111111111111 0.8078703703703703 0.3611111111111111 0.8217592592592593 0.37037037037037035 0.8148148148148148 0.37962962962962965 0.8032407407407407 0.37962962962962965 0.8009259259259259 0.3819444444444444 0.8009259259259259 0.38657407407407407 0.7916666666666666 0.39814814814814814 0.7800925925925926 0.40046296296296297 0.7777777777777778 0.4027777777777778 0.7708333333333334 0.4027777777777778 0.7569444444444444 0.3888888888888889 0.7569444444444444 0.3819444444444444 0.7523148148148148 0.37037037037037035 0.7546296296296297 0.36574074074074076 0.7523148148148148 0.36342592592592593 0.7407407407407407 0.36342592592592593 0.7361111111111112 0.3611111111111111 0.7361111111111112 0.3587962962962963
1 0.8333333333333334 0.4699074074074074 0.8495370370370371 0.47685185185185186 0.8587962962962963 0.4837962962962963 0.8587962962962963 0.49074074074074076 0.8541666666666666 0.49537037037037035 0.8541666666666666 0.5115740740740741 0.8587962962962963 0.5162037037037037 0.8680555555555556 0.5162037037037037 0.8842592592592593 0.49537037037037035 0.8888888888888888 0.49537037037037035 0.9027777777777778 0.5069444444444444 0.9074074074074074 0.5069444444444444 0.9074074074074074 0.5092592592592593 0.9120370370370371 0.5115740740740741 0.9097222222222222 0.5138888888888888 0.8958333333333334 0.5138888888888888 0.8912037037037037 0.5115740740740741 0.8865740740740741 0.5138888888888888 0.8796296296296297 0.5231481481481481 0.875 0.5231481481481481 0.8726851851851852 0.5254629629629629 0.8587962962962963 0.5254629629629629 0.8564814814814815 0.5231481481481481 0.8518518518518519 0.5231481481481481 0.8425925925925926 0.5069444444444444 0.8425925925925926 0.4861111111111111 0.8333333333333334 0.4791666666666667 0.8287037037037037 0.4791666666666667 0.8333333333333334 0.4722222222222222