4 0.09231875 0.17292343749999997 0.0466140625 0.1730625 0.0465203125 0.217075 0.09231875 0.21749218750000002 0.09231875 0.17292343749999997
4 0.08743906250000001 0.706246875 0.04069531250000001 0.7046203125 0.039475 0.75341875 0.08581250000000001 0.7521984375 0.08743906250000001 0.706246875
4 0.1439390625 0.458296875 0.0968421875 0.45917187500000006 0.09719375000000001 0.5046546875 0.14434531250000002 0.5034359375 0.1439390625 0.458296875
4 0.26262812500000005 0.5701265624999999 0.26222187500000005 0.6156718749999999 0.308965625 0.616078125 0.308965625 0.5701265624999999 0.26262812500000005 0.5701265624999999
4 0.308965625 0.301153125 0.2643125 0.3008015625 0.2646609375 0.3475109375 0.3097796875 0.3475109375 0.308965625 0.301153125
4 0.522634375 0.177690625 0.4782421875 0.17444062500000002 0.47715937500000005 0.22101874999999999 0.522634375 0.22101874999999999 0.522634375 0.177690625
4 0.9589750000000001 0.1701078125 0.9156656249999999 0.167940625 0.9178312500000002 0.21560312499999998 0.9600578125 0.21451875 0.9589750000000001 0.1701078125
4 0.9698015625000002 0.45932500000000004 0.92516875 0.458490625 0.9264937500000001 0.505903125 0.9719671875000001 0.5069875 0.9698015625000002 0.45932500000000004
4 0.975215625 0.695465625 0.9319578125 0.6970562499999999 0.9329890625000002 0.7442109375000001 0.9762984375000001 0.7442109375000001 0.975215625 0.695465625
4 0.7911515625000001 0.6423890625 0.7478421875000001 0.6423890625 0.7478421875000001 0.6857171875 0.792234375 0.6857171875 0.7911515625000001 0.6423890625
4 0.7521734375000001 0.46365781250000004 0.7079390625 0.4623703125 0.7088640625000001 0.5069875 0.7521734375000001 0.505903125 0.7521734375000001 0.46365781250000004
4 0.521090625 0.4656921875000001 0.47610312500000007 0.464965625 0.47593906250000007 0.5129171875 0.5200640625 0.511890625 0.521090625 0.4656921875000001
3 0.5016734375 0.35688437500000003 0.505034375 0.366303125 0.5075000000000001 0.38177500000000003 0.511084375 0.38177500000000003 0.5805390625000001 0.37392656249999995 0.5872609375000001 0.37123593750000006 0.5875 0.3640625 0.5872609375000001 0.3555390625 0.5870375000000001 0.34118906250000003 0.5830046875 0.336928125 0.580090625 0.32638906250000005 0.57964375 0.3198875 0.5666484375 0.320559375 0.544915625 0.324371875 0.512653125 0.32863125000000004 0.5010015625 0.33065 0.502121875 0.34141250000000006 0.5016734375 0.35688437500000003
1 0.6611953125000001 0.33677031250000006 0.6479828125 0.352196875 0.6322546875 0.36888437500000004 0.6253328125000001 0.37864374999999995 0.624075 0.38588437500000006 0.6316250000000001 0.39218125000000004 0.6388609375000001 0.39218125000000004 0.6435796875 0.3896625 0.6838453125 0.347159375 0.6898234375000001 0.34180781250000003 0.6907671875 0.33456562500000003 0.6863625 0.3279546875 0.6775546874999999 0.325121875 0.669375 0.32858437500000004 0.6611953125000001 0.33677031250000006
1 0.7856421875 0.3945765625 0.7850125 0.40181718750000006 0.7809234375 0.41189218750000006 0.7780921875 0.427634375 0.7705421875 0.44243125 0.7667671875000001 0.45282031250000004 0.7670812500000002 0.46163593750000004 0.7724296875000001 0.4669890625 0.7790359375000001 0.46761875 0.7865859375 0.466359375 0.78973125 0.46006250000000004 0.790675 0.4518765625 0.7931921875 0.44557968750000004 0.7985406250000001 0.44589375000000003 0.8038890625000001 0.44085625 0.8098656249999999 0.431096875 0.8114390625000001 0.422596875 0.8098656249999999 0.4140953125 0.807034375 0.40874375 0.8089218750000001 0.40181718750000006 0.8076640625000001 0.39079843750000004 0.7979109375000001 0.3851312500000001 0.7884734375000001 0.38922343750000005 0.7856421875 0.3945765625
3 0.7211859375000002 0.29918125000000007 0.724496875 0.3006015625 0.78741875 0.2911328125 0.7992453125 0.28923906250000003 0.8039765625 0.28781875 0.8016109375 0.27598125 0.8030296874999999 0.2688796875 0.8044484375000001 0.26272500000000004 0.7992453125 0.26083125 0.722503125 0.2701921875 0.7192937500000001 0.2726671875 0.7211859375000002 0.290659375 0.7211859375000002 0.29918125000000007