4 0.90768125 0.17292343749999997 0.90768125 0.21749218750000002 0.9534796875 0.217075 0.9533859375 0.1730625 0.90768125 0.17292343749999997
4 0.9125609374999999 0.706246875 0.9141874999999999 0.7521984375 0.960525 0.75341875 0.9593046875 0.7046203125 0.9125609374999999 0.706246875
4 0.8560609375 0.458296875 0.8556546875000001 0.5034359375 0.9028062499999999 0.5046546875 0.9031578125 0.45917187500000006 0.8560609375 0.458296875
4 0.737371875 0.5701265624999999 0.691034375 0.5701265624999999 0.691034375 0.616078125 0.737778125 0.6156718749999999 0.737371875 0.5701265624999999
4 0.691034375 0.301153125 0.6902203124999999 0.3475109375 0.7353390625 0.3475109375 0.7356875 0.3008015625 0.691034375 0.301153125
4 0.47736562499999996 0.177690625 0.47736562499999996 0.22101874999999999 0.522840625 0.22101874999999999 0.5217578125 0.17444062500000002 0.47736562499999996 0.177690625
4 0.04102499999999988 0.1701078125 0.039942187499999976 0.21451875 0.08216874999999983 0.21560312499999998 0.08433437500000004 0.167940625 0.04102499999999988 0.1701078125
4 0.03019843749999988 0.45932500000000004 0.02803281249999993 0.5069875 0.0735062499999999 0.505903125 0.07483125000000007 0.458490625 0.03019843749999988 0.45932500000000004
4 0.024784374999999942 0.695465625 0.0237015624999999 0.7442109375000001 0.0670109374999998 0.7442109375000001 0.06804218750000002 0.6970562499999999 0.024784374999999942 0.695465625
4 0.2088484374999999 0.6423890625 0.207765625 0.6857171875 0.2521578124999999 0.6857171875 0.2521578124999999 0.6423890625 0.2088484374999999 0.6423890625
4 0.2478265624999999 0.46365781250000004 0.2478265624999999 0.505903125 0.29113593749999994 0.5069875 0.2920609375 0.4623703125 0.2478265624999999 0.46365781250000004
4 0.47890937499999997 0.4656921875000001 0.4799359374999999 0.511890625 0.5240609374999999 0.5129171875 0.5238968749999999 0.464965625 0.47890937499999997 0.4656921875000001
1 0.6231453124999999 0.547834375 0.6235015625 0.5392890625 0.6195859374999999 0.5343031250000001 0.6135359375 0.5314546875 0.6060625 0.5318109375 0.6003687499999999 0.5389328125 0.5985890624999999 0.546765625 0.5982328125 0.55139375 0.596809375 0.558871875 0.5950296875 0.564925 0.590759375 0.5788109375 0.5864890625 0.5898484375 0.5868453125 0.5983937500000001 0.5886234374999999 0.6076500000000001 0.5946734374999999 0.6115671875000002 0.603571875 0.612990625 0.6078421874999999 0.6094312500000001 0.6121125 0.5980375000000001 0.61318125 0.5898484375 0.6149593750000001 0.5823703125 0.6174515624999999 0.57418125 0.6192312499999999 0.564925 0.62066875 0.5543390625 0.6231453124999999 0.547834375
1 0.5412906249999999 0.5631437499999999 0.5366640625 0.5620765624999999 0.5299015625 0.5610078125 0.5174453125 0.5610078125 0.5110390625 0.5592281250000001 0.5035656249999999 0.5570906250000001 0.49217656249999997 0.5542421875 0.4861265624999999 0.5517500000000001 0.48114375 0.5499703125000001 0.4711796875 0.55210625 0.4679765624999999 0.557446875 0.4672640624999999 0.5613640625 0.47153593749999995 0.5709765625000001 0.48363593749999995 0.57525 0.497515625 0.579878125 0.5053453124999999 0.5802343750000001 0.516734375 0.5834390625 0.528834375 0.5837953125 0.53168125 0.5841515625000001 0.5380874999999999 0.5862875000000001 0.546984375 0.5845078125 0.5512546875 0.581303125 0.5523234375 0.5745375 0.5480515625 0.5670609375 0.5412906249999999 0.5631437499999999
1 0.3156546875 0.558515625 0.30782499999999996 0.558871875 0.30106249999999996 0.5599390625 0.29358906249999994 0.5606515625 0.28682656249999994 0.5606515625 0.2768625 0.5602953125000001 0.26654062500000003 0.5599390625 0.25550781249999993 0.558159375 0.24839062500000003 0.5578031250000001 0.24020468749999996 0.5610078125 0.23771406250000002 0.5674171875 0.23629062499999995 0.573825 0.24767812499999994 0.5788109375 0.25550781249999993 0.580590625 0.2608468749999999 0.5827265625 0.27081093749999996 0.5834390625 0.28006406249999993 0.5837953125 0.28896249999999996 0.5837953125 0.29821562499999993 0.5823703125 0.30462187500000004 0.5820140625 0.31245156249999995 0.580946875 0.32028124999999996 0.580946875 0.32526249999999995 0.57418125 0.3245515625 0.567771875 0.32170468750000003 0.56243125 0.32198593749999993 0.562309375 0.3156546875 0.558515625
1 0.4039156249999999 0.5282515625 0.3967984375 0.525046875 0.39217031249999984 0.5264703125 0.3864765625 0.5296750000000001 0.3829171874999999 0.535728125 0.3811390624999999 0.5442734375 0.37829062499999994 0.546765625 0.37330937500000005 0.55353125 0.3718859375 0.5606515625 0.3718859375 0.5724015625000001 0.3708171874999999 0.580946875 0.3683265625 0.58593125 0.3686828124999999 0.597325 0.37259687499999994 0.6044453125000001 0.3811390624999999 0.6072937500000001 0.38825624999999997 0.6048015625 0.391103125 0.5987484375000001 0.39288281249999996 0.5923406250000001 0.3925265624999999 0.5887796875000001 0.391103125 0.579878125 0.39288281249999996 0.5724015625000001 0.3967984375 0.5620765624999999 0.40035624999999997 0.553175 0.403559375 0.547834375 0.40486562499999984 0.5384015625 0.4039156249999999 0.5282515625
1 0.1672624999999999 0.5567046875 0.1672624999999999 0.5500953125 0.1672624999999999 0.54399375 0.16497656250000003 0.5386562500000001 0.1609109374999999 0.5353515625 0.1560828125 0.5338265625 0.1520171875 0.5345890625 0.14668124999999993 0.5384015625 0.14464999999999992 0.5417062500000001 0.1443953124999999 0.554925 0.14083749999999995 0.5561953125 0.1377890624999999 0.5582296875 0.13575625000000002 0.5635671875 0.13347031250000002 0.5696671875 0.1329609375 0.57500625 0.1337234374999999 0.584665625 0.13601093750000004 0.591275 0.1421078124999999 0.5933078125000001 0.14363281249999987 0.6022046875 0.1433796875 0.61059375 0.1443953124999999 0.6138984375 0.14846093749999992 0.6172015625 0.15303437499999994 0.61821875 0.16065625000000003 0.6151687500000002 0.16319687500000005 0.6133890625 0.16573749999999995 0.608559375 0.16599218749999997 0.6057640625 0.1644671875 0.5989 0.16294374999999992 0.5968671875 0.1593859374999998 0.5928 0.15735312499999995 0.586190625 0.15582968749999998 0.5775484375 0.1565906249999999 0.5704296875 0.15989374999999997 0.5650921875 0.16497656250000003 0.5587375 0.1672624999999999 0.5567046875