4 0.09231875 0.17292343749999997 0.0466140625 0.1730625 0.0465203125 0.217075 0.09231875 0.21749218750000002 0.09231875 0.17292343749999997
4 0.08743906250000001 0.706246875 0.04069531250000001 0.7046203125 0.039475 0.75341875 0.08581250000000001 0.7521984375 0.08743906250000001 0.706246875
4 0.1439390625 0.458296875 0.0968421875 0.45917187500000006 0.09719375000000001 0.5046546875 0.14434531250000002 0.5034359375 0.1439390625 0.458296875
4 0.26262812500000005 0.5701265624999999 0.26222187500000005 0.6156718749999999 0.308965625 0.616078125 0.308965625 0.5701265624999999 0.26262812500000005 0.5701265624999999
4 0.308965625 0.301153125 0.2643125 0.3008015625 0.2646609375 0.3475109375 0.3097796875 0.3475109375 0.308965625 0.301153125
4 0.522634375 0.177690625 0.4782421875 0.17444062500000002 0.47715937500000005 0.22101874999999999 0.522634375 0.22101874999999999 0.522634375 0.177690625
4 0.9589750000000001 0.1701078125 0.9156656249999999 0.167940625 0.9178312500000002 0.21560312499999998 0.9600578125 0.21451875 0.9589750000000001 0.1701078125
4 0.9698015625000002 0.45932500000000004 0.92516875 0.458490625 0.9264937500000001 0.505903125 0.9719671875000001 0.5069875 0.9698015625000002 0.45932500000000004
4 0.975215625 0.695465625 0.9319578125 0.6970562499999999 0.9329890625000002 0.7442109375000001 0.9762984375000001 0.7442109375000001 0.975215625 0.695465625
4 0.7911515625000001 0.6423890625 0.7478421875000001 0.6423890625 0.7478421875000001 0.6857171875 0.792234375 0.6857171875 0.7911515625000001 0.6423890625
4 0.7521734375000001 0.46365781250000004 0.7079390625 0.4623703125 0.7088640625000001 0.5069875 0.7521734375000001 0.505903125 0.7521734375000001 0.46365781250000004
3 0.218878125 0.2720265625 0.22608281250000004 0.27322812500000004 0.24449843750000005 0.2840421875 0.28973593750000004 0.223165625 0.2749234375 0.2119515625 0.2741234375 0.20674375 0.26691718750000004 0.20474218749999998 0.25330625000000007 0.1927265625 0.2000625 0.25600625 0.21647500000000003 0.26682031250000005 0.218878125 0.2720265625
3 0.4722875000000001 0.5240140625 0.4790921875000001 0.5256171875 0.4991093750000001 0.5364296875 0.5391421875 0.470746875 0.5231296875 0.46153593750000005 0.521128125 0.45632812500000003 0.5159234375 0.45352500000000007 0.49790781250000005 0.44351250000000003 0.45307187500000007 0.5083953125 0.469084375 0.519609375 0.4722875000000001 0.5240140625
3 0.39763906250000003 0.696453125 0.47840781250000003 0.71123125 0.4832046875 0.6862796875 0.4835875 0.6837859375 0.4826281250000001 0.68090625 0.40302968750000007 0.6674703125 0.4005171875000001 0.67035 0.40166875 0.6741890625000001 0.39763906250000003 0.696453125
3 0.9042828125 0.7525765625 0.9376703125000001 0.6799265625000002 0.9186812500000001 0.6705312499999999 0.9161765625 0.6674000000000001 0.9099171875000001 0.6667734375000001 0.8892578125 0.6575875000000001 0.8560796875 0.7289859375 0.856496875 0.73065625 0.8827890625000001 0.74526875 0.88800625 0.7440171875 0.9042828125 0.7525765625
3 0.7081343750000001 0.439346875 0.710671875 0.4395765625 0.7150531250000001 0.43911562499999995 0.7330421875 0.4481140625000001 0.766715625 0.37797031250000007 0.7524156250000001 0.36850937500000003 0.74180625 0.36356875 0.7049046875000001 0.433115625 0.7053671875 0.436346875 0.7081343750000001 0.439346875
5 0.19907407407407407 0.7384259259259259 0.2037037037037037 0.7361111111111112 0.2152777777777778 0.7361111111111112 0.2222222222222222 0.7407407407407407 0.2222222222222222 0.75 0.2222222222222222 0.7407407407407407 0.2199074074074074 0.7384259259259259 0.2152777777777778 0.7384259259259259 0.21296296296296297 0.7361111111111112 0.2037037037037037 0.7361111111111112 0.2013888888888889 0.7384259259259259
5 0.09259259259259259 0.2708333333333333 0.10648148148148148 0.27314814814814814 0.09722222222222222 0.27314814814814814 0.09490740740740741 0.2708333333333333 0.09027777777777778 0.27314814814814814
5 0.6319444444444444 0.3819444444444444 0.6388888888888888 0.3726851851851852 0.6527777777777778 0.3726851851851852 0.6574074074074074 0.375 0.6574074074074074 0.37962962962962965 0.6527777777777778 0.3726851851851852 0.6388888888888888 0.3726851851851852 0.6342592592592593 0.3773148148148148 0.6342592592592593 0.3819444444444444 0.6319444444444444 0.38425925925925924 0.6342592592592593 0.3912037037037037 0.6319444444444444 0.38425925925925924
5 0.9074074074074074 0.43287037037037035 0.9212962962962963 0.43287037037037035 0.9259259259259259 0.4375 0.9259259259259259 0.44907407407407407 0.9166666666666666 0.45601851851851855 0.9259259259259259 0.44907407407407407 0.9259259259259259 0.4375 0.9212962962962963 0.43287037037037035 0.9097222222222222 0.43287037037037035 0.9050925925925926 0.4351851851851852
5 0.875 0.3101851851851852 0.03009259259259259 0.02546296296296296
0 0.49537037037037035 0.30324074074074076 0.5046296296296297 0.30787037037037035 0.5 0.3055555555555556 0.4976851851851852 0.3101851851851852 0.5069444444444444 0.3194444444444444 0.5092592592592593 0.3194444444444444 0.5046296296296297 0.32175925925925924 0.49537037037037035 0.3055555555555556
0 0.40046296296296297 0.36574074074074076 0.39814814814814814 0.3726851851851852 0.39351851851851855 0.375 0.39351851851851855 0.3819444444444444 0.38657407407407407 0.37962962962962965 0.3912037037037037 0.3819444444444444 0.39351851851851855 0.37962962962962965 0.39351851851851855 0.375 0.40046296296296297 0.3680555555555556
0 0.39814814814814814 0.5185185185185185 0.4027777777777778 0.5185185185185185 0.4074074074074074 0.5277777777777778 0.4050925925925926 0.5254629629629629 0.4050925925925926 0.5208333333333334 0.40046296296296297 0.5185185185185185
0 0.7083333333333334 0.6319444444444444 0.7152777777777778 0.6412037037037037 0.7152777777777778 0.6435185185185185 0.7083333333333334 0.6435185185185185 0.7037037037037037 0.6365740740740741 0.7083333333333334 0.6342592592592593
0 0.15046296296296297 0.5 0.1574074074074074 0.5 0.1574074074074074 0.5046296296296297 0.1550925925925926 0.5 0.14814814814814814 0.5046296296296297 0.1550925925925926 0.5115740740740741 0.1597222222222222 0.5092592592592593 0.16203703703703703 0.5115740740740741 0.1597222222222222 0.5092592592592593 0.1574074074074074 0.5115740740740741 0.16203703703703703 0.5185185185185185 0.14814814814814814 0.5069444444444444 0.15046296296296297 0.5023148148148148
0 0.7342609375000001 0.7717999999999999 0.7382734375000001 0.7672625000000001 0.73984375 0.7632484374999999 0.7384484375000001 0.7583624999999999 0.7353078125000001 0.7559187500000001 0.7321671875 0.7533000000000001 0.729028125 0.7489375 0.7267593750000001 0.7461453125 0.7255390625000001 0.743178125 0.7246656250000001 0.74213125 0.7232703125 0.7381171875 0.7241421875 0.733928125 0.7264109375 0.7304375000000001 0.7299000000000001 0.726946875 0.732690625 0.72380625 0.7365281250000001 0.7215375 0.7412390625 0.7204890625 0.744903125 0.7204890625 0.7473453125 0.7208390625 0.750484375 0.7232828125 0.7527531250000001 0.7252015625 0.75571875 0.72851875 0.7599046875000001 0.7314843750000001 0.7621734375000001 0.7328812499999999 0.7649640624999999 0.7330562500000001 0.7677546875 0.7325328125 0.7698484375 0.7316593750000001 0.7728140625000001 0.7286921875 0.7742093750000001 0.7259000000000001 0.7770015625000001 0.72345625 0.778396875 0.720315625 0.7780484375000001 0.7185703124999999 0.7773500000000001 0.717696875 0.776303125 0.71874375 0.7757796875000001 0.7182203125000001 0.7750828125 0.71926875 0.7733375 0.7196171875 0.7735124999999999 0.7204890625 0.7710703125000001 0.7211875 0.7708953125000001 0.7217109375 0.76915 0.7232828125 0.7677546875 0.7241546875 0.7670578124999999 0.7252015625 0.7654875 0.726946875 0.7642656250000001 0.72851875 0.75955625 0.726075 0.7571140625 0.7243296875 0.7558921875000001 0.722759375 0.7544968750000001 0.7220609375000001 0.7515312500000001 0.7199656250000002 0.7490890625 0.7185703124999999 0.7450765625000001 0.7173484375000001 0.7403671875 0.716825 0.7370515625000001 0.7171734375000001 0.7335625000000001 0.7175234375 0.7307718750000001 0.71891875 0.7285046875 0.7199656250000002 0.7262359375 0.7210140625000001 0.7255390625000001 0.722409375 0.72379375 0.72380625 0.7225734375 0.7252015625 0.7217 0.7265984375000001 0.7211765625000001 0.7288671875 0.71995625 0.7306125 0.7194328125 0.7325328125 0.719084375 0.733928125 0.7187343750000001 0.7356734375000001 0.718909375 0.7409093750000001 0.7201312500000001 0.7437015625000001 0.7234453125000001 0.74684375 0.7255390625000001 0.7492859375 0.7276312500000002 0.7517296875 0.7302484375 0.7543484375 0.7311203125 0.7553953125 0.7328656250000001 0.7576640625000001 0.734609375 0.76063125 0.7337375 0.7601078125 0.7342609375000001 0.7611546875 0.7344359374999999 0.7627250000000001 0.7335625000000001 0.7644703125000001 0.7311203125 0.7665640625000001 0.7285046875 0.7681359375000001 0.7276312500000002 0.76953125 0.7264109375 0.7705781250000001 0.7223984375 0.7742437500000001 0.7220500000000001 0.7749421875000001 0.72265625 0.77841875 0.726934375 0.7779093750000001 0.7302484375 0.7749421875000001 0.7342609375000001 0.7717999999999999
1 0.7342609375000001 0.7717999999999999 0.7382734375000001 0.7672625000000001 0.73984375 0.7632484374999999 0.7384484375000001 0.7583624999999999 0.7353078125000001 0.7559187500000001 0.7321671875 0.7533000000000001 0.729028125 0.7489375 0.7267593750000001 0.7461453125 0.7255390625000001 0.743178125 0.7246656250000001 0.74213125 0.7232703125 0.7381171875 0.7241421875 0.733928125 0.7264109375 0.7304375000000001 0.7299000000000001 0.726946875 0.732690625 0.72380625 0.7365281250000001 0.7215375 0.7412390625 0.7204890625 0.744903125 0.7204890625 0.7473453125 0.7208390625 0.750484375 0.7232828125 0.7527531250000001 0.7252015625 0.75571875 0.72851875 0.7599046875000001 0.7314843750000001 0.7621734375000001 0.7328812499999999 0.7649640624999999 0.7330562500000001 0.7677546875 0.7325328125 0.7698484375 0.7316593750000001 0.7728140625000001 0.7286921875 0.7742093750000001 0.7259000000000001 0.7770015625000001 0.72345625 0.778396875 0.720315625 0.7780484375000001 0.7185703124999999 0.7773500000000001 0.717696875 0.776303125 0.71874375 0.7757796875000001 0.7182203125000001 0.7750828125 0.71926875 0.7733375 0.7196171875 0.7735124999999999 0.7204890625 0.7710703125000001 0.7211875 0.7708953125000001 0.7217109375 0.76915 0.7232828125 0.7677546875 0.7241546875 0.7670578124999999 0.7252015625 0.7654875 0.726946875 0.7642656250000001 0.72851875 0.75955625 0.726075 0.7571140625 0.7243296875 0.7558921875000001 0.722759375 0.7544968750000001 0.7220609375000001 0.7515312500000001 0.7199656250000002 0.7490890625 0.7185703124999999 0.7450765625000001 0.7173484375000001 0.7403671875 0.716825 0.7370515625000001 0.7171734375000001 0.7335625000000001 0.7175234375 0.7307718750000001 0.71891875 0.7285046875 0.7199656250000002 0.7262359375 0.7210140625000001 0.7255390625000001 0.722409375 0.72379375 0.72380625 0.7225734375 0.7252015625 0.7217 0.7265984375000001 0.7211765625000001 0.7288671875 0.71995625 0.7306125 0.7194328125 0.7325328125 0.719084375 0.733928125 0.7187343750000001 0.7356734375000001 0.718909375 0.7409093750000001 0.7201312500000001 0.7437015625000001 0.7234453125000001 0.74684375 0.7255390625000001 0.7492859375 0.7276312500000002 0.7517296875 0.7302484375 0.7543484375 0.7311203125 0.7553953125 0.7328656250000001 0.7576640625000001 0.734609375 0.76063125 0.7337375 0.7601078125 0.7342609375000001 0.7611546875 0.7344359374999999 0.7627250000000001 0.7335625000000001 0.7644703125000001 0.7311203125 0.7665640625000001 0.7285046875 0.7681359375000001 0.7276312500000002 0.76953125 0.7264109375 0.7705781250000001 0.7223984375 0.7742437500000001 0.7220500000000001 0.7749421875000001 0.72265625 0.77841875 0.726934375 0.7779093750000001 0.7302484375 0.7749421875000001 0.7342609375000001 0.7717999999999999
1 0.3831890625 0.20237812500000002 0.38187187499999997 0.2047921875 0.3825296875 0.21159375 0.38472343750000004 0.2131296875 0.38889062500000005 0.215325 0.3928390625 0.2177390625 0.3987609375 0.220371875 0.4007343750000001 0.21795781250000001 0.4016125 0.21554375 0.4031484375 0.21554375 0.407753125 0.21620156250000003 0.414334375 0.2170796875 0.4180625 0.219275 0.4222296875 0.22212656249999999 0.42837187500000007 0.22673437500000002 0.43188125 0.23068437500000002 0.43297656250000005 0.23353750000000004 0.4360484375000001 0.23573125000000003 0.4397765625 0.2370484375 0.44547968750000005 0.24077812500000004 0.449865625 0.2434125 0.4551296875000001 0.24363125000000002 0.4599546875 0.23858437500000004 0.4630265625 0.23353750000000004 0.4628062500000001 0.2289296875 0.46149062500000004 0.22475937499999998 0.45820000000000005 0.22146875 0.45359375 0.2188359375 0.4472343750000001 0.21642187499999999 0.4430671875 0.214665625 0.44131250000000005 0.21356874999999997 0.44131250000000005 0.210496875 0.44131250000000005 0.2080828125 0.43911875000000006 0.20610781250000001 0.43275781249999995 0.2010609375 0.42771250000000005 0.19908593749999998 0.4233265625 0.19733125 0.4180625 0.19535625 0.4163078125000001 0.1949171875 0.41192187500000005 0.19513750000000002 0.40907031250000003 0.19711250000000002 0.40797343750000004 0.198428125 0.40556093750000005 0.198428125 0.4029281250000001 0.19755 0.3987609375 0.19623437500000002 0.3926203125 0.19513750000000002 0.3882328125 0.19579531249999998 0.38582031250000004 0.1977703125 0.3831890625 0.20237812500000002
1 0.6034 0.47113125000000006 0.6040578124999999 0.47551875000000005 0.6042765625000001 0.480346875 0.6038375000000001 0.4832 0.602303125 0.488465625 0.5996703124999999 0.4935125 0.5974781250000001 0.498559375 0.5979156250000001 0.5064593749999999 0.597696875 0.510846875 0.5974781250000001 0.5163328125000001 0.5970390625 0.519625 0.599890625 0.523575 0.6044953125 0.52774375 0.6110765625 0.5264265625000001 0.61524375 0.5226968750000001 0.6191921875 0.5183078125 0.6200687500000001 0.51348125 0.620946875 0.5068984375000001 0.6220421875000001 0.5031671875 0.6227000000000001 0.4998765625 0.6255515625000001 0.49526875000000004 0.6268687500000001 0.49022031250000003 0.6270875000000001 0.482321875 0.6270875000000001 0.47771406250000004 0.6277453125000001 0.4737640625 0.6266484375 0.46915625 0.6248937500000001 0.46520625 0.6233593749999999 0.4625734375 0.6240171875 0.45796406250000005 0.6251140625 0.4535765625 0.624675 0.4491875 0.6242359375000001 0.4450187500000001 0.6218234375 0.44260468750000004 0.6174375000000002 0.44041093750000004 0.6134890625000001 0.440190625 0.6091015625000001 0.4412875 0.6058125 0.444140625 0.6042765625000001 0.44611562500000007 0.602521875 0.45204062500000003 0.6029609375 0.45840312499999997 0.602303125 0.46323125000000004 0.6034 0.47113125000000006
1 0.1174890625 0.6386265625 0.119378125 0.644059375 0.121975 0.65138125 0.1285859375 0.6520906250000001 0.1359046875 0.65138125 0.14133437499999998 0.65138125 0.1505421875 0.6520906250000001 0.1536125 0.6530343750000001 0.15762500000000002 0.6561046875000001 0.16187500000000002 0.661065625 0.1637640625 0.6648453124999999 0.1637640625 0.6688609375000001 0.164 0.6709859375 0.1637640625 0.6761828125000001 0.16045937500000004 0.6792531250000001 0.15691718750000003 0.6818515625000001 0.1526671875 0.6839781250000001 0.14676562500000004 0.68563125 0.13802968750000003 0.6861031250000001 0.13259843750000003 0.6915359375000001 0.13259843750000003 0.6948421875 0.133071875 0.7005125 0.13472343750000002 0.7047640625 0.13802968750000003 0.71185 0.1408625 0.7135031249999999 0.1422796875 0.7101968750000002 0.14157031250000002 0.7064171875 0.14062656250000002 0.7028734375000001 0.139209375 0.700275 0.13897343750000002 0.6979140625 0.139446875 0.6950796875 0.14157031250000002 0.69248125 0.1427515625 0.6913000000000001 0.14770937500000003 0.688465625 0.15337656250000004 0.6872843750000001 0.15927812500000002 0.6861031250000001 0.166596875 0.6830328125000001 0.172971875 0.6752375 0.17250000000000001 0.6674437499999999 0.17179218750000003 0.6627187499999999 0.16848593750000002 0.65705 0.16636093750000003 0.6535078125 0.1637640625 0.6506734375 0.15951406250000003 0.6471296875 0.1536125 0.6464203125 0.14770937500000003 0.6457125 0.1410984375 0.6457125 0.13472343750000002 0.648075 0.13259843750000003 0.6452406250000001 0.130475 0.6374453125 0.128821875 0.6298859375 0.12622500000000003 0.6263437500000001 0.12008593750000002 0.6277609375 0.11866874999999999 0.6291781249999999 0.11796093750000002 0.6331937500000001 0.1174890625 0.6386265625
1 0.5934453125 0.203453125 0.5964453125 0.20774062500000004 0.600303125 0.21224375 0.600303125 0.21352968749999998 0.603303125 0.2131015625 0.6067328125000001 0.213315625 0.6116609375000001 0.21095625000000004 0.6138046875000001 0.20774062500000004 0.6161625000000001 0.206240625 0.6249484375000001 0.1965921875 0.63245 0.19359062500000002 0.6358781250000001 0.19401875000000002 0.6386640625 0.19552031250000002 0.6431656250000001 0.19895000000000002 0.6463796875000001 0.20495312499999999 0.646165625 0.212671875 0.6465937500000001 0.2178171875 0.6433796875 0.22467812499999998 0.6405937500000001 0.22768125 0.6384500000000001 0.229825 0.6350218750000001 0.23196875 0.63395 0.2377578125 0.6341640625000001 0.2388296875 0.6356640625 0.24183125000000003 0.6360921875000001 0.2422609375 0.639521875 0.24526250000000005 0.642521875 0.2510515625 0.645521875 0.252765625 0.64809375 0.25319531250000005 0.6493796875000001 0.2510515625 0.6489515625000001 0.2471921875 0.645521875 0.24333281250000002 0.6433796875 0.2409734375 0.6412359375000001 0.23754375000000003 0.644021875 0.2349703125 0.6463796875000001 0.23154062500000003 0.650665625 0.2233921875 0.6549515625 0.21202812499999998 0.6545234375 0.207096875 0.653665625 0.20280937500000001 0.6517375000000001 0.19916406250000002 0.6493796875000001 0.19594843750000002 0.6465937500000001 0.1942328125 0.64209375 0.1914453125 0.6356640625 0.18973125 0.6320203125 0.18973125 0.6260203125000001 0.191875 0.6208765625 0.19594843750000002 0.6195906250000001 0.19745000000000001 0.6159468750000001 0.19895000000000002 0.6140187500000001 0.2004515625 0.610375 0.20495312499999999 0.608446875 0.2075265625 0.6067328125000001 0.2085984375 0.6043750000000001 0.2058109375 0.601803125 0.20216562500000002 0.598159375 0.1965921875 0.5964453125 0.1942328125 0.59505625 0.1921609375 0.5923734375 0.19401875000000002 0.592159375 0.2002359375 0.5934453125 0.203453125
2 0.7800925925925926 0.22685185185185186 0.7476851851851852 0.24305555555555555 0.7638888888888888 0.2361111111111111 0.7685185185185185 0.23148148148148148 0.7777777777777778 0.22916666666666666
2 0.8518518518518519 0.5208333333333334 0.8541666666666666 0.5185185185185185 0.8611111111111112 0.5185185185185185 0.8587962962962963 0.5277777777777778 0.8564814814814815 0.5277777777777778 0.8541666666666666 0.5324074074074074 0.8449074074074074 0.5393518518518519 0.8449074074074074 0.5416666666666666 0.8449074074074074 0.5393518518518519 0.8611111111111112 0.5231481481481481 0.8587962962962963 0.5185185185185185 0.8541666666666666 0.5185185185185185
2 0.5925925925925926 0.6134259259259259 0.5949074074074074 0.6134259259259259 0.5925925925925926 0.6134259259259259 0.5810185185185185 0.625 0.5763888888888888 0.6342592592592593 0.5717592592592593 0.6365740740740741 0.5717592592592593 0.6388888888888888 0.5763888888888888 0.6412037037037037 0.5833333333333334 0.6319444444444444 0.5856481481481481 0.6319444444444444 0.5879629629629629 0.6273148148148148 0.5949074074074074 0.6226851851851852 0.5810185185185185 0.6365740740740741 0.5810185185185185 0.6388888888888888 0.5787037037037037 0.6388888888888888 0.5694444444444444 0.6481481481481481 0.5740740740740741 0.6435185185185185 0.5717592592592593 0.6365740740740741 0.5787037037037037 0.6296296296296297 0.5833333333333334 0.6203703703703703 0.5902777777777778 0.6157407407407407
2 0.27546296296296297 0.6481481481481481 0.2800925925925926 0.6527777777777778 0.28935185185185186 0.6458333333333334 0.2986111111111111 0.6458333333333334 0.28935185185185186 0.6458333333333334 0.2847222222222222 0.6481481481481481 0.2824074074074074 0.6527777777777778 0.2777777777777778 0.6504629629629629
2 0.22685185185185186 0.4050925925925926 0.23148148148148148 0.4050925925925926 0.2337962962962963 0.4074074074074074 0.2569444444444444 0.4074074074074074 0.25925925925925924 0.4050925925925926 0.2662037037037037 0.4050925925925926 0.26157407407407407 0.4050925925925926 0.25925925925925924 0.4074074074074074 0.26157407407407407 0.4097222222222222 0.27546296296296297 0.4097222222222222 0.2361111111111111 0.41203703703703703 0.25925925925925924 0.41203703703703703 0.26157407407407407 0.4097222222222222 0.25925925925925924 0.4074074074074074 0.23148148148148148 0.4074074074074074 0.22916666666666666 0.4050925925925926 0.22685185185185186 0.4074074074074074