4 0.90768125 0.17292343749999997 0.90768125 0.21749218750000002 0.9534796875 0.217075 0.9533859375 0.1730625 0.90768125 0.17292343749999997
4 0.9125609374999999 0.706246875 0.9141874999999999 0.7521984375 0.960525 0.75341875 0.9593046875 0.7046203125 0.9125609374999999 0.706246875
4 0.8560609375 0.458296875 0.8556546875000001 0.5034359375 0.9028062499999999 0.5046546875 0.9031578125 0.45917187500000006 0.8560609375 0.458296875
4 0.737371875 0.5701265624999999 0.691034375 0.5701265624999999 0.691034375 0.616078125 0.737778125 0.6156718749999999 0.737371875 0.5701265624999999
4 0.691034375 0.301153125 0.6902203124999999 0.3475109375 0.7353390625 0.3475109375 0.7356875 0.3008015625 0.691034375 0.301153125
4 0.47736562499999996 0.177690625 0.47736562499999996 0.22101874999999999 0.522840625 0.22101874999999999 0.5217578125 0.17444062500000002 0.47736562499999996 0.177690625
4 0.04102499999999988 0.1701078125 0.039942187499999976 0.21451875 0.08216874999999983 0.21560312499999998 0.08433437500000004 0.167940625 0.04102499999999988 0.1701078125
4 0.03019843749999988 0.45932500000000004 0.02803281249999993 0.5069875 0.0735062499999999 0.505903125 0.07483125000000007 0.458490625 0.03019843749999988 0.45932500000000004
4 0.024784374999999942 0.695465625 0.0237015624999999 0.7442109375000001 0.0670109374999998 0.7442109375000001 0.06804218750000002 0.6970562499999999 0.024784374999999942 0.695465625
4 0.2088484374999999 0.6423890625 0.207765625 0.6857171875 0.2521578124999999 0.6857171875 0.2521578124999999 0.6423890625 0.2088484374999999 0.6423890625
4 0.2478265624999999 0.46365781250000004 0.2478265624999999 0.505903125 0.29113593749999994 0.5069875 0.2920609375 0.4623703125 0.2478265624999999 0.46365781250000004
4 0.47890937499999997 0.4656921875000001 0.4799359374999999 0.511890625 0.5240609374999999 0.5129171875 0.5238968749999999 0.464965625 0.47890937499999997 0.4656921875000001
3 0.1111111111111111 0.6759259259259259 0.12268518518518519 0.6828703703703703 0.1388888888888889 0.6875 0.14583333333333334 0.6944444444444444 0.1527777777777778 0.6944444444444444 0.1574074074074074 0.6990740740740741 0.1736111111111111 0.7060185185185185 0.1736111111111111 0.7106481481481481 0.16666666666666666 0.7222222222222222 0.16666666666666666 0.7268518518518519 0.1597222222222222 0.7361111111111112 0.1597222222222222 0.7430555555555556 0.1527777777777778 0.7523148148148148 0.14814814814814814 0.7523148148148148 0.12268518518518519 0.7384259259259259 0.10648148148148148 0.7337962962962963 0.09259259259259259 0.7245370370370371 0.08564814814814815 0.7245370370370371 0.08101851851851852 0.7199074074074074 0.09953703703703703 0.6782407407407407 0.10416666666666667 0.6736111111111112 0.1087962962962963 0.6759259259259259
3 0.13194444444444445 0.24537037037037038 0.13194444444444445 0.24768518518518517 0.13657407407407407 0.25 0.13657407407407407 0.25462962962962965 0.14583333333333334 0.26157407407407407 0.1597222222222222 0.2824074074074074 0.16435185185185186 0.2847222222222222 0.16435185185185186 0.2916666666666667 0.15046296296296297 0.3055555555555556 0.13194444444444445 0.3194444444444444 0.12731481481481483 0.3194444444444444 0.11805555555555555 0.3101851851851852 0.11805555555555555 0.30787037037037035 0.11342592592592593 0.3055555555555556 0.11342592592592593 0.30324074074074076 0.10416666666666667 0.2962962962962963 0.10185185185185185 0.2916666666666667 0.09953703703703703 0.2916666666666667 0.09953703703703703 0.28703703703703703 0.0787037037037037 0.2638888888888889 0.09027777777777778 0.24768518518518517 0.09490740740740741 0.24305555555555555 0.10185185185185185 0.24074074074074073 0.1111111111111111 0.23148148148148148 0.11805555555555555 0.23148148148148148 0.12962962962962962 0.24537037037037038
3 0.4097222222222222 0.4236111111111111 0.4236111111111111 0.44212962962962965 0.4236111111111111 0.44675925925925924 0.41435185185185186 0.45601851851851855 0.41203703703703703 0.45601851851851855 0.4097222222222222 0.46064814814814814 0.40046296296296297 0.4652777777777778 0.3958333333333333 0.4722222222222222 0.3680555555555556 0.4930555555555556 0.36342592592592593 0.4930555555555556 0.3472222222222222 0.47685185185185186 0.3472222222222222 0.4722222222222222 0.36574074074074076 0.4583333333333333 0.3680555555555556 0.4537037037037037 0.3726851851851852 0.4537037037037037 0.37962962962962965 0.4444444444444444 0.4074074074074074 0.4236111111111111
3 0.5810185185185185 0.2708333333333333 0.5856481481481481 0.2708333333333333 0.5949074074074074 0.2800925925925926 0.5972222222222222 0.2800925925925926 0.5972222222222222 0.2824074074074074 0.6180555555555556 0.30092592592592593 0.6180555555555556 0.3055555555555556 0.6111111111111112 0.31712962962962965 0.6018518518518519 0.32407407407407407 0.6018518518518519 0.3263888888888889 0.5717592592592593 0.3587962962962963 0.5648148148148148 0.3587962962962963 0.5509259259259259 0.34953703703703703 0.5462962962962963 0.3425925925925926 0.5324074074074074 0.33101851851851855 0.5324074074074074 0.32407407407407407 0.5416666666666666 0.31712962962962965 0.5555555555555556 0.2986111111111111 0.5578703703703703 0.2986111111111111 0.5810185185185185 0.27314814814814814
3 0.8726851851851852 0.2638888888888889 0.8819444444444444 0.2777777777777778 0.8819444444444444 0.2824074074074074 0.8842592592592593 0.2847222222222222 0.8819444444444444 0.28935185185185186 0.875 0.2962962962962963 0.8703703703703703 0.2962962962962963 0.8657407407407407 0.30324074074074076 0.8587962962962963 0.3055555555555556 0.8472222222222222 0.3194444444444444 0.8402777777777778 0.32175925925925924 0.8379629629629629 0.3263888888888889 0.8240740740740741 0.33564814814814814 0.8194444444444444 0.33564814814814814 0.8125 0.32407407407407407 0.8009259259259259 0.3148148148148148 0.8009259259259259 0.3101851851851852 0.7916666666666666 0.30092592592592593 0.7916666666666666 0.29398148148148145 0.7939814814814815 0.29398148148148145 0.7962962962962963 0.28935185185185186 0.8055555555555556 0.2847222222222222 0.8148148148148148 0.27546296296296297 0.8240740740740741 0.2708333333333333 0.8263888888888888 0.2662037037037037 0.8379629629629629 0.25925925925925924 0.8495370370370371 0.24768518518518517 0.8564814814814815 0.24768518518518517 0.8703703703703703 0.2638888888888889