4 0.90768125 0.17292343749999997 0.90768125 0.21749218750000002 0.9534796875 0.217075 0.9533859375 0.1730625 0.90768125 0.17292343749999997
4 0.9125609374999999 0.706246875 0.9141874999999999 0.7521984375 0.960525 0.75341875 0.9593046875 0.7046203125 0.9125609374999999 0.706246875
4 0.8560609375 0.458296875 0.8556546875000001 0.5034359375 0.9028062499999999 0.5046546875 0.9031578125 0.45917187500000006 0.8560609375 0.458296875
4 0.737371875 0.5701265624999999 0.691034375 0.5701265624999999 0.691034375 0.616078125 0.737778125 0.6156718749999999 0.737371875 0.5701265624999999
4 0.691034375 0.301153125 0.6902203124999999 0.3475109375 0.7353390625 0.3475109375 0.7356875 0.3008015625 0.691034375 0.301153125
4 0.47736562499999996 0.177690625 0.47736562499999996 0.22101874999999999 0.522840625 0.22101874999999999 0.5217578125 0.17444062500000002 0.47736562499999996 0.177690625
4 0.04102499999999988 0.1701078125 0.039942187499999976 0.21451875 0.08216874999999983 0.21560312499999998 0.08433437500000004 0.167940625 0.04102499999999988 0.1701078125
4 0.03019843749999988 0.45932500000000004 0.02803281249999993 0.5069875 0.0735062499999999 0.505903125 0.07483125000000007 0.458490625 0.03019843749999988 0.45932500000000004
4 0.024784374999999942 0.695465625 0.0237015624999999 0.7442109375000001 0.0670109374999998 0.7442109375000001 0.06804218750000002 0.6970562499999999 0.024784374999999942 0.695465625
4 0.2088484374999999 0.6423890625 0.207765625 0.6857171875 0.2521578124999999 0.6857171875 0.2521578124999999 0.6423890625 0.2088484374999999 0.6423890625
4 0.2478265624999999 0.46365781250000004 0.2478265624999999 0.505903125 0.29113593749999994 0.5069875 0.2920609375 0.4623703125 0.2478265624999999 0.46365781250000004
4 0.47890937499999997 0.4656921875000001 0.4799359374999999 0.511890625 0.5240609374999999 0.5129171875 0.5238968749999999 0.464965625 0.47890937499999997 0.4656921875000001
3 0.455084375 0.324371875 0.4333515625 0.320559375 0.42035625 0.3198875 0.419909375 0.32638906250000005 0.4169953125 0.336928125 0.41296249999999995 0.34118906250000003 0.4127390625 0.3555390625 0.4125 0.3640625 0.4127390625 0.37123593750000006 0.4194609374999999 0.37392656249999995 0.48891562499999996 0.38177500000000003 0.4925 0.38177500000000003 0.494965625 0.366303125 0.4983265624999999 0.35688437500000003 0.497878125 0.34141250000000006 0.49899843749999995 0.33065 0.48734687499999996 0.32863125000000004 0.455084375 0.324371875
1 0.30923281249999995 0.33456562500000003 0.3101765624999999 0.34180781250000003 0.3161546875 0.347159375 0.35642031249999995 0.3896625 0.36113906249999994 0.39218125000000004 0.36837499999999995 0.39218125000000004 0.3759249999999999 0.38588437500000006 0.3746671875 0.37864374999999995 0.3677453125 0.36888437500000004 0.35201718749999994 0.352196875 0.3388046874999999 0.33677031250000006 0.33062499999999995 0.32858437500000004 0.3224453125 0.325121875 0.3136375 0.3279546875 0.30923281249999995 0.33456562500000003
1 0.19107812499999988 0.40181718750000006 0.19296562500000003 0.40874375 0.19013437500000005 0.4140953125 0.1885609374999999 0.422596875 0.19013437500000005 0.431096875 0.19611093749999983 0.44085625 0.20145937499999994 0.44589375000000003 0.20680781250000002 0.44557968750000004 0.209325 0.4518765625 0.21026874999999998 0.46006250000000004 0.21341406249999992 0.466359375 0.2209640624999999 0.46761875 0.22757031249999993 0.4669890625 0.23291874999999987 0.46163593750000004 0.2332328125 0.45282031250000004 0.22945781249999994 0.44243125 0.22190781249999997 0.427634375 0.2190765625 0.41189218750000006 0.21498749999999997 0.40181718750000006 0.2143578125 0.3945765625 0.2115265624999999 0.38922343750000005 0.20208906249999992 0.3851312500000001 0.19233593749999991 0.39079843750000004 0.19107812499999988 0.40181718750000006
3 0.20075468749999997 0.26083125 0.1955515625 0.26272500000000004 0.19697031250000005 0.2688796875 0.19838906249999996 0.27598125 0.19602343749999995 0.28781875 0.20075468749999997 0.28923906250000003 0.21258125000000003 0.2911328125 0.2755031249999999 0.3006015625 0.2788140624999999 0.29918125000000007 0.2788140624999999 0.290659375 0.28070624999999993 0.2726671875 0.277496875 0.2701921875 0.20075468749999997 0.26083125