4 0.90768125 0.8270765625000001 0.9533859375 0.8269374999999999 0.9534796875 0.7829250000000001 0.90768125 0.7825078124999999 0.90768125 0.8270765625000001
4 0.9125609374999999 0.29375312499999995 0.9593046875 0.29537968749999993 0.960525 0.24658125 0.9141874999999999 0.2478015625 0.9125609374999999 0.29375312499999995
4 0.8560609375 0.541703125 0.9031578125 0.540828125 0.9028062499999999 0.49534531249999997 0.8556546875000001 0.49656406249999996 0.8560609375 0.541703125
4 0.737371875 0.4298734375 0.737778125 0.3843281250000001 0.691034375 0.38392187499999997 0.691034375 0.4298734375 0.737371875 0.4298734375
4 0.691034375 0.698846875 0.7356875 0.6991984375 0.7353390625 0.6524890624999999 0.6902203124999999 0.6524890624999999 0.691034375 0.698846875
4 0.47736562499999996 0.8223093750000001 0.5217578125 0.8255593750000001 0.522840625 0.7789812500000001 0.47736562499999996 0.7789812500000001 0.47736562499999996 0.8223093750000001
4 0.04102499999999988 0.8298921874999999 0.08433437500000004 0.832059375 0.08216874999999983 0.7843968750000001 0.039942187499999976 0.78548125 0.04102499999999988 0.8298921874999999
4 0.03019843749999988 0.540675 0.07483125000000007 0.541509375 0.0735062499999999 0.494096875 0.02803281249999993 0.49301249999999996 0.03019843749999988 0.540675
4 0.024784374999999942 0.304534375 0.06804218750000002 0.30294375000000007 0.0670109374999998 0.2557890624999999 0.0237015624999999 0.2557890624999999 0.024784374999999942 0.304534375
4 0.2088484374999999 0.3576109374999999 0.2521578124999999 0.3576109374999999 0.2521578124999999 0.3142828125 0.207765625 0.3142828125 0.2088484374999999 0.3576109374999999
4 0.2478265624999999 0.5363421875 0.2920609375 0.5376296875 0.29113593749999994 0.49301249999999996 0.2478265624999999 0.494096875 0.2478265624999999 0.5363421875
4 0.47890937499999997 0.5343078124999999 0.5238968749999999 0.535034375 0.5240609374999999 0.48708281249999996 0.4799359374999999 0.488109375 0.47890937499999997 0.5343078124999999
2 0.40515156250000006 0.6047390625 0.39347343749999986 0.5907640625 0.38331875000000004 0.5804734375 0.3812874999999999 0.5784406249999999 0.38166874999999983 0.5761546875 0.3815421874999999 0.5728515624999999 0.379384375 0.5720890625 0.37532187499999997 0.5720890625 0.37316406249999995 0.5725968749999999 0.37087968749999994 0.5745031249999999 0.36935624999999994 0.57704375 0.3702437499999999 0.5790765625 0.37290937499999993 0.5803468749999999 0.3806531249999999 0.586190625 0.39360156249999995 0.6005468749999999 0.405659375 0.6131234375 0.4315546874999999 0.6424687499999999 0.435871875 0.6467890625 0.4406953125 0.6479328125 0.4413296875 0.6441203125 0.43980624999999995 0.6424687499999999 0.436759375 0.63929375 0.4300328125 0.6320515624999999 0.41936874999999996 0.6207453125 0.4109921875 0.6113437500000001 0.40515156250000006 0.6047390625
2 0.22730937500000004 0.6556515625 0.22785468749999999 0.65164375 0.2256703124999999 0.64781875 0.22294062499999992 0.6476375 0.21893593750000004 0.6483656250000001 0.2156609375 0.6503687499999999 0.21474999999999997 0.6538296875 0.2156609375 0.655834375 0.21911874999999995 0.6571093750000001 0.22221249999999995 0.658384375 0.22366874999999992 0.6603875 0.234953125 0.6702234374999999 0.2520609375 0.6864359375 0.2607984375 0.6955421875 0.27080781249999997 0.7055609375 0.281728125 0.7166718750000001 0.2892531249999999 0.7196078125 0.28828124999999993 0.714121875 0.28536874999999995 0.71084375 0.2744484374999999 0.7008249999999999 0.26462031249999995 0.6913531249999999 0.2487859375 0.6751421875 0.23404375 0.6607515624999999 0.22730937500000004 0.6556515625
0 0.20692343749999995 0.6618453125 0.20437656249999991 0.6618453125 0.20146406249999996 0.6627546875 0.2012812499999999 0.6663984374999999 0.20328437499999985 0.669859375 0.20528593749999993 0.67040625 0.20837968749999994 0.67295625 0.21365781249999993 0.678784375 0.21822812499999994 0.679303125 0.21839062499999995 0.6762343749999999 0.21729843750000002 0.6744125 0.21329374999999987 0.6714984374999999 0.21111093749999987 0.6694953124999999 0.2102 0.667309375 0.20983593749999993 0.6638484374999999 0.20692343749999995 0.6618453125
0 0.3116765625 0.6174046875 0.30980156249999996 0.6151765624999999 0.307225 0.615528125 0.30628749999999993 0.6163484375 0.3057015624999999 0.6188109375 0.30546718749999996 0.6210390625 0.3069906249999999 0.62209375 0.30980156249999996 0.62209375 0.3126140624999999 0.6226796874999999 0.31601093750000003 0.6244390625 0.31929062499999994 0.6256109375 0.3229296875 0.6262749999999999 0.3230406249999999 0.623853125 0.3217515625 0.622796875 0.320228125 0.6215078124999999 0.317534375 0.6203359374999999 0.3148390625 0.6189281249999999 0.3128484375 0.6188109375 0.3116765625 0.6174046875