4 0.09231875 0.17292343749999997 0.0466140625 0.1730625 0.0465203125 0.217075 0.09231875 0.21749218750000002 0.09231875 0.17292343749999997
4 0.08743906250000001 0.706246875 0.04069531250000001 0.7046203125 0.039475 0.75341875 0.08581250000000001 0.7521984375 0.08743906250000001 0.706246875
4 0.1439390625 0.458296875 0.0968421875 0.45917187500000006 0.09719375000000001 0.5046546875 0.14434531250000002 0.5034359375 0.1439390625 0.458296875
4 0.26262812500000005 0.5701265624999999 0.26222187500000005 0.6156718749999999 0.308965625 0.616078125 0.308965625 0.5701265624999999 0.26262812500000005 0.5701265624999999
4 0.308965625 0.301153125 0.2643125 0.3008015625 0.2646609375 0.3475109375 0.3097796875 0.3475109375 0.308965625 0.301153125
4 0.522634375 0.177690625 0.4782421875 0.17444062500000002 0.47715937500000005 0.22101874999999999 0.522634375 0.22101874999999999 0.522634375 0.177690625
4 0.9589750000000001 0.1701078125 0.9156656249999999 0.167940625 0.9178312500000002 0.21560312499999998 0.9600578125 0.21451875 0.9589750000000001 0.1701078125
4 0.9698015625000002 0.45932500000000004 0.92516875 0.458490625 0.9264937500000001 0.505903125 0.9719671875000001 0.5069875 0.9698015625000002 0.45932500000000004
4 0.975215625 0.695465625 0.9319578125 0.6970562499999999 0.9329890625000002 0.7442109375000001 0.9762984375000001 0.7442109375000001 0.975215625 0.695465625
4 0.7911515625000001 0.6423890625 0.7478421875000001 0.6423890625 0.7478421875000001 0.6857171875 0.792234375 0.6857171875 0.7911515625000001 0.6423890625
4 0.7521734375000001 0.46365781250000004 0.7079390625 0.4623703125 0.7088640625000001 0.5069875 0.7521734375000001 0.505903125 0.7521734375000001 0.46365781250000004
4 0.521090625 0.4656921875000001 0.47610312500000007 0.464965625 0.47593906250000007 0.5129171875 0.5200640625 0.511890625 0.521090625 0.4656921875000001
5 0.6527777777777778 0.37962962962962965 0.6504629629629629 0.38657407407407407 0.6597222222222222 0.3958333333333333 0.6666666666666666 0.3958333333333333 0.6550925925925926 0.39351851851851855 0.6550925925925926 0.3912037037037037 0.6504629629629629 0.3888888888888889 0.6504629629629629 0.38425925925925924 0.6527777777777778 0.3819444444444444
5 0.7268518518518519 0.39351851851851855 0.7268518518518519 0.3958333333333333 0.7361111111111112 0.4027777777777778 0.7430555555555556 0.40046296296296297 0.7476851851851852 0.3958333333333333 0.7476851851851852 0.39814814814814814 0.7384259259259259 0.4027777777777778 0.7337962962962963 0.4027777777777778 0.7268518518518519 0.39814814814814814 0.7268518518518519 0.3958333333333333
0 0.662925 0.3574671875 0.6650093750000001 0.35705000000000003 0.6687593749999999 0.35705000000000003 0.6725109375 0.3577453125 0.6752890625 0.357884375 0.6776515625 0.35635625 0.6758453125000001 0.35468750000000004 0.6712609375 0.3544109375 0.6658421875000001 0.3530203125 0.6648703125 0.35135312500000004 0.661953125 0.35163125000000006 0.660425 0.353159375 0.6609796875 0.3577453125 0.662925 0.3574671875
0 0.7484765625 0.34565468750000006 0.752365625 0.347321875 0.7559781250000001 0.3498234375 0.7562500000000001 0.353125 0.7573671875000001 0.35413281250000006 0.7597296875 0.3553828125 0.7625078125000001 0.3548265625 0.7638968750000001 0.350796875 0.7632015625 0.3491296875 0.7604234375 0.348434375 0.7583406250000001 0.3470453125000001 0.7538937500000001 0.34454375000000004 0.7518109375 0.34259687499999997 0.748059375 0.34190312500000003 0.7484765625 0.34565468750000006