4 0.4783859374999999 0.82190625 0.5203125 0.821875 0.5204421875 0.8176078124999999 0.5203125 0.7807515625 0.5203125 0.778125 0.47799531249999994 0.7782765624999999 0.47799531249999994 0.7802296874999999 0.47799531249999994 0.7907796875 0.4783859374999999 0.82190625
4 0.9535921875 0.7826749999999999 0.909321875 0.78254375 0.9091921875 0.785409375 0.9091921875 0.8265640625 0.953071875 0.826825 0.9534625 0.7838468749999999 0.9535921875 0.7826749999999999
4 0.8578125 0.5359375 0.8578125 0.5406249999999999 0.867825 0.54001875 0.88149375 0.5384984375 0.9015625 0.5375 0.903125 0.5046875 0.9037656249999999 0.4944296875 0.8765625 0.4953125 0.8578125 0.49687499999999996 0.8566890625 0.49544375 0.85625 0.5343749999999999 0.8578125 0.5359375
4 0.9140625 0.25625 0.9134890625 0.29341718749999995 0.9171875 0.29374999999999996 0.9604062499999999 0.29317812500000007 0.9609375 0.29218750000000004 0.9609375 0.24843749999999998 0.9606453125000001 0.246490625 0.9359375 0.24687499999999996 0.916840625 0.24577187499999986 0.9139671875 0.2455328125 0.9140625 0.25625
4 0.6921875 0.3921874999999999 0.6915421875 0.41493125 0.691303125 0.42115625 0.6915421875 0.4288171875 0.6956125 0.4288171875 0.7375015625000001 0.42905781249999997 0.7375015625000001 0.4266625 0.73798125 0.38380625 0.7328125 0.3843749999999999 0.6968749999999999 0.3843749999999999 0.6924999999999999 0.384284375 0.6922609375000001 0.38955156249999995 0.6921875 0.3921874999999999
4 0.47954687500000004 0.5328984375 0.4819515625 0.5328984375 0.5234375 0.5328124999999999 0.5234375 0.5203125 0.523934375 0.5151796875 0.523934375 0.48836406250000003 0.48419843749999997 0.48740625 0.47964999999999997 0.487165625 0.4796875 0.4953125 0.47954687500000004 0.5328984375
4 0.24855937499999992 0.536321875 0.25044687499999996 0.5361328125 0.26366875 0.536321875 0.266690625 0.5357546875 0.2908656249999999 0.5365109375 0.2908656249999999 0.5323546874999999 0.29048749999999995 0.49683906249999993 0.2902984374999999 0.49400625 0.25312499999999993 0.49374999999999997 0.2491249999999999 0.49343906249999997 0.24843749999999998 0.49687499999999996 0.24855937499999992 0.536321875
4 0.0328124999999999 0.5390625 0.06874999999999998 0.5390625 0.0735890624999999 0.5387421874999999 0.07283437499999999 0.5383640625 0.07226718749999987 0.49699218749999996 0.07283437499999999 0.49415781249999996 0.03147187499999996 0.49396875 0.029582812499999937 0.4937796875 0.029582812499999937 0.53911875 0.0328124999999999 0.5390625
4 0.6920828125 0.6963937499999999 0.7356125 0.6969765625000001 0.735903125 0.6894031249999999 0.7361953125 0.6576593749999999 0.7360484374999999 0.6548921874999999 0.735903125 0.652853125 0.6923734375 0.6519796874999999 0.6921875 0.6546875 0.6921875 0.6953125 0.6920828125 0.6963937499999999
4 0.20940781250000004 0.3413203125 0.2095671874999999 0.349278125 0.20940781250000004 0.3562796875 0.24774999999999991 0.3564390625 0.25315937499999996 0.356596875 0.2523640624999999 0.31888281249999995 0.2523640624999999 0.31458593749999997 0.25268281249999985 0.31363125 0.21249999999999988 0.3140624999999999 0.2089312499999999 0.31442656249999995 0.20940781250000004 0.3413203125
4 0.025474999999999873 0.30042812499999993 0.06913593749999981 0.29946875 0.06913593749999981 0.2557968749999999 0.025954687499999858 0.2557968749999999 0.025474999999999873 0.30042812499999993
1 0.16133124999999993 0.5527140625 0.17119999999999996 0.551359375 0.18764531249999983 0.55445625 0.19374999999999998 0.546875 0.19374999999999998 0.528125 0.18958124999999995 0.523296875 0.1841625 0.524265625 0.182615625 0.5378124999999999 0.15900937499999987 0.53800625 0.14914218749999997 0.5447796874999999 0.14333749999999992 0.551746875 0.14120781250000003 0.56084375 0.14198281249999997 0.5676171875 0.14449843749999994 0.573809375 0.1484375 0.5765625 0.15629999999999994 0.57768125 0.1576546874999999 0.582325 0.16655624999999996 0.5873578125 0.16597500000000007 0.5939375 0.16562499999999988 0.603125 0.1698453125 0.6080656249999999 0.17642343749999986 0.6092265625000001 0.17893906249999983 0.5995499999999999 0.1796875 0.5953125 0.17835781249999996 0.58774375 0.17274687499999997 0.5782609375 0.17061874999999993 0.5718749999999999 0.1545593749999999 0.565875 0.15668749999999992 0.557553125 0.16133124999999993 0.5527140625
1 0.3160984374999999 0.5392874999999999 0.3095140624999999 0.554396875 0.30060624999999996 0.5652437499999999 0.294409375 0.5788015624999999 0.2951843749999999 0.5900359374999999 0.2906249999999999 0.6015625 0.2906249999999999 0.60625 0.29374999999999996 0.6125 0.296875 0.6140625 0.30781249999999993 0.6140625 0.3145484374999999 0.6043687499999999 0.32229531249999993 0.5811265624999999 0.3359375 0.5562499999999999 0.33906249999999993 0.5484374999999999 0.3374999999999999 0.5421874999999999 0.33430156249999987 0.5354140625 0.32343749999999993 0.5359375 0.3160984374999999 0.5392874999999999
2 0.48172812499999995 0.657684375 0.47519375 0.6582781249999999 0.4732624999999999 0.6732828125 0.47014374999999997 0.6835328125000001 0.46464843749999996 0.7076 0.4618265625 0.7211171875 0.45989531250000004 0.7294375 0.45603437500000005 0.744590625 0.4558859375 0.7578109375 0.46034062499999995 0.7512749999999999 0.46271718749999996 0.74414375 0.46553906249999993 0.7288421875 0.46865781249999994 0.715621875 0.47459999999999997 0.689771875 0.4783125 0.6787796875 0.4803921875 0.6662999999999999 0.484253125 0.6616953125 0.48172812499999995 0.657684375
2 0.20214374999999998 0.65144375 0.20090781249999998 0.6572671875 0.20002656249999998 0.6583265625 0.1934984375000001 0.672621875 0.1859109374999998 0.692740625 0.17779374999999997 0.711978125 0.17179531249999988 0.7273312499999999 0.17250156249999982 0.7356265624999999 0.17920625 0.7282140625000001 0.18379375000000006 0.7158609375 0.1947328125 0.6902703125 0.1982609374999999 0.6812703124999999 0.20302499999999998 0.6685625 0.2088484374999999 0.65744375 0.20920156249999997 0.65144375 0.21431874999999995 0.6500328125 0.21361249999999998 0.6457968749999999 0.20781249999999996 0.6421875 0.20284843749999995 0.6435015625 0.20214374999999998 0.65144375
4 0.039417187499999916 0.7858921875 0.0390625 0.828125 0.038617187499999935 0.8291312500000001 0.08184531249999984 0.8291312500000001 0.0842468749999999 0.78629375 0.039417187499999916 0.7858921875