4 0.90768125 0.17292343749999997 0.90768125 0.21749218750000002 0.9534796875 0.217075 0.9533859375 0.1730625 0.90768125 0.17292343749999997
4 0.9125609374999999 0.706246875 0.9141874999999999 0.7521984375 0.960525 0.75341875 0.9593046875 0.7046203125 0.9125609374999999 0.706246875
4 0.8560609375 0.458296875 0.8556546875000001 0.5034359375 0.9028062499999999 0.5046546875 0.9031578125 0.45917187500000006 0.8560609375 0.458296875
4 0.737371875 0.5701265624999999 0.691034375 0.5701265624999999 0.691034375 0.616078125 0.737778125 0.6156718749999999 0.737371875 0.5701265624999999
4 0.691034375 0.301153125 0.6902203124999999 0.3475109375 0.7353390625 0.3475109375 0.7356875 0.3008015625 0.691034375 0.301153125
4 0.47736562499999996 0.177690625 0.47736562499999996 0.22101874999999999 0.522840625 0.22101874999999999 0.5217578125 0.17444062500000002 0.47736562499999996 0.177690625
4 0.04102499999999988 0.1701078125 0.039942187499999976 0.21451875 0.08216874999999983 0.21560312499999998 0.08433437500000004 0.167940625 0.04102499999999988 0.1701078125
4 0.03019843749999988 0.45932500000000004 0.02803281249999993 0.5069875 0.0735062499999999 0.505903125 0.07483125000000007 0.458490625 0.03019843749999988 0.45932500000000004
4 0.024784374999999942 0.695465625 0.0237015624999999 0.7442109375000001 0.0670109374999998 0.7442109375000001 0.06804218750000002 0.6970562499999999 0.024784374999999942 0.695465625
4 0.2088484374999999 0.6423890625 0.207765625 0.6857171875 0.2521578124999999 0.6857171875 0.2521578124999999 0.6423890625 0.2088484374999999 0.6423890625
4 0.2478265624999999 0.46365781250000004 0.2478265624999999 0.505903125 0.29113593749999994 0.5069875 0.2920609375 0.4623703125 0.2478265624999999 0.46365781250000004
4 0.47890937499999997 0.4656921875000001 0.4799359374999999 0.511890625 0.5240609374999999 0.5129171875 0.5238968749999999 0.464965625 0.47890937499999997 0.4656921875000001
1 0.3606249999999999 0.3434203125 0.35415468749999995 0.34584687500000005 0.35091875 0.35070000000000007 0.35091875 0.35474375 0.35280624999999993 0.36094375000000006 0.35712031250000004 0.363640625 0.3641296874999999 0.36984062500000003 0.3751828125 0.37739062500000004 0.3870453125 0.38709531250000007 0.3975593749999999 0.39275625000000003 0.4061874999999999 0.39922812500000004 0.41319687499999996 0.4008453125 0.4172406249999999 0.39922812500000004 0.4231718749999999 0.3968015625 0.42505937499999996 0.39437500000000003 0.42505937499999996 0.39383593750000007 0.4255984374999999 0.391409375 0.42586718749999997 0.387365625 0.42344062499999996 0.38547812499999995 0.42101562499999995 0.381434375 0.41346562499999995 0.37739062500000004 0.4059171875 0.3711890625 0.39809843749999996 0.36471875 0.3873156249999999 0.3582484375 0.381653125 0.3544734375 0.37841875 0.3525875 0.37464374999999994 0.35042968750000003 0.3742078124999999 0.35021250000000004 0.3734671875 0.34947031250000005 0.371390625 0.348284375 0.3703515625 0.34635625 0.3682750000000001 0.3456140625 0.36608749999999995 0.344034375 0.3606249999999999 0.3434203125
1 0.6112140625 0.570496875 0.6064359375 0.570496875 0.6026953125 0.5719500000000001 0.599371875 0.5758968750000001 0.598125 0.581921875 0.59895625 0.5935562499999999 0.6006187499999999 0.6053968750000001 0.6035265625 0.61703125 0.6037343749999999 0.6272093750000001 0.6037343749999999 0.6378046875000001 0.6035265625 0.64320625 0.6070578124999999 0.6515156250000002 0.6134984375000001 0.6565015625 0.6186921874999999 0.6552546874999999 0.6222234375 0.6533859375 0.6238859375 0.6504765625000002 0.6265859374999999 0.6467375 0.6259625 0.639675 0.6270015625 0.6324031250000002 0.6259625 0.6270015625 0.6251328125 0.6195234375 0.62409375 0.6143296875000002 0.6243015624999999 0.60498125 0.6228468749999999 0.5977109375 0.6224312500000001 0.5912703125000001 0.6209765625000001 0.5833765625 0.6191078124999999 0.5781828125 0.6189 0.5748593750000001 0.6172109375 0.5719921875 0.6112140625 0.570496875
5 0.4166666666666667 0.35185185185185186 0.41898148148148145 0.35185185185185186 0.41435185185185186 0.35648148148148145 0.41435185185185186 0.36574074074074076 0.4212962962962963 0.3726851851851852 0.43287037037037035 0.37037037037037035 0.4398148148148148 0.3611111111111111 0.43287037037037035 0.35185185185185186 0.4351851851851852 0.35185185185185186 0.4398148148148148 0.3587962962962963 0.4398148148148148 0.36342592592592593 0.4351851851851852 0.37037037037037035 0.4212962962962963 0.3726851851851852 0.41435185185185186 0.36574074074074076 0.41435185185185186 0.35648148148148145 0.4166666666666667 0.3541666666666667
5 0.8495370370370371 0.38657407407407407 0.8541666666666666 0.38425925925925924 0.8634259259259259 0.38425925925925924 0.8541666666666666 0.38425925925925924 0.8472222222222222 0.3912037037037037 0.8472222222222222 0.39814814814814814 0.8541666666666666 0.4074074074074074 0.8657407407407407 0.4050925925925926 0.8541666666666666 0.4074074074074074 0.8472222222222222 0.39814814814814814 0.8472222222222222 0.3912037037037037 0.8495370370370371 0.3888888888888889