4 0.09231875 0.8270765625000001 0.09231875 0.7825078124999999 0.0465203125 0.7829250000000001 0.0466140625 0.8269374999999999 0.09231875 0.8270765625000001
4 0.08743906250000001 0.29375312499999995 0.08581250000000001 0.2478015625 0.039475 0.24658125 0.04069531250000001 0.29537968749999993 0.08743906250000001 0.29375312499999995
4 0.1439390625 0.541703125 0.14434531250000002 0.49656406249999996 0.09719375000000001 0.49534531249999997 0.0968421875 0.540828125 0.1439390625 0.541703125
4 0.26262812500000005 0.4298734375 0.308965625 0.4298734375 0.308965625 0.38392187499999997 0.26222187500000005 0.3843281250000001 0.26262812500000005 0.4298734375
4 0.308965625 0.698846875 0.3097796875 0.6524890624999999 0.2646609375 0.6524890624999999 0.2643125 0.6991984375 0.308965625 0.698846875
4 0.522634375 0.8223093750000001 0.522634375 0.7789812500000001 0.47715937500000005 0.7789812500000001 0.4782421875 0.8255593750000001 0.522634375 0.8223093750000001
4 0.9589750000000001 0.8298921874999999 0.9600578125 0.78548125 0.9178312500000002 0.7843968750000001 0.9156656249999999 0.832059375 0.9589750000000001 0.8298921874999999
4 0.9698015625000002 0.540675 0.9719671875000001 0.49301249999999996 0.9264937500000001 0.494096875 0.92516875 0.541509375 0.9698015625000002 0.540675
4 0.975215625 0.304534375 0.9762984375000001 0.2557890624999999 0.9329890625000002 0.2557890624999999 0.9319578125 0.30294375000000007 0.975215625 0.304534375
4 0.7911515625000001 0.3576109374999999 0.792234375 0.3142828125 0.7478421875000001 0.3142828125 0.7478421875000001 0.3576109374999999 0.7911515625000001 0.3576109374999999
4 0.7521734375000001 0.5363421875 0.7521734375000001 0.494096875 0.7088640625000001 0.49301249999999996 0.7079390625 0.5376296875 0.7521734375000001 0.5363421875
4 0.521090625 0.5343078124999999 0.5200640625 0.488109375 0.47593906250000007 0.48708281249999996 0.47610312500000007 0.535034375 0.521090625 0.5343078124999999
3 0.544915625 0.675628125 0.5666484375 0.679440625 0.57964375 0.6801125 0.580090625 0.6736109374999999 0.5830046875 0.663071875 0.5870375000000001 0.6588109375 0.5872609375000001 0.6444609375 0.5875 0.6359375 0.5872609375000001 0.6287640625 0.5805390625000001 0.6260734375 0.511084375 0.6182249999999999 0.5075000000000001 0.6182249999999999 0.505034375 0.6336968749999999 0.5016734375 0.643115625 0.502121875 0.6585875 0.5010015625 0.66935 0.512653125 0.67136875 0.544915625 0.675628125
1 0.6907671875 0.665434375 0.6898234375000001 0.6581921875 0.6838453125 0.6528406250000001 0.6435796875 0.6103375 0.6388609375000001 0.60781875 0.6316250000000001 0.60781875 0.624075 0.614115625 0.6253328125000001 0.62135625 0.6322546875 0.6311156249999998 0.6479828125 0.647803125 0.6611953125000001 0.6632296875 0.669375 0.6714156250000001 0.6775546874999999 0.674878125 0.6863625 0.6720453125 0.6907671875 0.665434375
1 0.8089218750000001 0.5981828124999999 0.807034375 0.5912562499999999 0.8098656249999999 0.5859046875 0.8114390625000001 0.577403125 0.8098656249999999 0.5689031250000001 0.8038890625000001 0.5591437499999999 0.7985406250000001 0.55410625 0.7931921875 0.5544203125 0.790675 0.5481234375 0.78973125 0.5399375 0.7865859375 0.533640625 0.7790359375000001 0.53238125 0.7724296875000001 0.5330109375000001 0.7670812500000002 0.5383640625 0.7667671875000001 0.5471796875 0.7705421875 0.55756875 0.7780921875 0.572365625 0.7809234375 0.5881078125 0.7850125 0.5981828124999999 0.7856421875 0.6054234374999999 0.7884734375000001 0.6107765624999999 0.7979109375000001 0.61486875 0.8076640625000001 0.6092015625 0.8089218750000001 0.5981828124999999
3 0.7992453125 0.73916875 0.8044484375000001 0.7372749999999999 0.8030296874999999 0.7311203125 0.8016109375 0.7240187499999999 0.8039765625 0.71218125 0.7992453125 0.7107609375 0.78741875 0.7088671875 0.724496875 0.6993984375000001 0.7211859375000002 0.7008187499999999 0.7211859375000002 0.7093406250000001 0.7192937500000001 0.7273328124999999 0.722503125 0.7298078124999999 0.7992453125 0.73916875