4 0.90768125 0.17292343749999997 0.90768125 0.21749218750000002 0.9534796875 0.217075 0.9533859375 0.1730625 0.90768125 0.17292343749999997
4 0.9125609374999999 0.706246875 0.9141874999999999 0.7521984375 0.960525 0.75341875 0.9593046875 0.7046203125 0.9125609374999999 0.706246875
4 0.8560609375 0.458296875 0.8556546875000001 0.5034359375 0.9028062499999999 0.5046546875 0.9031578125 0.45917187500000006 0.8560609375 0.458296875
4 0.737371875 0.5701265624999999 0.691034375 0.5701265624999999 0.691034375 0.616078125 0.737778125 0.6156718749999999 0.737371875 0.5701265624999999
4 0.691034375 0.301153125 0.6902203124999999 0.3475109375 0.7353390625 0.3475109375 0.7356875 0.3008015625 0.691034375 0.301153125
4 0.47736562499999996 0.177690625 0.47736562499999996 0.22101874999999999 0.522840625 0.22101874999999999 0.5217578125 0.17444062500000002 0.47736562499999996 0.177690625
4 0.04102499999999988 0.1701078125 0.039942187499999976 0.21451875 0.08216874999999983 0.21560312499999998 0.08433437500000004 0.167940625 0.04102499999999988 0.1701078125
4 0.03019843749999988 0.45932500000000004 0.02803281249999993 0.5069875 0.0735062499999999 0.505903125 0.07483125000000007 0.458490625 0.03019843749999988 0.45932500000000004
4 0.024784374999999942 0.695465625 0.0237015624999999 0.7442109375000001 0.0670109374999998 0.7442109375000001 0.06804218750000002 0.6970562499999999 0.024784374999999942 0.695465625
4 0.2088484374999999 0.6423890625 0.207765625 0.6857171875 0.2521578124999999 0.6857171875 0.2521578124999999 0.6423890625 0.2088484374999999 0.6423890625
4 0.2478265624999999 0.46365781250000004 0.2478265624999999 0.505903125 0.29113593749999994 0.5069875 0.2920609375 0.4623703125 0.2478265624999999 0.46365781250000004
4 0.47890937499999997 0.4656921875000001 0.4799359374999999 0.511890625 0.5240609374999999 0.5129171875 0.5238968749999999 0.464965625 0.47890937499999997 0.4656921875000001
5 0.7800925925925926 0.7083333333333334 0.7800925925925926 0.7106481481481481 0.7847222222222222 0.7129629629629629 0.7847222222222222 0.7245370370370371 0.7754629629629629 0.7314814814814815 0.7638888888888888 0.7291666666666666 0.7638888888888888 0.7268518518518519 0.7592592592592593 0.7245370370370371 0.7592592592592593 0.7175925925925926 0.7662037037037037 0.7083333333333334 0.7777777777777778 0.7083333333333334
5 0.7314814814814815 0.7870370370370371 0.7337962962962963 0.7893518518518519 0.7407407407407407 0.7893518518518519 0.7453703703703703 0.7962962962962963 0.7453703703703703 0.8055555555555556 0.7361111111111112 0.8125 0.7245370370370371 0.8101851851851852 0.7199074074074074 0.8032407407407407 0.7199074074074074 0.7986111111111112 0.7245370370370371 0.7893518518518519 0.7291666666666666 0.7893518518518519
5 0.6458333333333334 0.6851851851851852 0.6504629629629629 0.6944444444444444 0.6504629629629629 0.7013888888888888 0.6412037037037037 0.7083333333333334 0.6296296296296297 0.7060185185185185 0.6273148148148148 0.6921296296296297 0.6342592592592593 0.6828703703703703 0.6412037037037037 0.6828703703703703 0.6435185185185185 0.6851851851851852
5 0.8541666666666666 0.3958333333333333 0.8657407407407407 0.3958333333333333 0.8726851851851852 0.40046296296296297 0.8726851851851852 0.4097222222222222 0.8680555555555556 0.41203703703703703 0.8657407407407407 0.4166666666666667 0.8587962962962963 0.41898148148148145 0.8495370370370371 0.41435185185185186 0.8495370370370371 0.40046296296296297 0.8541666666666666 0.39814814814814814
5 0.6712962962962963 0.41203703703703703 0.6666666666666666 0.40046296296296297 0.6736111111111112 0.3912037037037037 0.6851851851851852 0.3912037037037037 0.6921296296296297 0.40046296296296297 0.6898148148148148 0.41203703703703703 0.6851851851851852 0.41435185185185186 0.6759259259259259 0.41435185185185186 0.6736111111111112 0.41203703703703703
5 0.3773148148148148 0.5185185185185185 0.3819444444444444 0.5231481481481481 0.3819444444444444 0.5347222222222222 0.375 0.5393518518518519 0.3680555555555556 0.5393518518518519 0.3587962962962963 0.5324074074074074 0.3587962962962963 0.5277777777777778 0.36342592592592593 0.5208333333333334 0.375 0.5185185185185185
5 0.5 0.3958333333333333 0.5162037037037037 0.3958333333333333 0.5162037037037037 0.40046296296296297 0.5185185185185185 0.4027777777777778 0.5185185185185185 0.4097222222222222 0.5138888888888888 0.4166666666666667 0.5023148148148148 0.4166666666666667 0.49537037037037035 0.4074074074074074 0.5 0.39814814814814814
5 0.5879629629629629 0.30324074074074076 0.5925925925925926 0.30787037037037035 0.5925925925925926 0.32175925925925924 0.5879629629629629 0.3263888888888889 0.5787037037037037 0.3263888888888889 0.5717592592592593 0.3194444444444444 0.5717592592592593 0.3101851851851852 0.5787037037037037 0.30324074074074076 0.5856481481481481 0.30324074074074076
5 0.2777777777777778 0.33796296296296297 0.02546296296296296 0.023148148148148147
5 0.07407407407407407 0.38657407407407407 0.0763888888888889 0.3888888888888889 0.0763888888888889 0.40046296296296297 0.06481481481481481 0.4050925925925926 0.05555555555555555 0.40046296296296297 0.05555555555555555 0.38657407407407407 0.06018518518518518 0.3819444444444444 0.06712962962962964 0.3819444444444444 0.07175925925925926 0.38657407407407407
5 0.6134259259259259 0.4976851851851852 0.6041666666666666 0.49074074074074076 0.6041666666666666 0.47685185185185186 0.6064814814814815 0.47685185185185186 0.6087962962962963 0.4722222222222222 0.6203703703703703 0.4722222222222222 0.625 0.47685185185185186 0.6273148148148148 0.48842592592592593 0.6203703703703703 0.49537037037037035 0.6157407407407407 0.49537037037037035
5 0.4513888888888889 0.5717592592592593 0.46064814814814814 0.5717592592592593 0.4652777777777778 0.5763888888888888 0.4652777777777778 0.5856481481481481 0.46296296296296297 0.5902777777777778 0.44907407407407407 0.5902777777777778 0.44675925925925924 0.5810185185185185 0.4513888888888889 0.5740740740740741