4 0.90768125 0.8270765625000001 0.9533859375 0.8269374999999999 0.9534796875 0.7829250000000001 0.90768125 0.7825078124999999 0.90768125 0.8270765625000001
4 0.9125609374999999 0.29375312499999995 0.9593046875 0.29537968749999993 0.960525 0.24658125 0.9141874999999999 0.2478015625 0.9125609374999999 0.29375312499999995
4 0.8560609375 0.541703125 0.9031578125 0.540828125 0.9028062499999999 0.49534531249999997 0.8556546875000001 0.49656406249999996 0.8560609375 0.541703125
4 0.737371875 0.4298734375 0.737778125 0.3843281250000001 0.691034375 0.38392187499999997 0.691034375 0.4298734375 0.737371875 0.4298734375
4 0.691034375 0.698846875 0.7356875 0.6991984375 0.7353390625 0.6524890624999999 0.6902203124999999 0.6524890624999999 0.691034375 0.698846875
4 0.47736562499999996 0.8223093750000001 0.5217578125 0.8255593750000001 0.522840625 0.7789812500000001 0.47736562499999996 0.7789812500000001 0.47736562499999996 0.8223093750000001
4 0.04102499999999988 0.8298921874999999 0.08433437500000004 0.832059375 0.08216874999999983 0.7843968750000001 0.039942187499999976 0.78548125 0.04102499999999988 0.8298921874999999
4 0.03019843749999988 0.540675 0.07483125000000007 0.541509375 0.0735062499999999 0.494096875 0.02803281249999993 0.49301249999999996 0.03019843749999988 0.540675
4 0.024784374999999942 0.304534375 0.06804218750000002 0.30294375000000007 0.0670109374999998 0.2557890624999999 0.0237015624999999 0.2557890624999999 0.024784374999999942 0.304534375
4 0.2088484374999999 0.3576109374999999 0.2521578124999999 0.3576109374999999 0.2521578124999999 0.3142828125 0.207765625 0.3142828125 0.2088484374999999 0.3576109374999999
4 0.2478265624999999 0.5363421875 0.2920609375 0.5376296875 0.29113593749999994 0.49301249999999996 0.2478265624999999 0.494096875 0.2478265624999999 0.5363421875
4 0.47890937499999997 0.5343078124999999 0.5238968749999999 0.535034375 0.5240609374999999 0.48708281249999996 0.4799359374999999 0.488109375 0.47890937499999997 0.5343078124999999
1 0.375 0.6180555555555556 0.3888888888888889 0.6180555555555556 0.41203703703703703 0.6435185185185185 0.4212962962962963 0.6481481481481481 0.43287037037037035 0.6481481481481481 0.4398148148148148 0.6527777777777778 0.44212962962962965 0.6574074074074074 0.4444444444444444 0.6574074074074074 0.4444444444444444 0.6666666666666666 0.4375 0.6712962962962963 0.42824074074074076 0.6712962962962963 0.41898148148148145 0.6666666666666666 0.4097222222222222 0.6666666666666666 0.40046296296296297 0.6597222222222222 0.3958333333333333 0.6597222222222222 0.3888888888888889 0.6527777777777778 0.3888888888888889 0.6481481481481481 0.38425925925925924 0.6458333333333334 0.3773148148148148 0.6365740740740741 0.375 0.6365740740740741 0.3726851851851852 0.6319444444444444 0.375 0.6203703703703703
1 0.1527777777777778 0.6435185185185185 0.1574074074074074 0.6412037037037037 0.16898148148148148 0.6435185185185185 0.18981481481481483 0.6759259259259259 0.20833333333333334 0.6967592592592593 0.20833333333333334 0.7037037037037037 0.19675925925925927 0.7129629629629629 0.1875 0.7083333333333334 0.18055555555555555 0.6990740740740741 0.16898148148148148 0.6967592592592593 0.16666666666666666 0.6921296296296297 0.1574074074074074 0.6851851851851852 0.1574074074074074 0.6805555555555556 0.1550925925925926 0.6782407407407407 0.1574074074074074 0.6620370370370371 0.15046296296296297 0.6550925925925926 0.15046296296296297 0.6481481481481481 0.1527777777777778 0.6458333333333334
1 0.5856481481481481 0.5717592592592593 0.5879629629629629 0.5740740740740741 0.5879629629629629 0.5925925925925926 0.5856481481481481 0.5949074074074074 0.5879629629629629 0.5972222222222222 0.5879629629629629 0.6018518518518519 0.5856481481481481 0.6041666666666666 0.5833333333333334 0.6157407407407407 0.5787037037037037 0.6203703703703703 0.5787037037037037 0.6319444444444444 0.5740740740740741 0.6365740740740741 0.5740740740740741 0.6412037037037037 0.5694444444444444 0.6504629629629629 0.5555555555555556 0.6504629629629629 0.5509259259259259 0.6435185185185185 0.5509259259259259 0.6365740740740741 0.5555555555555556 0.6296296296296297 0.5555555555555556 0.6226851851851852 0.5625 0.6064814814814815 0.5625 0.5972222222222222 0.5671296296296297 0.5879629629629629 0.5671296296296297 0.5763888888888888 0.5763888888888888 0.5694444444444444 0.5810185185185185 0.5694444444444444 0.5833333333333334 0.5717592592592593
1 0.3425925925925926 0.40046296296296297 0.3472222222222222 0.4027777777777778 0.3472222222222222 0.4097222222222222 0.35185185185185186 0.41203703703703703 0.35185185185185186 0.4166666666666667 0.3611111111111111 0.42824074074074076 0.36574074074074076 0.4398148148148148 0.3726851851851852 0.44675925925925924 0.3726851851851852 0.4513888888888889 0.3773148148148148 0.45601851851851855 0.3773148148148148 0.4675925925925926 0.37037037037037035 0.4722222222222222 0.3587962962962963 0.4699074074074074 0.3541666666666667 0.46064814814814814 0.34953703703703703 0.4583333333333333 0.3425925925925926 0.44907407407407407 0.3402777777777778 0.44907407407407407 0.33101851851851855 0.4305555555555556 0.33101851851851855 0.41898148148148145 0.3263888888888889 0.41435185185185186 0.3263888888888889 0.4027777777777778 0.3287037037037037 0.4027777777777778 0.33101851851851855 0.39814814814814814 0.33796296296296297 0.39814814814814814 0.3402777777777778 0.40046296296296297
1 0.08564814814814815 0.4166666666666667 0.09722222222222222 0.4166666666666667 0.10648148148148148 0.42592592592592593 0.10648148148148148 0.42824074074074076 0.1111111111111111 0.4305555555555556 0.1111111111111111 0.4351851851851852 0.11574074074074074 0.44212962962962965 0.13657407407407407 0.4652777777777778 0.13657407407407407 0.4675925925925926 0.1412037037037037 0.4699074074074074 0.1412037037037037 0.47453703703703703 0.14351851851851852 0.47685185185185186 0.1388888888888889 0.4861111111111111 0.125 0.4861111111111111 0.12268518518518519 0.48148148148148145 0.10185185185185185 0.4675925925925926 0.08564814814814815 0.44907407407407407 0.08564814814814815 0.44212962962962965 0.08796296296296297 0.4398148148148148 0.08101851851851852 0.42824074074074076 0.08101851851851852 0.4236111111111111 0.08564814814814815 0.41898148148148145