4 0.90768125 0.8270765625000001 0.9533859375 0.8269374999999999 0.9534796875 0.7829250000000001 0.90768125 0.7825078124999999 0.90768125 0.8270765625000001
4 0.9125609374999999 0.29375312499999995 0.9593046875 0.29537968749999993 0.960525 0.24658125 0.9141874999999999 0.2478015625 0.9125609374999999 0.29375312499999995
4 0.8560609375 0.541703125 0.9031578125 0.540828125 0.9028062499999999 0.49534531249999997 0.8556546875000001 0.49656406249999996 0.8560609375 0.541703125
4 0.737371875 0.4298734375 0.737778125 0.3843281250000001 0.691034375 0.38392187499999997 0.691034375 0.4298734375 0.737371875 0.4298734375
4 0.691034375 0.698846875 0.7356875 0.6991984375 0.7353390625 0.6524890624999999 0.6902203124999999 0.6524890624999999 0.691034375 0.698846875
4 0.47736562499999996 0.8223093750000001 0.5217578125 0.8255593750000001 0.522840625 0.7789812500000001 0.47736562499999996 0.7789812500000001 0.47736562499999996 0.8223093750000001
4 0.04102499999999988 0.8298921874999999 0.08433437500000004 0.832059375 0.08216874999999983 0.7843968750000001 0.039942187499999976 0.78548125 0.04102499999999988 0.8298921874999999
4 0.03019843749999988 0.540675 0.07483125000000007 0.541509375 0.0735062499999999 0.494096875 0.02803281249999993 0.49301249999999996 0.03019843749999988 0.540675
4 0.024784374999999942 0.304534375 0.06804218750000002 0.30294375000000007 0.0670109374999998 0.2557890624999999 0.0237015624999999 0.2557890624999999 0.024784374999999942 0.304534375
4 0.2088484374999999 0.3576109374999999 0.2521578124999999 0.3576109374999999 0.2521578124999999 0.3142828125 0.207765625 0.3142828125 0.2088484374999999 0.3576109374999999
4 0.2478265624999999 0.5363421875 0.2920609375 0.5376296875 0.29113593749999994 0.49301249999999996 0.2478265624999999 0.494096875 0.2478265624999999 0.5363421875
4 0.47890937499999997 0.5343078124999999 0.5238968749999999 0.535034375 0.5240609374999999 0.48708281249999996 0.4799359374999999 0.488109375 0.47890937499999997 0.5343078124999999
1 0.2109375 0.63125 0.2109375 0.6265625 0.21562499999999996 0.61875 0.21718749999999998 0.6 0.2109375 0.5921875 0.19999999999999996 0.5921875 0.19843749999999993 0.59375 0.19374999999999998 0.6 0.19374999999999998 0.6171875 0.19062499999999993 0.61875 0.18593749999999998 0.628125 0.18593749999999998 0.646875 0.19062499999999993 0.653125 0.19687499999999988 0.65625 0.19687499999999988 0.66875 0.20156249999999998 0.675 0.21875 0.675 0.22031249999999988 0.6734375 0.22187499999999993 0.6703125 0.22187499999999993 0.6546875 0.21718749999999998 0.653125 0.21249999999999988 0.646875 0.21249999999999988 0.6328125 0.2109375 0.63125
1 0.334375 0.621875 0.3203125 0.621875 0.3109375 0.6265625 0.26249999999999996 0.625 0.25468749999999996 0.63125 0.25625 0.646875 0.2890625 0.65 0.2906249999999999 0.6515625 0.30781249999999993 0.6515625 0.30937499999999996 0.65 0.31875 0.646875 0.3218749999999999 0.64375 0.3359375 0.6453125 0.34062499999999996 0.640625 0.3421875 0.6296875 0.334375 0.621875
1 0.41898148148148145 0.625 0.4166666666666667 0.6296296296296297 0.4212962962962963 0.6365740740740741 0.4236111111111111 0.6342592592592593 0.4212962962962963 0.6412037037037037 0.41898148148148145 0.6365740740740741 0.4166666666666667 0.6412037037037037 0.4050925925925926 0.6412037037037037 0.4027777777777778 0.6388888888888888 0.4050925925925926 0.6412037037037037 0.41435185185185186 0.6412037037037037 0.41898148148148145 0.6365740740740741 0.4166666666666667 0.6273148148148148
1 0.6157407407407407 0.6018518518518519 0.6134259259259259 0.6111111111111112 0.5925925925925926 0.6111111111111112 0.6111111111111112 0.6111111111111112 0.6157407407407407 0.6041666666666666
1 0.4930555555555556 0.6412037037037037 0.49537037037037035 0.6226851851851852 0.5 0.6180555555555556 0.5115740740740741 0.6180555555555556 0.5208333333333334 0.6226851851851852 0.5115740740740741 0.6180555555555556 0.5 0.6180555555555556 0.49537037037037035 0.6226851851851852 0.4930555555555556 0.6388888888888888