4 0.09231875 0.17292343749999997 0.0466140625 0.1730625 0.0465203125 0.217075 0.09231875 0.21749218750000002 0.09231875 0.17292343749999997
4 0.08743906250000001 0.706246875 0.04069531250000001 0.7046203125 0.039475 0.75341875 0.08581250000000001 0.7521984375 0.08743906250000001 0.706246875
4 0.1439390625 0.458296875 0.0968421875 0.45917187500000006 0.09719375000000001 0.5046546875 0.14434531250000002 0.5034359375 0.1439390625 0.458296875
4 0.26262812500000005 0.5701265624999999 0.26222187500000005 0.6156718749999999 0.308965625 0.616078125 0.308965625 0.5701265624999999 0.26262812500000005 0.5701265624999999
4 0.308965625 0.301153125 0.2643125 0.3008015625 0.2646609375 0.3475109375 0.3097796875 0.3475109375 0.308965625 0.301153125
4 0.522634375 0.177690625 0.4782421875 0.17444062500000002 0.47715937500000005 0.22101874999999999 0.522634375 0.22101874999999999 0.522634375 0.177690625
4 0.9589750000000001 0.1701078125 0.9156656249999999 0.167940625 0.9178312500000002 0.21560312499999998 0.9600578125 0.21451875 0.9589750000000001 0.1701078125
4 0.9698015625000002 0.45932500000000004 0.92516875 0.458490625 0.9264937500000001 0.505903125 0.9719671875000001 0.5069875 0.9698015625000002 0.45932500000000004
4 0.975215625 0.695465625 0.9319578125 0.6970562499999999 0.9329890625000002 0.7442109375000001 0.9762984375000001 0.7442109375000001 0.975215625 0.695465625
4 0.7911515625000001 0.6423890625 0.7478421875000001 0.6423890625 0.7478421875000001 0.6857171875 0.792234375 0.6857171875 0.7911515625000001 0.6423890625
4 0.7521734375000001 0.46365781250000004 0.7079390625 0.4623703125 0.7088640625000001 0.5069875 0.7521734375000001 0.505903125 0.7521734375000001 0.46365781250000004
4 0.521090625 0.4656921875000001 0.47610312500000007 0.464965625 0.47593906250000007 0.5129171875 0.5200640625 0.511890625 0.521090625 0.4656921875000001
0 0.1574074074074074 0.2175925925925926 0.1597222222222222 0.2222222222222222 0.16666666666666666 0.2175925925925926 0.1597222222222222 0.2222222222222222 0.1550925925925926 0.2199074074074074 0.1527777777777778 0.22453703703703703 0.1574074074074074 0.22685185185185186 0.1527777777777778 0.22916666666666666 0.15046296296296297 0.22916666666666666 0.15046296296296297 0.22685185185185186 0.1550925925925926 0.2199074074074074
0 0.3194444444444444 0.3148148148148148 0.32175925925925924 0.31712962962962965 0.3194444444444444 0.32175925925925924 0.32175925925925924 0.32407407407407407 0.32407407407407407 0.32175925925925924 0.33101851851851855 0.3263888888888889 0.32407407407407407 0.32175925925925924 0.32175925925925924 0.32407407407407407 0.32175925925925924 0.33101851851851855 0.32407407407407407 0.3333333333333333 0.33101851851851855 0.33101851851851855 0.32175925925925924 0.3333333333333333 0.3194444444444444 0.31712962962962965
0 0.16666666666666666 0.4699074074074074 0.16435185185185186 0.4675925925925926 0.16435185185185186 0.46296296296296297 0.16666666666666666 0.46064814814814814 0.1712962962962963 0.46296296296296297 0.1712962962962963 0.4652777777777778 0.16666666666666666 0.46064814814814814 0.16435185185185186 0.46296296296296297 0.16435185185185186 0.4675925925925926
0 0.5439814814814815 0.2037037037037037 0.5509259259259259 0.21064814814814814 0.5462962962962963 0.21296296296296297 0.5509259259259259 0.2152777777777778 0.5462962962962963 0.2152777777777778 0.5439814814814815 0.21296296296296297 0.5486111111111112 0.21064814814814814 0.5462962962962963 0.20601851851851852
0 0.5416666666666666 0.47685185185185186 0.5416666666666666 0.48148148148148145 0.5393518518518519 0.4837962962962963 0.5416666666666666 0.4861111111111111 0.5462962962962963 0.4861111111111111 0.5416666666666666 0.48842592592592593 0.5439814814814815 0.49074074074074076 0.5486111111111112 0.49074074074074076 0.5439814814814815 0.49074074074074076 0.5393518518518519 0.4837962962962963 0.5347222222222222 0.4837962962962963 0.5393518518518519 0.4837962962962963 0.5416666666666666 0.4791666666666667
0 0.7800925925925926 0.49074074074074076 0.7847222222222222 0.4930555555555556 0.7847222222222222 0.49537037037037035 0.7824074074074074 0.4976851851851852 0.7754629629629629 0.4976851851851852 0.7824074074074074 0.4976851851851852 0.7847222222222222 0.49537037037037035 0.7824074074074074 0.4930555555555556
0 0.8680555555555556 0.6921296296296297 0.8680555555555556 0.6967592592592593 0.8657407407407407 0.6990740740740741 0.8657407407407407 0.7037037037037037 0.8680555555555556 0.7060185185185185 0.8657407407407407 0.7060185185185185 0.8634259259259259 0.7013888888888888 0.8680555555555556 0.6944444444444444
0 0.8958333333333334 0.2037037037037037 0.9027777777777778 0.20833333333333334 0.9074074074074074 0.2152777777777778 0.9050925925925926 0.2152777777777778 0.9050925925925926 0.21296296296296297 0.8958333333333334 0.20601851851851852