4 0.90768125 0.17292343749999997 0.90768125 0.21749218750000002 0.9534796875 0.217075 0.9533859375 0.1730625 0.90768125 0.17292343749999997
4 0.9125609374999999 0.706246875 0.9141874999999999 0.7521984375 0.960525 0.75341875 0.9593046875 0.7046203125 0.9125609374999999 0.706246875
4 0.8560609375 0.458296875 0.8556546875000001 0.5034359375 0.9028062499999999 0.5046546875 0.9031578125 0.45917187500000006 0.8560609375 0.458296875
4 0.737371875 0.5701265624999999 0.691034375 0.5701265624999999 0.691034375 0.616078125 0.737778125 0.6156718749999999 0.737371875 0.5701265624999999
4 0.691034375 0.301153125 0.6902203124999999 0.3475109375 0.7353390625 0.3475109375 0.7356875 0.3008015625 0.691034375 0.301153125
4 0.47736562499999996 0.177690625 0.47736562499999996 0.22101874999999999 0.522840625 0.22101874999999999 0.5217578125 0.17444062500000002 0.47736562499999996 0.177690625
4 0.04102499999999988 0.1701078125 0.039942187499999976 0.21451875 0.08216874999999983 0.21560312499999998 0.08433437500000004 0.167940625 0.04102499999999988 0.1701078125
4 0.03019843749999988 0.45932500000000004 0.02803281249999993 0.5069875 0.0735062499999999 0.505903125 0.07483125000000007 0.458490625 0.03019843749999988 0.45932500000000004
4 0.024784374999999942 0.695465625 0.0237015624999999 0.7442109375000001 0.0670109374999998 0.7442109375000001 0.06804218750000002 0.6970562499999999 0.024784374999999942 0.695465625
4 0.2088484374999999 0.6423890625 0.207765625 0.6857171875 0.2521578124999999 0.6857171875 0.2521578124999999 0.6423890625 0.2088484374999999 0.6423890625
4 0.2478265624999999 0.46365781250000004 0.2478265624999999 0.505903125 0.29113593749999994 0.5069875 0.2920609375 0.4623703125 0.2478265624999999 0.46365781250000004
4 0.47890937499999997 0.4656921875000001 0.4799359374999999 0.511890625 0.5240609374999999 0.5129171875 0.5238968749999999 0.464965625 0.47890937499999997 0.4656921875000001
3 0.8402777777777778 0.1875 0.8472222222222222 0.18518518518518517 0.8541666666666666 0.19444444444444445 0.8587962962962963 0.19444444444444445 0.8657407407407407 0.19907407407407407 0.8657407407407407 0.20601851851851852 0.8240740740740741 0.26851851851851855 0.8171296296296297 0.26851851851851855 0.8101851851851852 0.2638888888888889 0.8055555555555556 0.2638888888888889 0.8055555555555556 0.26157407407407407 0.7986111111111112 0.2569444444444444 0.8055555555555556 0.24074074074074073 0.8078703703703703 0.24074074074074073 0.8125 0.23148148148148148 0.8171296296296297 0.22916666666666666 0.8217592592592593 0.2222222222222222 0.8217592592592593 0.2175925925925926 0.8402777777777778 0.18981481481481483
3 0.5208333333333334 0.2986111111111111 0.5370370370370371 0.31712962962962965 0.5370370370370371 0.32175925925925924 0.5208333333333334 0.33796296296296297 0.5208333333333334 0.3402777777777778 0.5185185185185185 0.3402777777777778 0.5162037037037037 0.3449074074074074 0.5138888888888888 0.3449074074074074 0.5115740740740741 0.34953703703703703 0.5092592592592593 0.34953703703703703 0.5023148148148148 0.3587962962962963 0.5 0.3587962962962963 0.4976851851851852 0.36342592592592593 0.49537037037037035 0.36342592592592593 0.4861111111111111 0.3726851851851852 0.48148148148148145 0.3726851851851852 0.4675925925925926 0.3587962962962963 0.4652777777777778 0.3587962962962963 0.4652777777777778 0.35648148148148145 0.46064814814814814 0.3541666666666667 0.4537037037037037 0.3449074074074074 0.4513888888888889 0.3449074074074074 0.4513888888888889 0.33796296296296297 0.5 0.28703703703703703 0.5069444444444444 0.28703703703703703 0.5185185185185185 0.2986111111111111
3 0.5486111111111112 0.6018518518518519 0.5486111111111112 0.6041666666666666 0.5532407407407407 0.6064814814814815 0.5532407407407407 0.6087962962962963 0.5694444444444444 0.625 0.5694444444444444 0.6296296296296297 0.5740740740740741 0.6319444444444444 0.5787037037037037 0.6412037037037037 0.5694444444444444 0.6504629629629629 0.5625 0.6527777777777778 0.5601851851851852 0.6574074074074074 0.5509259259259259 0.6620370370370371 0.5439814814814815 0.6712962962962963 0.5416666666666666 0.6712962962962963 0.5324074074074074 0.6805555555555556 0.5231481481481481 0.6851851851851852 0.5208333333333334 0.6898148148148148 0.5185185185185185 0.6898148148148148 0.5185185185185185 0.6875 0.5138888888888888 0.6851851851851852 0.5023148148148148 0.6712962962962963 0.5 0.6712962962962963 0.4976851851851852 0.6643518518518519 0.4930555555555556 0.6620370370370371 0.48842592592592593 0.6550925925925926 0.48842592592592593 0.6504629629629629 0.5231481481481481 0.6180555555555556 0.5462962962962963 0.6018518518518519
3 0.9120370370370371 0.48148148148148145 0.9189814814814815 0.48148148148148145 0.9259259259259259 0.4861111111111111 0.9398148148148148 0.4861111111111111 0.9398148148148148 0.5092592592592593 0.9375 0.5115740740740741 0.9375 0.5277777777777778 0.9351851851851852 0.5300925925925926 0.9328703703703703 0.5625 0.9305555555555556 0.5671296296296297 0.9120370370370371 0.5671296296296297 0.9004629629629629 0.5625 0.9004629629629629 0.5578703703703703 0.9027777777777778 0.5555555555555556 0.9027777777777778 0.5370370370370371 0.9050925925925926 0.5347222222222222 0.9050925925925926 0.5231481481481481 0.9074074074074074 0.5208333333333334 0.9074074074074074 0.5 0.9097222222222222 0.4976851851851852 0.9097222222222222 0.4861111111111111 0.9120370370370371 0.4837962962962963
3 0.1388888888888889 0.24768518518518517 0.09259259259259259 0.08101851851851852
5 0.19212962962962962 0.4861111111111111 0.2013888888888889 0.4837962962962963 0.2037037037037037 0.4861111111111111 0.20833333333333334 0.4861111111111111 0.21064814814814814 0.49074074074074076 0.20833333333333334 0.5046296296296297 0.19444444444444445 0.5069444444444444 0.18981481481481483 0.5046296296296297 0.1875 0.5 0.1875 0.4930555555555556 0.19212962962962962 0.48842592592592593
5 0.4074074074074074 0.6018518518518519 0.4236111111111111 0.6018518518518519 0.4236111111111111 0.6134259259259259 0.42592592592592593 0.6157407407407407 0.4236111111111111 0.6203703703703703 0.41898148148148145 0.6226851851851852 0.4074074074074074 0.6203703703703703 0.4027777777777778 0.6134259259259259 0.4027777777777778 0.6087962962962963 0.4074074074074074 0.6041666666666666
5 0.3726851851851852 0.3611111111111111 0.3773148148148148 0.3680555555555556 0.3773148148148148 0.3773148148148148 0.3726851851851852 0.3819444444444444 0.3611111111111111 0.3819444444444444 0.3541666666666667 0.3773148148148148 0.3541666666666667 0.36574074074074076 0.3587962962962963 0.3611111111111111 0.37037037037037035 0.3611111111111111
5 0.8935185185185185 0.3194444444444444 0.8981481481481481 0.32407407407407407 0.9004629629629629 0.3333333333333333 0.8958333333333334 0.3402777777777778 0.8912037037037037 0.3402777777777778 0.8888888888888888 0.3425925925925926 0.8796296296296297 0.3402777777777778 0.875 0.3287037037037037 0.8796296296296297 0.32175925925925924 0.8912037037037037 0.3194444444444444
5 0.8240740740740741 0.5787037037037037 0.8263888888888888 0.5902777777777778 0.8240740740740741 0.5949074074074074 0.8171296296296297 0.5995370370370371 0.8055555555555556 0.5972222222222222 0.8009259259259259 0.5902777777777778 0.8009259259259259 0.5856481481481481 0.8055555555555556 0.5787037037037037 0.8148148148148148 0.5740740740740741 0.8217592592592593 0.5787037037037037
2 0.30324074074074076 0.4444444444444444 0.3055555555555556 0.4444444444444444 0.3148148148148148 0.45601851851851855 0.3194444444444444 0.4652777777777778 0.3194444444444444 0.4699074074074074 0.3287037037037037 0.48148148148148145 0.33796296296296297 0.5 0.33796296296296297 0.5046296296296297 0.3425925925925926 0.5092592592592593 0.3425925925925926 0.5138888888888888 0.3472222222222222 0.5162037037037037 0.35185185185185186 0.5231481481481481 0.35185185185185186 0.5277777777777778 0.3449074074074074 0.5300925925925926 0.3449074074074074 0.5254629629629629 0.3402777777777778 0.5208333333333334 0.3402777777777778 0.5162037037037037 0.33564814814814814 0.5138888888888888 0.33564814814814814 0.5069444444444444 0.33101851851851855 0.5046296296296297 0.33101851851851855 0.4976851851851852 0.3263888888888889 0.4930555555555556 0.3263888888888889 0.48842592592592593 0.32175925925925924 0.4837962962962963 0.3125 0.4652777777777778 0.3125 0.46064814814814814 0.3055555555555556 0.4537037037037037 0.3055555555555556 0.44907407407407407 0.30324074074074076 0.44675925925925924
2 0.11342592592592593 0.3125 0.11574074074074074 0.31712962962962965 0.13425925925925927 0.3333333333333333 0.13657407407407407 0.3333333333333333 0.1412037037037037 0.3402777777777778 0.16435185185185186 0.3611111111111111 0.16435185185185186 0.36342592592592593 0.1597222222222222 0.36342592592592593 0.1527777777777778 0.3587962962962963 0.15046296296296297 0.3541666666666667 0.14814814814814814 0.3541666666666667 0.1388888888888889 0.3449074074074074 0.125 0.33564814814814814 0.12268518518518519 0.33101851851851855 0.1087962962962963 0.32175925925925924 0.1087962962962963 0.3194444444444444 0.10416666666666667 0.31712962962962965 0.09953703703703703 0.3101851851851852 0.09027777777777778 0.3055555555555556 0.08796296296296297 0.30324074074074076 0.08796296296296297 0.2986111111111111 0.09027777777777778 0.2962962962962963 0.09722222222222222 0.2962962962962963 0.09722222222222222 0.2986111111111111 0.1111111111111111 0.3125
2 0.37037037037037035 0.2037037037037037 0.3726851851851852 0.21064814814814814 0.3773148148148148 0.21296296296296297 0.3773148148148148 0.2175925925925926 0.3912037037037037 0.2361111111111111 0.3958333333333333 0.24768518518518517 0.40046296296296297 0.25 0.40046296296296297 0.25462962962962965 0.4050925925925926 0.2569444444444444 0.4097222222222222 0.2638888888888889 0.4074074074074074 0.26851851851851855 0.40046296296296297 0.26851851851851855 0.39814814814814814 0.2662037037037037 0.39814814814814814 0.26157407407407407 0.39351851851851855 0.2523148148148148 0.37962962962962965 0.2337962962962963 0.37962962962962965 0.22916666666666666 0.3680555555555556 0.2152777777777778 0.36342592592592593 0.2037037037037037 0.3541666666666667 0.19212962962962962 0.3541666666666667 0.18287037037037038 0.3611111111111111 0.18981481481481483 0.3680555555555556 0.2037037037037037
2 0.7685185185185185 0.16666666666666666 0.7708333333333334 0.16666666666666666 0.7662037037037037 0.1736111111111111 0.7662037037037037 0.17824074074074073 0.7615740740740741 0.18287037037037038 0.7569444444444444 0.19212962962962962 0.7569444444444444 0.19675925925925927 0.7476851851851852 0.20833333333333334 0.7476851851851852 0.21296296296296297 0.7407407407407407 0.2199074074074074 0.7407407407407407 0.22453703703703703 0.7314814814814815 0.2361111111111111 0.7245370370370371 0.25462962962962965 0.7199074074074074 0.25462962962962965 0.7175925925925926 0.25 0.7245370370370371 0.24074074074074073 0.7245370370370371 0.2361111111111111 0.7337962962962963 0.22453703703703703 0.7384259259259259 0.21296296296296297 0.7430555555555556 0.20833333333333334 0.7430555555555556 0.2037037037037037 0.75 0.19675925925925927 0.7638888888888888 0.16898148148148148 0.7662037037037037 0.16898148148148148
2 0.8495370370370371 0.4097222222222222 0.8518518518518519 0.4097222222222222 0.8703703703703703 0.3912037037037037 0.8726851851851852 0.3912037037037037 0.8796296296296297 0.3819444444444444 0.8865740740740741 0.38657407407407407 0.8379629629629629 0.4305555555555556 0.8356481481481481 0.4305555555555556 0.8194444444444444 0.44907407407407407 0.8101851851851852 0.4537037037037037 0.8148148148148148 0.4444444444444444 0.8171296296296297 0.4444444444444444 0.8194444444444444 0.4398148148148148 0.8240740740740741 0.4375 0.8263888888888888 0.43287037037037035 0.8287037037037037 0.43287037037037035 0.8310185185185185 0.42824074074074076 0.8333333333333334 0.42824074074074076 0.8356481481481481 0.4236111111111111 0.8379629629629629 0.4236111111111111 0.8402777777777778 0.41898148148148145 0.8495370370370371 0.41203703703703703
1 0.34687499999999993 0.6359375 0.3418890625 0.6380703125000001 0.33218125 0.643209375 0.32133124999999996 0.6480625000000001 0.31447968749999994 0.6500609375 0.29374999999999996 0.6578125 0.2875 0.6640625 0.2875 0.6734375 0.29374999999999996 0.6796875 0.29999999999999993 0.6796875 0.31718749999999996 0.6734375 0.3265625 0.6671875 0.34843749999999996 0.659375 0.35624999999999996 0.653125 0.36406249999999996 0.65 0.365625 0.6468750000000001 0.36406249999999996 0.6390625000000001 0.359375 0.634375 0.35468749999999993 0.6328125 0.3531249999999999 0.6328125 0.34687499999999993 0.6359375
1 0.36574074074074076 0.5092592592592593 0.36342592592592593 0.5162037037037037 0.37037037037037035 0.5231481481481481 0.3819444444444444 0.5231481481481481 0.38657407407407407 0.5185185185185185 0.3819444444444444 0.5231481481481481 0.3680555555555556 0.5231481481481481 0.3680555555555556 0.5208333333333334 0.36342592592592593 0.5185185185185185 0.36342592592592593 0.5115740740740741
1 0.5879629629629629 0.44907407407407407 0.5972222222222222 0.4537037037037037 0.5972222222222222 0.4652777777777778 0.6018518518518519 0.4675925925925926 0.6018518518518519 0.47453703703703703 0.5949074074074074 0.4861111111111111 0.5949074074074074 0.49074074074074076 0.6041666666666666 0.5 0.6064814814814815 0.5092592592592593 0.5949074074074074 0.5069444444444444 0.5856481481481481 0.49537037037037035 0.5856481481481481 0.49074074074074076 0.5902777777777778 0.4837962962962963 0.5902777777777778 0.47685185185185186 0.5856481481481481 0.4722222222222222 0.5740740740740741 0.47453703703703703 0.5671296296296297 0.4837962962962963 0.5555555555555556 0.4837962962962963 0.5555555555555556 0.48148148148148145 0.5439814814814815 0.4722222222222222 0.5462962962962963 0.4699074074074074 0.5439814814814815 0.4675925925925926 0.5462962962962963 0.4652777777777778 0.5416666666666666 0.46296296296296297 0.5416666666666666 0.45601851851851855 0.5439814814814815 0.4537037037037037 0.5555555555555556 0.4583333333333333 0.5578703703703703 0.46296296296296297 0.5648148148148148 0.46296296296296297 0.5787037037037037 0.4513888888888889 0.5856481481481481 0.44907407407407407
1 0.8194444444444444 0.7314814814814815 0.8194444444444444 0.7407407407407407 0.8125 0.75 0.8125 0.7615740740740741 0.8217592592592593 0.7708333333333334 0.8287037037037037 0.7708333333333334 0.8402777777777778 0.7592592592592593 0.8402777777777778 0.7569444444444444 0.8495370370370371 0.7523148148148148 0.8611111111111112 0.7569444444444444 0.8657407407407407 0.7615740740740741 0.8657407407407407 0.7638888888888888 0.8587962962962963 0.7638888888888888 0.8518518518518519 0.7592592592592593 0.8379629629629629 0.7754629629629629 0.8310185185185185 0.7754629629629629 0.8287037037037037 0.7731481481481481 0.8217592592592593 0.7731481481481481 0.8194444444444444 0.7754629629629629 0.8078703703703703 0.7708333333333334 0.8009259259259259 0.7638888888888888 0.8009259259259259 0.75 0.8101851851851852 0.7361111111111112 0.7986111111111112 0.7245370370370371 0.7962962962962963 0.7245370370370371 0.7916666666666666 0.7175925925925926 0.7962962962962963 0.7175925925925926 0.8009259259259259 0.7222222222222222 0.8055555555555556 0.7222222222222222 0.8101851851851852 0.7268518518518519 0.8148148148148148 0.7268518518518519 0.8171296296296297 0.7314814814814815
1 0.7265625 0.4390625 0.71875 0.44062500000000004 0.7109375 0.45 0.709375 0.4625 0.7203125 0.4765625 0.71875 0.4859375 0.709375 0.49531250000000004 0.7109375 0.49843750000000003 0.71875 0.496875 0.73125 0.47968750000000004 0.72764375 0.47174375 0.7265625 0.46875 0.7221328124999999 0.46446250000000006 0.71918125 0.45855781250000005 0.72075625 0.45107968750000005 0.7278406249999999 0.44438906250000004 0.7386640624999999 0.4461609375000001 0.7447640624999999 0.4518671875 0.74988125 0.45481875000000005 0.75625 0.45937500000000003 0.7734375 0.4421875 0.7734375 0.4375 0.7625 0.44375000000000003 0.75625 0.45 0.746875 0.44062500000000004 0.7375 0.43593750000000003 0.7328125 0.43593750000000003 0.73125 0.43593750000000003 0.7265625 0.4390625
0 0.3055555555555556 0.36574074074074076 0.3055555555555556 0.37037037037037035 0.28935185185185186 0.3680555555555556 0.2916666666666667 0.36574074074074076 0.30324074074074076 0.36574074074074076
0 0.1736111111111111 0.5254629629629629 0.013888888888888888 0.018518518518518517
0 0.8634259259259259 0.2847222222222222 0.8634259259259259 0.28935185185185186 0.8611111111111112 0.2916666666666667 0.8472222222222222 0.2916666666666667 0.8611111111111112 0.2847222222222222
0 0.5671296296296297 0.3819444444444444 0.5694444444444444 0.3819444444444444 0.5694444444444444 0.3888888888888889 0.5625 0.39814814814814814 0.5578703703703703 0.39814814814814814 0.5625 0.3912037037037037 0.5625 0.38657407407407407 0.5671296296296297 0.38425925925925924
0 0.6481481481481481 0.6736111111111112 0.6504629629629629 0.6736111111111112 0.6435185185185185 0.6782407407407407 0.6458333333333334 0.6805555555555556 0.6504629629629629 0.6782407407407407 0.6574074074074074 0.6782407407407407 0.6597222222222222 0.6805555555555556 0.6550925925925926 0.6782407407407407 0.6458333333333334 0.6805555555555556 0.6435185185185185 0.6782407407407407 0.6435185185185185 0.6759259259259259 0.6458333333333334 0.6759259259259259