4 0.90768125 0.17292343749999997 0.90768125 0.21749218750000002 0.9534796875 0.217075 0.9533859375 0.1730625 0.90768125 0.17292343749999997
4 0.9125609374999999 0.706246875 0.9141874999999999 0.7521984375 0.960525 0.75341875 0.9593046875 0.7046203125 0.9125609374999999 0.706246875
4 0.8560609375 0.458296875 0.8556546875000001 0.5034359375 0.9028062499999999 0.5046546875 0.9031578125 0.45917187500000006 0.8560609375 0.458296875
4 0.737371875 0.5701265624999999 0.691034375 0.5701265624999999 0.691034375 0.616078125 0.737778125 0.6156718749999999 0.737371875 0.5701265624999999
4 0.691034375 0.301153125 0.6902203124999999 0.3475109375 0.7353390625 0.3475109375 0.7356875 0.3008015625 0.691034375 0.301153125
4 0.47736562499999996 0.177690625 0.47736562499999996 0.22101874999999999 0.522840625 0.22101874999999999 0.5217578125 0.17444062500000002 0.47736562499999996 0.177690625
4 0.04102499999999988 0.1701078125 0.039942187499999976 0.21451875 0.08216874999999983 0.21560312499999998 0.08433437500000004 0.167940625 0.04102499999999988 0.1701078125
4 0.03019843749999988 0.45932500000000004 0.02803281249999993 0.5069875 0.0735062499999999 0.505903125 0.07483125000000007 0.458490625 0.03019843749999988 0.45932500000000004
4 0.024784374999999942 0.695465625 0.0237015624999999 0.7442109375000001 0.0670109374999998 0.7442109375000001 0.06804218750000002 0.6970562499999999 0.024784374999999942 0.695465625
4 0.2088484374999999 0.6423890625 0.207765625 0.6857171875 0.2521578124999999 0.6857171875 0.2521578124999999 0.6423890625 0.2088484374999999 0.6423890625
4 0.2478265624999999 0.46365781250000004 0.2478265624999999 0.505903125 0.29113593749999994 0.5069875 0.2920609375 0.4623703125 0.2478265624999999 0.46365781250000004
4 0.47890937499999997 0.4656921875000001 0.4799359374999999 0.511890625 0.5240609374999999 0.5129171875 0.5238968749999999 0.464965625 0.47890937499999997 0.4656921875000001
2 0.435871875 0.35321093750000004 0.4315546874999999 0.35753125 0.405659375 0.38687656249999997 0.39360156249999995 0.3994531250000001 0.3806531249999999 0.413809375 0.37290937499999993 0.419653125 0.3702437499999999 0.42092343750000005 0.36935624999999994 0.42295625000000003 0.37087968749999994 0.42549687500000005 0.37316406249999995 0.42740312500000005 0.37532187499999997 0.42791093750000003 0.379384375 0.42791093750000003 0.3815421874999999 0.42714843750000003 0.38166874999999983 0.4238453125 0.3812874999999999 0.421559375 0.38331875000000004 0.41952656250000003 0.39347343749999986 0.40923593750000004 0.40515156250000006 0.3952609375 0.4109921875 0.38865625000000004 0.41936874999999996 0.3792546875 0.4300328125 0.36794843750000006 0.436759375 0.36070625000000006 0.43980624999999995 0.35753125 0.4413296875 0.3558796875 0.4406953125 0.35206718750000005 0.435871875 0.35321093750000004
2 0.281728125 0.283328125 0.27080781249999997 0.2944390625 0.2607984375 0.30445781250000004 0.2520609375 0.3135640625 0.234953125 0.32977656250000004 0.22366874999999992 0.33961250000000004 0.22221249999999995 0.341615625 0.21911874999999995 0.342890625 0.2156609375 0.34416562500000003 0.21474999999999997 0.3461703125 0.2156609375 0.34963125000000006 0.21893593750000004 0.351634375 0.22294062499999992 0.35236249999999997 0.2256703124999999 0.35218124999999995 0.22785468749999999 0.34835625000000003 0.22730937500000004 0.34434843750000005 0.23404375 0.3392484375 0.2487859375 0.32485781249999995 0.26462031249999995 0.30864687500000004 0.2744484374999999 0.299175 0.28536874999999995 0.28915625 0.28828124999999993 0.28587812500000004 0.2892531249999999 0.2803921875 0.281728125 0.283328125
0 0.21365781249999993 0.321215625 0.20837968749999994 0.32704374999999997 0.20528593749999993 0.32959375 0.20328437499999985 0.33014062499999997 0.2012812499999999 0.33360156250000006 0.20146406249999996 0.3372453125 0.20437656249999991 0.33815468750000005 0.20692343749999995 0.33815468750000005 0.20983593749999993 0.3361515625 0.2102 0.332690625 0.21111093749999987 0.3305046875 0.21329374999999987 0.32850156250000007 0.21729843750000002 0.3255875 0.21839062499999995 0.323765625 0.21822812499999994 0.32069687499999994 0.21365781249999993 0.321215625
0 0.31929062499999994 0.3743890625000001 0.31601093750000003 0.37556093749999997 0.3126140624999999 0.3773203125000001 0.30980156249999996 0.37790625000000005 0.3069906249999999 0.37790625000000005 0.30546718749999996 0.37896093750000004 0.3057015624999999 0.3811890625 0.30628749999999993 0.38365156250000004 0.307225 0.3844718750000001 0.30980156249999996 0.38482343750000003 0.3116765625 0.38259531250000006 0.3128484375 0.3811890625 0.3148390625 0.381071875 0.317534375 0.37966406250000007 0.320228125 0.3784921875000001 0.3217515625 0.37720312500000003 0.3230406249999999 0.376146875 0.3229296875 0.37372500000000003 0.31929062499999994 0.3743890625000001