4 0.09231875 0.17292343749999997 0.0466140625 0.1730625 0.0465203125 0.217075 0.09231875 0.21749218750000002 0.09231875 0.17292343749999997
4 0.08743906250000001 0.706246875 0.04069531250000001 0.7046203125 0.039475 0.75341875 0.08581250000000001 0.7521984375 0.08743906250000001 0.706246875
4 0.14450937500000002 0.48330156249999995 0.1439390625 0.458296875 0.0968421875 0.45917187500000006 0.09719375000000001 0.5046546875 0.12038437500000002 0.5062859375000001 0.14450937500000002 0.48330156249999995
4 0.26262812500000005 0.5701265624999999 0.26222187500000005 0.6156718749999999 0.308965625 0.616078125 0.308965625 0.5701265624999999 0.26262812500000005 0.5701265624999999
4 0.308965625 0.301153125 0.2643125 0.3008015625 0.2646609375 0.3475109375 0.3097796875 0.3475109375 0.308965625 0.301153125
4 0.522634375 0.177690625 0.4782421875 0.17444062500000002 0.47715937500000005 0.22101874999999999 0.522634375 0.22101874999999999 0.522634375 0.177690625
4 0.9589750000000001 0.1701078125 0.9156656249999999 0.167940625 0.9178312500000002 0.21560312499999998 0.9600578125 0.21451875 0.9589750000000001 0.1701078125
4 0.9698015625000002 0.45932500000000004 0.92516875 0.458490625 0.9264937500000001 0.505903125 0.9719671875000001 0.5069875 0.9698015625000002 0.45932500000000004
4 0.975215625 0.695465625 0.9319578125 0.6970562499999999 0.9329890625000002 0.7442109375000001 0.9762984375000001 0.7442109375000001 0.975215625 0.695465625
4 0.7911515625000001 0.6423890625 0.7478421875000001 0.6423890625 0.7478421875000001 0.6857171875 0.792234375 0.6857171875 0.7911515625000001 0.6423890625
4 0.7521734375000001 0.46365781250000004 0.7079390625 0.4623703125 0.7088640625000001 0.5069875 0.7521734375000001 0.505903125 0.7521734375000001 0.46365781250000004
4 0.521090625 0.4656921875000001 0.47610312500000007 0.464965625 0.47593906250000007 0.5129171875 0.5200640625 0.511890625 0.521090625 0.4656921875000001
3 0.15046296296296297 0.23842592592592593 0.1527777777777778 0.2361111111111111 0.15046296296296297 0.2337962962962963 0.15046296296296297 0.22685185185185186 0.14583333333333334 0.2199074074074074 0.15046296296296297 0.21296296296296297 0.1574074074074074 0.21296296296296297 0.19907407407407407 0.19444444444444445 0.20601851851851852 0.19444444444444445 0.2152777777777778 0.1875 0.2199074074074074 0.1875 0.22453703703703703 0.19444444444444445 0.22453703703703703 0.19907407407407407 0.22916666666666666 0.2037037037037037 0.2337962962962963 0.22685185185185186 0.23842592592592593 0.23148148148148148 0.2337962962962963 0.23842592592592593 0.22916666666666666 0.23842592592592593 0.2222222222222222 0.24305555555555555 0.20601851851851852 0.24768518518518517 0.19675925925925927 0.25462962962962965 0.18981481481481483 0.25462962962962965 0.18518518518518517 0.25925925925925924 0.17824074074074073 0.25925925925925924 0.1712962962962963 0.2638888888888889 0.16666666666666666 0.2638888888888889 0.16203703703703703 0.25925925925925924 0.1597222222222222 0.25 0.1527777777777778 0.24074074074074073
3 0.8194444444444444 0.24074074074074073 0.8888888888888888 0.24074074074074073 0.8912037037037037 0.24305555555555555 0.8958333333333334 0.24305555555555555 0.8958333333333334 0.25462962962962965 0.8935185185185185 0.2569444444444444 0.8981481481481481 0.26157407407407407 0.8981481481481481 0.28703703703703703 0.8958333333333334 0.2916666666666667 0.8912037037037037 0.29398148148148145 0.8888888888888888 0.2916666666666667 0.875 0.2916666666666667 0.8726851851851852 0.29398148148148145 0.8680555555555556 0.2916666666666667 0.8217592592592593 0.2916666666666667 0.8171296296296297 0.28703703703703703 0.8171296296296297 0.2569444444444444 0.8194444444444444 0.25462962962962965 0.8194444444444444 0.24305555555555555
3 0.6342592592592593 0.4398148148148148 0.6365740740740741 0.44212962962962965 0.6736111111111112 0.44212962962962965 0.6736111111111112 0.4537037037037037 0.6759259259259259 0.4583333333333333 0.6712962962962963 0.4699074074074074 0.6527777777777778 0.4699074074074074 0.6504629629629629 0.4675925925925926 0.6412037037037037 0.4675925925925926 0.6388888888888888 0.4699074074074074 0.5972222222222222 0.4699074074074074 0.5925925925925926 0.4652777777777778 0.5925925925925926 0.4537037037037037 0.5949074074074074 0.4513888888888889 0.5949074074074074 0.44212962962962965 0.5972222222222222 0.4398148148148148 0.6319444444444444 0.4398148148148148
3 0.8680555555555556 0.6921296296296297 0.8726851851851852 0.6944444444444444 0.8726851851851852 0.7013888888888888 0.8773148148148148 0.7129629629629629 0.8819444444444444 0.7708333333333334 0.8796296296296297 0.7731481481481481 0.8657407407407407 0.7731481481481481 0.8564814814814815 0.7777777777777778 0.8333333333333334 0.7777777777777778 0.8310185185185185 0.7731481481481481 0.8310185185185185 0.7615740740740741 0.8287037037037037 0.7592592592592593 0.8287037037037037 0.7337962962962963 0.8240740740740741 0.7222222222222222 0.8240740740740741 0.6990740740740741 0.8356481481481481 0.6967592592592593 0.8379629629629629 0.6944444444444444 0.8657407407407407 0.6944444444444444
3 0.16435185185185186 0.46296296296296297 0.17592592592592593 0.46296296296296297 0.17592592592592593 0.4652777777777778 0.18055555555555555 0.4675925925925926 0.1875 0.47685185185185186 0.18981481481481483 0.47685185185185186 0.18981481481481483 0.4791666666666667 0.20601851851851852 0.49537037037037035 0.2013888888888889 0.5023148148148148 0.19444444444444445 0.5069444444444444 0.19212962962962962 0.5115740740740741 0.1875 0.5138888888888888 0.18518518518518517 0.5185185185185185 0.18287037037037038 0.5185185185185185 0.18055555555555555 0.5231481481481481 0.17824074074074073 0.5231481481481481 0.17592592592592593 0.5277777777777778 0.1736111111111111 0.5277777777777778 0.1712962962962963 0.5324074074074074 0.16898148148148148 0.5324074074074074 0.16203703703703703 0.5416666666666666 0.1527777777777778 0.5486111111111112 0.1527777777777778 0.5509259259259259 0.14583333333333334 0.5509259259259259 0.14583333333333334 0.5486111111111112 0.13194444444444445 0.5370370370370371 0.125 0.5347222222222222 0.125 0.5300925925925926 0.11574074074074074 0.5231481481481481 0.1111111111111111 0.5162037037037037 0.11342592592592593 0.5162037037037037 0.11574074074074074 0.5115740740740741 0.11805555555555555 0.5115740740740741 0.12037037037037036 0.5069444444444444 0.12268518518518519 0.5069444444444444 0.125 0.5023148148148148 0.12962962962962962 0.5 0.13194444444444445 0.49537037037037035 0.13425925925925927 0.49537037037037035 0.13657407407407407 0.49074074074074076 0.1388888888888889 0.49074074074074076 0.1412037037037037 0.4861111111111111 0.14351851851851852 0.4861111111111111 0.16435185185185186 0.4652777777777778