4 0.09231875 0.21749218750000002 0.09231875 0.17292343749999997 0.0466140625 0.1730625 0.0465203125 0.217075 0.09231875 0.21749218750000002
4 0.08581250000000001 0.7521984375 0.08743906250000001 0.706246875 0.04069531250000001 0.7046203125 0.039475 0.75341875 0.08581250000000001 0.7521984375
4 0.14434531250000002 0.5034359375 0.1439390625 0.458296875 0.0968421875 0.45917187500000006 0.09719375000000001 0.5046546875 0.14434531250000002 0.5034359375
4 0.308965625 0.5701265624999999 0.26262812500000005 0.5701265624999999 0.26222187500000005 0.6156718749999999 0.308965625 0.616078125 0.308965625 0.5701265624999999
4 0.3097796875 0.3475109375 0.308965625 0.301153125 0.2643125 0.3008015625 0.2646609375 0.3475109375 0.3097796875 0.3475109375
4 0.522634375 0.22101874999999999 0.522634375 0.177690625 0.4782421875 0.17444062500000002 0.47715937500000005 0.22101874999999999 0.522634375 0.22101874999999999
4 0.9600578125 0.21451875 0.9589750000000001 0.1701078125 0.9156656249999999 0.167940625 0.9178312500000002 0.21560312499999998 0.9600578125 0.21451875
4 0.9719671875000001 0.5069875 0.9698015625000002 0.45932500000000004 0.92516875 0.458490625 0.9264937500000001 0.505903125 0.9719671875000001 0.5069875
4 0.9762984375000001 0.7442109375000001 0.975215625 0.695465625 0.9319578125 0.6970562499999999 0.9329890625000002 0.7442109375000001 0.9762984375000001 0.7442109375000001
4 0.792234375 0.6857171875 0.7911515625000001 0.6423890625 0.7478421875000001 0.6423890625 0.7478421875000001 0.6857171875 0.792234375 0.6857171875
4 0.7521734375000001 0.505903125 0.7521734375000001 0.46365781250000004 0.7079390625 0.4623703125 0.7088640625000001 0.5069875 0.7521734375000001 0.505903125
4 0.5200640625 0.511890625 0.521090625 0.4656921875000001 0.47610312500000007 0.464965625 0.47593906250000007 0.5129171875 0.5200640625 0.511890625
3 0.536109375 0.3519859375 0.5399859375 0.364271875 0.5428828125 0.3719015625 0.5494265625 0.3706546875 0.56130625 0.3649171875 0.6058859375 0.346165625 0.6164187500000001 0.3419640625 0.6148609375 0.33603906250000004 0.6120234375000001 0.32903125 0.6091156250000002 0.32224218750000005 0.6104984375 0.31545781250000005 0.6071765625000002 0.31448281250000004 0.60459375 0.3086640625 0.6007171875 0.29993437500000003 0.596840625 0.294115625 0.5593671875 0.31092656249999995 0.5264984375 0.32403124999999994 0.526740625 0.32806093750000004 0.53029375 0.33808437500000005 0.5325546875 0.3419640625 0.5299703125 0.347459375 0.5322328125000001 0.34972343750000007 0.536109375 0.3519859375
3 0.6711828125000001 0.29264531250000003 0.67180625 0.29514062500000005 0.6721171875 0.30621093749999995 0.6724296875000001 0.312759375 0.6809984375 0.3133828125 0.7314765625 0.31400625 0.7512640625000001 0.31447500000000006 0.75375625 0.3133828125 0.7550031250000001 0.300753125 0.7550031250000001 0.294984375 0.7565609375000001 0.2907734375 0.7556250000000001 0.28765625 0.7540671875000001 0.284225 0.7532890625 0.26333125 0.671728125 0.26096093750000005 0.67180625 0.2673859375 0.6722734375 0.27518125000000004 0.672740625 0.2818859375 0.6711828125000001 0.28469375 0.6699359375 0.28781093750000003 0.6711828125000001 0.29264531250000003
1 0.6754265625000001 0.42213125 0.6731312500000001 0.4279609375 0.67030625 0.434496875 0.665540625 0.443153125 0.662540625 0.4519859375 0.6623640625 0.4576390625000001 0.6651875000000002 0.46311562500000003 0.669953125 0.4654125 0.677896875 0.4654125 0.682134375 0.46205625000000006 0.684428125 0.4576390625000001 0.6858406250000001 0.4498671875 0.6939609375000001 0.4436828125 0.6990796875 0.43272968750000007 0.7034921875000001 0.424428125 0.7070234375000001 0.4148875 0.7066703125000001 0.4113546875 0.7068468750000001 0.40623125 0.7091406250000001 0.40057812500000006 0.7103765625 0.39545468750000007 0.7079062500000001 0.3894484375000001 0.7013750000000001 0.38591562500000004 0.6918421875 0.38644531249999997 0.6893703125 0.3883890625 0.6869000000000001 0.3924515625000001 0.6849578125 0.40040156250000003 0.68178125 0.406584375 0.679309375 0.4154171875 0.6754265625000001 0.42213125
1 0.8245296875 0.4171515625 0.8299984375 0.4224078125 0.8343750000000001 0.42547343750000005 0.8398453125 0.4261296875 0.8459703125000002 0.4287578125 0.8459703125000002 0.4340125 0.8429078125000001 0.44102031249999996 0.8400640625 0.4447421875 0.8317500000000001 0.4480265625 0.8216843750000001 0.4467140625 0.8131515625000001 0.44693281250000005 0.8083390625 0.45065468750000004 0.807025 0.45831875000000005 0.8059312500000002 0.466859375 0.80724375 0.47539843750000005 0.8120578125000001 0.47736875 0.8149015625000001 0.4723328125 0.816434375 0.4657640625 0.817309375 0.4585375 0.8208093750000001 0.45634843750000004 0.8245296875 0.4574421875 0.8299984375 0.45831875000000005 0.83634375 0.4591953125 0.8446578125 0.4570046875 0.8514406250000001 0.45262500000000006 0.8569109375000001 0.4467140625 0.8590984375 0.44036250000000005 0.8582234375000001 0.43204218750000006 0.8555984375 0.42678750000000004 0.849034375 0.42131250000000003 0.8413765625000001 0.41759062500000005 0.8343750000000001 0.4160578125 0.8321875000000001 0.4136484375000001 0.8324062500000001 0.40883125 0.83415625 0.40270000000000006 0.8354687500000002 0.39656875 0.8330624999999999 0.39284687500000004 0.8286859375000001 0.39109531249999996 0.8256234375 0.3926281250000001 0.8245296875 0.39656875 0.8225593750000001 0.40313750000000004 0.822121875 0.4097078125 0.8245296875 0.4171515625