4 0.90768125 0.8270765625000001 0.9533859375 0.8269374999999999 0.9534796875 0.7829250000000001 0.90768125 0.7825078124999999 0.90768125 0.8270765625000001
4 0.9125609374999999 0.29375312499999995 0.9593046875 0.29537968749999993 0.960525 0.24658125 0.9141874999999999 0.2478015625 0.9125609374999999 0.29375312499999995
4 0.8560609375 0.541703125 0.9031578125 0.540828125 0.9028062499999999 0.49534531249999997 0.8556546875000001 0.49656406249999996 0.8560609375 0.541703125
4 0.737371875 0.4298734375 0.737778125 0.3843281250000001 0.691034375 0.38392187499999997 0.691034375 0.4298734375 0.737371875 0.4298734375
4 0.691034375 0.698846875 0.7356875 0.6991984375 0.7353390625 0.6524890624999999 0.6902203124999999 0.6524890624999999 0.691034375 0.698846875
4 0.47736562499999996 0.8223093750000001 0.5217578125 0.8255593750000001 0.522840625 0.7789812500000001 0.47736562499999996 0.7789812500000001 0.47736562499999996 0.8223093750000001
4 0.04102499999999988 0.8298921874999999 0.08433437500000004 0.832059375 0.08216874999999983 0.7843968750000001 0.039942187499999976 0.78548125 0.04102499999999988 0.8298921874999999
4 0.03019843749999988 0.540675 0.07483125000000007 0.541509375 0.0735062499999999 0.494096875 0.02803281249999993 0.49301249999999996 0.03019843749999988 0.540675
4 0.024784374999999942 0.304534375 0.06804218750000002 0.30294375000000007 0.0670109374999998 0.2557890624999999 0.0237015624999999 0.2557890624999999 0.024784374999999942 0.304534375
4 0.2088484374999999 0.3576109374999999 0.2521578124999999 0.3576109374999999 0.2521578124999999 0.3142828125 0.207765625 0.3142828125 0.2088484374999999 0.3576109374999999
4 0.2478265624999999 0.5363421875 0.2920609375 0.5376296875 0.29113593749999994 0.49301249999999996 0.2478265624999999 0.494096875 0.2478265624999999 0.5363421875
4 0.47890937499999997 0.5343078124999999 0.5238968749999999 0.535034375 0.5240609374999999 0.48708281249999996 0.4799359374999999 0.488109375 0.47890937499999997 0.5343078124999999
1 0.6178812499999999 0.54615625 0.6115125 0.542728125 0.608328125 0.5373390625 0.6105328125 0.5321953125 0.6169000000000001 0.5248468749999999 0.6230249999999999 0.5231312499999999 0.6330671875 0.5231312499999999 0.6389453124999999 0.5221515624999999 0.6426203125 0.5201921875 0.6431109375 0.51406875 0.644825 0.5099046875 0.6443343749999999 0.5042703125 0.6443343749999999 0.49863749999999996 0.6411500000000001 0.4949625 0.6379656249999999 0.49569687500000004 0.6362515625 0.4991265625 0.6355171874999999 0.506965625 0.6338015625 0.5113734375 0.6274328124999999 0.5113734375 0.621065625 0.5118640624999999 0.61420625 0.513334375 0.611021875 0.5162734375 0.6041640625 0.5194578125 0.6017140625 0.5228859375 0.5992640625 0.5299906249999999 0.599509375 0.537584375 0.6024484375 0.5444421875000001 0.6102874999999999 0.5503203125 0.6171453124999999 0.5552203125 0.6254734375 0.5584046874999999 0.6281687499999999 0.5610984375 0.6279234375 0.5664875 0.630128125 0.57530625 0.6347812500000001 0.5783671875 0.6374765625 0.5750609375 0.6382109375 0.5694265624999999 0.6367421875 0.56256875 0.6367421875 0.5586484374999999 0.6318421875 0.551790625 0.62571875 0.549340625 0.6178812499999999 0.54615625
1 0.7106481481481481 0.5740740740740741 0.7106481481481481 0.5625 0.7129629629629629 0.5601851851851852 0.7129629629629629 0.5555555555555556 0.7199074074074074 0.5509259259259259 0.7314814814814815 0.5509259259259259 0.7314814814814815 0.5578703703703703 0.7245370370370371 0.5648148148148148 0.7245370370370371 0.5694444444444444 0.7245370370370371 0.5648148148148148 0.7314814814814815 0.5578703703703703 0.7314814814814815 0.5532407407407407 0.7291666666666666 0.5509259259259259 0.7199074074074074 0.5509259259259259 0.7152777777777778 0.5532407407407407 0.7106481481481481 0.5625 0.7106481481481481 0.5717592592592593
1 0.6157407407407407 0.6759259259259259 0.625 0.6759259259259259 0.6319444444444444 0.6805555555555556 0.6319444444444444 0.7083333333333334 0.6319444444444444 0.6828703703703703 0.625 0.6759259259259259 0.6180555555555556 0.6759259259259259 0.6064814814814815 0.6851851851851852 0.5972222222222222 0.6851851851851852 0.5949074074074074 0.6828703703703703 0.5972222222222222 0.6851851851851852 0.6064814814814815 0.6851851851851852 0.6087962962962963 0.6805555555555556 0.6134259259259259 0.6782407407407407
1 0.853125 0.7234375 0.859375 0.721875 0.8671875 0.7140625 0.86875 0.709375 0.8671875 0.6953125 0.8578125 0.684375 0.840625 0.675 0.8379906249999999 0.6715359375 0.8389031250000001 0.667275 0.8395109374999999 0.6636218749999999 0.840625 0.6609375 0.840625 0.6578125 0.8375 0.6546875 0.834375 0.6546875 0.8296875 0.6609375 0.828125 0.6765625 0.8328125 0.68125 0.840625 0.6828125 0.846875 0.6890625 0.8515625 0.6890625 0.8546875 0.6921875 0.8546875 0.703125 0.8484375 0.7140625 0.825 0.715625 0.8203125 0.71875 0.81875 0.7359375 0.821875 0.7390625 0.8234375 0.7390625 0.8265625 0.740625 0.828125 0.7390625 0.8296875 0.7296875 0.8359375 0.721875 0.85 0.721875 0.853125 0.7234375
1 0.7407407407407407 0.7222222222222222 0.7430555555555556 0.7245370370370371 0.7476851851851852 0.7245370370370371 0.7476851851851852 0.7268518518518519 0.7523148148148148 0.7291666666666666 0.7569444444444444 0.7384259259259259 0.7569444444444444 0.7476851851851852 0.7615740740740741 0.7569444444444444 0.7662037037037037 0.7592592592592593 0.7731481481481481 0.7708333333333334 0.7615740740740741 0.7708333333333334 0.75 0.7615740740740741 0.7453703703703703 0.7615740740740741 0.7430555555555556 0.7592592592592593 0.7430555555555556 0.7361111111111112 0.7384259259259259 0.7314814814814815 0.7291666666666666 0.7314814814814815 0.7222222222222222 0.7384259259259259 0.7222222222222222 0.7476851851851852 0.7175925925925926 0.7523148148148148 0.7060185185185185 0.7523148148148148 0.6967592592592593 0.7476851851851852 0.6944444444444444 0.7430555555555556 0.6990740740740741 0.7430555555555556 0.7013888888888888 0.7384259259259259 0.7083333333333334 0.7384259259259259 0.7106481481481481 0.7361111111111112 0.7106481481481481 0.7291666666666666 0.7199074074074074 0.7199074074074074 0.7361111111111112 0.7199074074074074 0.7384259259259259 0.7222222222222222