4 0.908875 0.82895 0.9540437500000001 0.8291515625000001 0.9540265625000001 0.7827515625000001 0.9078484375 0.7827515625000001 0.908875 0.82895
4 0.477884375 0.8248421874999999 0.522978125 0.8273125 0.5230359375 0.7786453125 0.477884375 0.7786453125 0.477884375 0.8248421874999999
4 0.03970937499999986 0.8299765625 0.08486093749999997 0.8299765625 0.08383437499999989 0.7899375 0.03970937499999986 0.7899375 0.03970937499999986 0.8299765625
4 0.027395312499999953 0.498375 0.029412499999999925 0.5414671874999999 0.0756249999999999 0.5445734375 0.07459843749999996 0.49734843749999996 0.027395312499999953 0.498375
4 0.2469953125 0.5404671875 0.29319843749999996 0.5387109375 0.292146875 0.4932421875 0.2469953125 0.4952953125 0.2469953125 0.5404671875
4 0.210053125 0.35875468750000006 0.25520468749999997 0.35772812499999995 0.2541781249999999 0.31768906249999995 0.20902656249999993 0.31563593749999996 0.210053125 0.35875468750000006
4 0.908875 0.82895 0.9540437500000001 0.8291515625000001 0.9540265625000001 0.7827515625000001 0.9078484375 0.7827515625000001 0.908875 0.82895
4 0.477884375 0.8248421874999999 0.522978125 0.8273125 0.5230359375 0.7786453125 0.477884375 0.7786453125 0.477884375 0.8248421874999999
4 0.03970937499999986 0.8299765625 0.08486093749999997 0.8299765625 0.08383437499999989 0.7899375 0.03970937499999986 0.7899375 0.03970937499999986 0.8299765625
4 0.027395312499999953 0.498375 0.029412499999999925 0.5414671874999999 0.0756249999999999 0.5445734375 0.07459843749999996 0.49734843749999996 0.027395312499999953 0.498375
4 0.2469953125 0.5404671875 0.29319843749999996 0.5387109375 0.292146875 0.4932421875 0.2469953125 0.4952953125 0.2469953125 0.5404671875
4 0.908875 0.82895 0.9540437500000001 0.8291515625000001 0.9540265625000001 0.7827515625000001 0.9078484375 0.7827515625000001 0.908875 0.82895
4 0.477884375 0.8248421874999999 0.522978125 0.8273125 0.5230359375 0.7786453125 0.477884375 0.7786453125 0.477884375 0.8248421874999999
4 0.03970937499999986 0.8299765625 0.08486093749999997 0.8299765625 0.08383437499999989 0.7899375 0.03970937499999986 0.7899375 0.03970937499999986 0.8299765625
4 0.027395312499999953 0.498375 0.029412499999999925 0.5414671874999999 0.0756249999999999 0.5445734375 0.07459843749999996 0.49734843749999996 0.027395312499999953 0.498375
4 0.2469953125 0.5404671875 0.29319843749999996 0.5387109375 0.292146875 0.4932421875 0.2469953125 0.4952953125 0.2469953125 0.5404671875
4 0.210053125 0.35875468750000006 0.25520468749999997 0.35772812499999995 0.2541781249999999 0.31768906249999995 0.20902656249999993 0.31563593749999996 0.210053125 0.35875468750000006
4 0.908875 0.82895 0.9540437500000001 0.8291515625000001 0.9540265625000001 0.7827515625000001 0.9078484375 0.7827515625000001 0.908875 0.82895
4 0.477884375 0.8248421874999999 0.522978125 0.8273125 0.5230359375 0.7786453125 0.477884375 0.7786453125 0.477884375 0.8248421874999999
4 0.03970937499999986 0.8299765625 0.08486093749999997 0.8299765625 0.08383437499999989 0.7899375 0.03970937499999986 0.7899375 0.03970937499999986 0.8299765625
4 0.027395312499999953 0.498375 0.029412499999999925 0.5414671874999999 0.0756249999999999 0.5445734375 0.07459843749999996 0.49734843749999996 0.027395312499999953 0.498375
4 0.2469953125 0.5404671875 0.29319843749999996 0.5387109375 0.292146875 0.4932421875 0.2469953125 0.4952953125 0.2469953125 0.5404671875
4 0.4776578125 0.5363609375 0.5248609375 0.539440625 0.5248609375 0.49118906249999994 0.47970937499999994 0.488109375 0.4776578125 0.5363609375
4 0.692128125 0.7006218750000001 0.7352265625 0.7006218750000001 0.7362531250000001 0.653396875 0.692128125 0.653396875 0.692128125 0.7006218750000001
4 0.8552890624999999 0.543546875 0.903065625 0.54330625 0.9024921874999999 0.49940156249999995 0.8552890624999999 0.498375 0.8552890624999999 0.543546875
4 0.6911015625 0.43061875 0.73854375 0.43117343750000003 0.73933125 0.3864734375 0.6911015625 0.3864734375 0.6911015625 0.43061875
4 0.911728125 0.29612968749999996 0.9618890625 0.29790156249999994 0.9620109375 0.24787812499999998 0.9107015625 0.24582499999999996 0.911728125 0.29612968749999996
4 0.025117187499999954 0.3022906250000001 0.07026874999999994 0.30331718749999986 0.06924218749999998 0.2581453125 0.024090625000000004 0.25609218749999996 0.025117187499999954 0.3022906250000001