4 0.09231875 0.21749218750000002 0.09231875 0.17292343749999997 0.0466140625 0.1730625 0.0465203125 0.217075 0.09231875 0.21749218750000002
4 0.08581250000000001 0.7521984375 0.08743906250000001 0.706246875 0.04069531250000001 0.7046203125 0.039475 0.75341875 0.08581250000000001 0.7521984375
4 0.14434531250000002 0.5034359375 0.1439390625 0.458296875 0.0968421875 0.45917187500000006 0.09719375000000001 0.5046546875 0.14434531250000002 0.5034359375
4 0.308965625 0.5701265624999999 0.26262812500000005 0.5701265624999999 0.26222187500000005 0.6156718749999999 0.308965625 0.616078125 0.308965625 0.5701265624999999
4 0.3097796875 0.3475109375 0.308965625 0.301153125 0.2643125 0.3008015625 0.2646609375 0.3475109375 0.3097796875 0.3475109375
4 0.522634375 0.22101874999999999 0.522634375 0.177690625 0.4782421875 0.17444062500000002 0.47715937500000005 0.22101874999999999 0.522634375 0.22101874999999999
4 0.9600578125 0.21451875 0.9589750000000001 0.1701078125 0.9156656249999999 0.167940625 0.9178312500000002 0.21560312499999998 0.9600578125 0.21451875
4 0.9719671875000001 0.5069875 0.9698015625000002 0.45932500000000004 0.92516875 0.458490625 0.9264937500000001 0.505903125 0.9719671875000001 0.5069875
4 0.9762984375000001 0.7442109375000001 0.975215625 0.695465625 0.9319578125 0.6970562499999999 0.9329890625000002 0.7442109375000001 0.9762984375000001 0.7442109375000001
4 0.792234375 0.6857171875 0.7911515625000001 0.6423890625 0.7478421875000001 0.6423890625 0.7478421875000001 0.6857171875 0.792234375 0.6857171875
4 0.7521734375000001 0.505903125 0.7521734375000001 0.46365781250000004 0.7079390625 0.4623703125 0.7088640625000001 0.5069875 0.7521734375000001 0.505903125
4 0.5200640625 0.511890625 0.521090625 0.4656921875000001 0.47610312500000007 0.464965625 0.47593906250000007 0.5129171875 0.5200640625 0.511890625
3 0.8703703703703703 0.7129629629629629 0.09490740740740741 0.0787037037037037
3 0.8981481481481481 0.24074074074074073 0.9074074074074074 0.24768518518518517 0.9189814814814815 0.2638888888888889 0.8981481481481481 0.28703703703703703 0.8981481481481481 0.2916666666666667 0.8958333333333334 0.2916666666666667 0.8935185185185185 0.2962962962962963 0.8912037037037037 0.2962962962962963 0.8703703703703703 0.3194444444444444 0.8611111111111112 0.31712962962962965 0.8495370370370371 0.3055555555555556 0.8472222222222222 0.3055555555555556 0.8333333333333334 0.2916666666666667 0.8333333333333334 0.2847222222222222 0.8379629629629629 0.2824074074074074 0.8518518518518519 0.26157407407407407 0.8611111111111112 0.25462962962962965 0.8611111111111112 0.25 0.8634259259259259 0.25 0.8796296296296297 0.23148148148148148 0.8865740740740741 0.23148148148148148 0.8958333333333334 0.24074074074074073
3 0.5879629629629629 0.4236111111111111 0.5925925925925926 0.4236111111111111 0.6018518518518519 0.43287037037037035 0.6041666666666666 0.43287037037037035 0.6064814814814815 0.4375 0.6180555555555556 0.4444444444444444 0.625 0.4537037037037037 0.6296296296296297 0.4537037037037037 0.6319444444444444 0.4583333333333333 0.6504629629629629 0.4722222222222222 0.6504629629629629 0.47685185185185186 0.6342592592592593 0.4930555555555556 0.625 0.49074074074074076 0.6157407407407407 0.4837962962962963 0.6134259259259259 0.4791666666666667 0.6018518518518519 0.4722222222222222 0.5972222222222222 0.4652777777777778 0.5879629629629629 0.46064814814814814 0.5879629629629629 0.4583333333333333 0.5740740740740741 0.44675925925925924 0.5740740740740741 0.44212962962962965 0.5833333333333334 0.42824074074074076 0.5879629629629629 0.42592592592592593
3 0.4166666666666667 0.2708333333333333 0.4236111111111111 0.2824074074074074 0.4398148148148148 0.2986111111111111 0.44212962962962965 0.2986111111111111 0.45601851851851855 0.31712962962962965 0.4652777777777778 0.32407407407407407 0.4652777777777778 0.33101851851851855 0.4583333333333333 0.33564814814814814 0.44675925925925924 0.34953703703703703 0.43287037037037035 0.3587962962962963 0.42592592592592593 0.3587962962962963 0.3958333333333333 0.3263888888888889 0.3958333333333333 0.32407407407407407 0.38657407407407407 0.31712962962962965 0.37962962962962965 0.3055555555555556 0.37962962962962965 0.30092592592592593 0.3958333333333333 0.2847222222222222 0.39814814814814814 0.2847222222222222 0.40046296296296297 0.2800925925925926 0.41435185185185186 0.2708333333333333
3 0.16203703703703703 0.25925925925925924 0.1712962962962963 0.2662037037037037 0.1736111111111111 0.2708333333333333 0.18287037037037038 0.27546296296296297 0.19212962962962962 0.2847222222222222 0.20601851851851852 0.29398148148148145 0.20601851851851852 0.30092592592592593 0.19675925925925927 0.3101851851851852 0.19675925925925927 0.3148148148148148 0.18518518518518517 0.32407407407407407 0.17824074074074073 0.33564814814814814 0.1736111111111111 0.33564814814814814 0.1597222222222222 0.3263888888888889 0.1574074074074074 0.32175925925925924 0.15046296296296297 0.3194444444444444 0.1388888888888889 0.3055555555555556 0.13194444444444445 0.30324074074074076 0.12731481481481483 0.2962962962962963 0.12268518518518519 0.2962962962962963 0.11342592592592593 0.2847222222222222 0.125 0.2638888888888889 0.12731481481481483 0.2638888888888889 0.1412037037037037 0.24768518518518517 0.14814814814814814 0.24768518518518517 0.1597222222222222 0.25925925925925924