4 0.09231875 0.21749218750000002 0.09231875 0.17292343749999997 0.0466140625 0.1730625 0.0465203125 0.217075 0.09231875 0.21749218750000002
4 0.08581250000000001 0.7521984375 0.08743906250000001 0.706246875 0.04069531250000001 0.7046203125 0.039475 0.75341875 0.08581250000000001 0.7521984375
4 0.14434531250000002 0.5034359375 0.1439390625 0.458296875 0.0968421875 0.45917187500000006 0.09719375000000001 0.5046546875 0.14434531250000002 0.5034359375
4 0.308965625 0.5701265624999999 0.26262812500000005 0.5701265624999999 0.26222187500000005 0.6156718749999999 0.308965625 0.616078125 0.308965625 0.5701265624999999
4 0.3097796875 0.3475109375 0.308965625 0.301153125 0.2643125 0.3008015625 0.2646609375 0.3475109375 0.3097796875 0.3475109375
4 0.522634375 0.22101874999999999 0.522634375 0.177690625 0.4782421875 0.17444062500000002 0.47715937500000005 0.22101874999999999 0.522634375 0.22101874999999999
4 0.9600578125 0.21451875 0.9589750000000001 0.1701078125 0.9156656249999999 0.167940625 0.9178312500000002 0.21560312499999998 0.9600578125 0.21451875
4 0.9719671875000001 0.5069875 0.9698015625000002 0.45932500000000004 0.92516875 0.458490625 0.9264937500000001 0.505903125 0.9719671875000001 0.5069875
4 0.9762984375000001 0.7442109375000001 0.975215625 0.695465625 0.9319578125 0.6970562499999999 0.9329890625000002 0.7442109375000001 0.9762984375000001 0.7442109375000001
4 0.792234375 0.6857171875 0.7911515625000001 0.6423890625 0.7478421875000001 0.6423890625 0.7478421875000001 0.6857171875 0.792234375 0.6857171875
4 0.7521734375000001 0.505903125 0.7521734375000001 0.46365781250000004 0.7079390625 0.4623703125 0.7088640625000001 0.5069875 0.7521734375000001 0.505903125
4 0.5200640625 0.511890625 0.521090625 0.4656921875000001 0.47610312500000007 0.464965625 0.47593906250000007 0.5129171875 0.5200640625 0.511890625
1 0.37428125 0.45065937500000003 0.38211875000000006 0.45384375000000005 0.38848750000000004 0.457271875 0.391671875 0.46266093750000004 0.38946718750000003 0.46780468750000004 0.3831 0.475153125 0.37697500000000006 0.47686875 0.3669328125 0.47686875 0.3610546875 0.47784843750000006 0.35737968750000004 0.47980781250000004 0.3568890625 0.48593125000000004 0.3551750000000001 0.49009531250000005 0.35566562500000004 0.4957296875 0.35566562500000004 0.5013625 0.35885 0.5050375 0.362034375 0.504303125 0.3637484375 0.5008734375 0.36448281250000003 0.4930343750000001 0.3661984375 0.48862656250000003 0.3725671875 0.48862656250000003 0.37893437500000005 0.4881359375 0.38579375 0.48666562500000005 0.388978125 0.4837265625 0.39583593750000007 0.4805421875 0.3982859375 0.47711406250000005 0.40073593750000003 0.47000937500000006 0.40049062500000004 0.462415625 0.3975515625 0.4555578125 0.3897125 0.44967968750000004 0.3828546875 0.4447796875 0.37452656250000005 0.44159531250000006 0.37183125 0.4389015625 0.3720765625 0.4335125 0.369871875 0.42469375000000004 0.36521875000000004 0.4216328125 0.36252343750000005 0.4249390625 0.36178906250000004 0.43057343750000004 0.36325781250000005 0.43743125 0.36325781250000005 0.4413515625 0.36815781250000007 0.448209375 0.37428125 0.45065937500000003
1 0.28703703703703703 0.4236111111111111 0.28703703703703703 0.4351851851851852 0.2847222222222222 0.4375 0.2847222222222222 0.44212962962962965 0.2777777777777778 0.44675925925925924 0.2662037037037037 0.44675925925925924 0.2662037037037037 0.4398148148148148 0.27314814814814814 0.43287037037037035 0.27314814814814814 0.42824074074074076 0.27314814814814814 0.43287037037037035 0.2662037037037037 0.4398148148148148 0.2662037037037037 0.4444444444444444 0.26851851851851855 0.44675925925925924 0.2777777777777778 0.44675925925925924 0.2824074074074074 0.4444444444444444 0.28703703703703703 0.4351851851851852 0.28703703703703703 0.42592592592592593
1 0.36574074074074076 0.28935185185185186 0.36574074074074076 0.3148148148148148 0.3726851851851852 0.32175925925925924 0.37962962962962965 0.32175925925925924 0.3912037037037037 0.3125 0.40046296296296297 0.3125 0.4027777777777778 0.3148148148148148 0.40046296296296297 0.3125 0.3912037037037037 0.3125 0.3888888888888889 0.31712962962962965 0.3819444444444444 0.32175925925925924 0.3726851851851852 0.32175925925925924 0.36574074074074076 0.31712962962962965 0.36574074074074076 0.2916666666666667
1 0.15000000000000002 0.278125 0.146875 0.27656250000000004 0.14062500000000003 0.278125 0.13281250000000003 0.2859375 0.13125 0.290625 0.13281250000000003 0.3046875 0.14218750000000002 0.31562500000000004 0.15937500000000002 0.325 0.16200937500000004 0.32846406250000004 0.161096875 0.332725 0.1604890625 0.33637812500000003 0.15937500000000002 0.33906250000000004 0.15937500000000002 0.3421875 0.1625 0.3453125 0.16562500000000002 0.3453125 0.1703125 0.33906250000000004 0.171875 0.32343750000000004 0.16718750000000002 0.31875 0.15937500000000002 0.3171875 0.153125 0.3109375 0.1484375 0.3109375 0.1453125 0.30781250000000004 0.1453125 0.296875 0.15156250000000002 0.2859375 0.17500000000000002 0.28437500000000004 0.1796875 0.28125 0.18125000000000002 0.26406250000000003 0.178125 0.2609375 0.1765625 0.2609375 0.17343750000000002 0.259375 0.171875 0.2609375 0.1703125 0.2703125 0.1640625 0.278125 0.15000000000000002 0.278125
1 0.22453703703703703 0.22685185185185186 0.2361111111111111 0.22685185185185186 0.24768518518518517 0.2361111111111111 0.2523148148148148 0.2361111111111111 0.25462962962962965 0.23842592592592593 0.25462962962962965 0.26157407407407407 0.25925925925925924 0.2662037037037037 0.26851851851851855 0.2662037037037037 0.27546296296296297 0.25925925925925924 0.27546296296296297 0.25 0.2800925925925926 0.24537037037037038 0.2916666666666667 0.24537037037037038 0.30092592592592593 0.25 0.30324074074074076 0.25462962962962965 0.2986111111111111 0.25462962962962965 0.2962962962962963 0.25925925925925924 0.28935185185185186 0.25925925925925924 0.28703703703703703 0.26157407407407407 0.28703703703703703 0.26851851851851855 0.2777777777777778 0.2777777777777778 0.26157407407407407 0.2777777777777778 0.25462962962962965 0.27314814814814814 0.25 0.27314814814814814 0.25 0.2708333333333333 0.24537037037037038 0.26851851851851855 0.24074074074074073 0.25925925925925924 0.24074074074074073 0.25 0.2361111111111111 0.24074074074074073 0.23148148148148148 0.23842592592592593 0.22453703703703703 0.22916666666666666