4 0.90768125 0.17292343749999997 0.90768125 0.21749218750000002 0.9534796875 0.217075 0.9533859375 0.1730625 0.90768125 0.17292343749999997
4 0.9125609374999999 0.706246875 0.9141874999999999 0.7521984375 0.960525 0.75341875 0.9593046875 0.7046203125 0.9125609374999999 0.706246875
4 0.8560609375 0.458296875 0.8556546875000001 0.5034359375 0.9028062499999999 0.5046546875 0.9031578125 0.45917187500000006 0.8560609375 0.458296875
4 0.737371875 0.5701265624999999 0.691034375 0.5701265624999999 0.691034375 0.616078125 0.737778125 0.6156718749999999 0.737371875 0.5701265624999999
4 0.691034375 0.301153125 0.6902203124999999 0.3475109375 0.7353390625 0.3475109375 0.7356875 0.3008015625 0.691034375 0.301153125
4 0.47736562499999996 0.177690625 0.47736562499999996 0.22101874999999999 0.522840625 0.22101874999999999 0.5217578125 0.17444062500000002 0.47736562499999996 0.177690625
4 0.04102499999999988 0.1701078125 0.039942187499999976 0.21451875 0.08216874999999983 0.21560312499999998 0.08433437500000004 0.167940625 0.04102499999999988 0.1701078125
4 0.03019843749999988 0.45932500000000004 0.02803281249999993 0.5069875 0.0735062499999999 0.505903125 0.07483125000000007 0.458490625 0.03019843749999988 0.45932500000000004
4 0.024784374999999942 0.695465625 0.0237015624999999 0.7442109375000001 0.0670109374999998 0.7442109375000001 0.06804218750000002 0.6970562499999999 0.024784374999999942 0.695465625
4 0.2088484374999999 0.6423890625 0.207765625 0.6857171875 0.2521578124999999 0.6857171875 0.2521578124999999 0.6423890625 0.2088484374999999 0.6423890625
4 0.2478265624999999 0.46365781250000004 0.2478265624999999 0.505903125 0.29113593749999994 0.5069875 0.2920609375 0.4623703125 0.2478265624999999 0.46365781250000004
4 0.47890937499999997 0.4656921875000001 0.4799359374999999 0.511890625 0.5240609374999999 0.5129171875 0.5238968749999999 0.464965625 0.47890937499999997 0.4656921875000001
1 0.8333333333333334 0.2361111111111111 0.8379629629629629 0.24305555555555555 0.8379629629629629 0.24768518518518517 0.8333333333333334 0.25462962962962965 0.8240740740740741 0.25925925925925924 0.8125 0.25925925925925924 0.8032407407407407 0.2638888888888889 0.8009259259259259 0.26157407407407407 0.7986111111111112 0.2638888888888889 0.7939814814814815 0.2638888888888889 0.7893518518518519 0.26851851851851855 0.7847222222222222 0.26851851851851855 0.7708333333333334 0.2777777777777778 0.7592592592592593 0.2777777777777778 0.7546296296296297 0.27314814814814814 0.7546296296296297 0.26157407407407407 0.7569444444444444 0.26157407407407407 0.7592592592592593 0.2569444444444444 0.7638888888888888 0.2569444444444444 0.7731481481481481 0.25 0.7777777777777778 0.25 0.7893518518518519 0.24074074074074073 0.7939814814814815 0.24074074074074073 0.8009259259259259 0.2361111111111111 0.8310185185185185 0.2361111111111111
1 0.6342592592592593 0.43287037037037035 0.6412037037037037 0.44212962962962965 0.6412037037037037 0.44675925925925924 0.6504629629629629 0.46296296296296297 0.6504629629629629 0.4699074074074074 0.6550925925925926 0.47685185185185186 0.6550925925925926 0.4976851851851852 0.6574074074074074 0.5 0.6574074074074074 0.5046296296296297 0.6504629629629629 0.5138888888888888 0.6412037037037037 0.5138888888888888 0.6342592592592593 0.5023148148148148 0.6342592592592593 0.4837962962962963 0.6319444444444444 0.48148148148148145 0.6273148148148148 0.46296296296296297 0.6203703703703703 0.4537037037037037 0.6203703703703703 0.44907407407407407 0.6180555555555556 0.44675925925925924 0.6180555555555556 0.4375 0.625 0.43287037037037035 0.6319444444444444 0.43287037037037035
1 0.856546875 0.6166203125 0.8614875 0.6137578124999999 0.8666890625 0.6085546875 0.8651281249999999 0.60283125 0.8620078125 0.5989296875 0.8586265625 0.5934656250000001 0.8570671875 0.5890421875 0.8521265625 0.5827984375 0.8500453124999999 0.57915625 0.8417234375 0.5710921875000001 0.8388640625 0.5653687500000001 0.8339234375000001 0.5630265625 0.8250812500000001 0.556521875 0.8209203125 0.5536609375 0.818059375 0.548196875 0.8110390625 0.5463765625 0.804796875 0.5468968750000001 0.8011562499999999 0.5484578125 0.7982968749999999 0.551059375 0.7969953124999999 0.5562625 0.79725625 0.5625062500000001 0.8001171874999999 0.5671890625 0.8063578125 0.5723921875000001 0.8099984375 0.57499375 0.8154593750000001 0.5801968750000001 0.821440625 0.587221875 0.8271609375 0.5898234375000001 0.8308015625 0.5945062499999999 0.8354828125 0.6012703125000001 0.8383437499999999 0.6067343749999999 0.843025 0.61115625 0.845884375 0.6147984375000001 0.8557671874999999 0.6161000000000001 0.856546875 0.6166203125
1 0.7829453125 0.4014046875000001 0.7818765624999999 0.409959375 0.7802734375 0.41851562499999995 0.7770671875 0.42359375 0.7730578124999999 0.4292078125 0.7725234375 0.437496875 0.77225625 0.443378125 0.7749281250000001 0.450328125 0.78000625 0.452734375 0.7880234375 0.4535359375 0.7917640625 0.45059531250000007 0.79630625 0.44498125000000005 0.79630625 0.439634375 0.7955046874999999 0.435090625 0.7949703124999999 0.4300109375 0.8013843749999999 0.4238609375 0.8029875 0.41905000000000003 0.80405625 0.41423750000000004 0.8051249999999999 0.4102265625 0.8064609374999999 0.40407812500000007 0.806728125 0.39846406250000005 0.8053921875 0.39285000000000003 0.8029875 0.39044375 0.80191875 0.389909375 0.8021859375 0.38215625 0.8013843749999999 0.37600781250000004 0.8003156250000001 0.37413593750000007 0.7952374999999999 0.370928125 0.788825 0.37119531250000004 0.7818765624999999 0.37386875 0.7802734375 0.3829578125 0.7789375 0.3896421875 0.7786046874999999 0.3928 0.7829453125 0.4014046875000001
1 0.6087578125 0.3009046875 0.6113484375 0.304203125 0.6111125 0.298784375 0.6111125 0.29407343750000003 0.612290625 0.2870046875 0.6139390625 0.28488437499999997 0.619590625 0.28064375 0.6243 0.276875 0.6306578125 0.2738125 0.63230625 0.2674515625 0.6315999999999998 0.2589703125 0.6308921875000001 0.2559078125 0.6292453125 0.2493109375 0.6226515625 0.24436406250000003 0.6146453125 0.24365781250000002 0.6120546875 0.2446 0.601928125 0.24530624999999998 0.5974546875 0.24530624999999998 0.5960421875 0.2415375 0.5948640625 0.23447031250000003 0.5922734374999999 0.228815625 0.5903906250000001 0.2297578125 0.5878 0.23376249999999998 0.5878 0.2415375 0.5894484375 0.2478984375 0.5941578125 0.2547296875 0.60028125 0.263446875 0.6101703125 0.2620328125 0.6141734375 0.2608546875 0.6219453125 0.260384375 0.6283031250000001 0.26533124999999996 0.6261828125000001 0.271928125 0.6188828125 0.2759328125 0.6087578125 0.2797015625 0.605696875 0.28488437499999997 0.6035765624999999 0.28959687500000003 0.60685625 0.2964484375 0.6087578125 0.3009046875