4 0.09231875 0.17292343749999997 0.0466140625 0.1730625 0.0465203125 0.217075 0.09231875 0.21749218750000002 0.09231875 0.17292343749999997
4 0.08743906250000001 0.706246875 0.04069531250000001 0.7046203125 0.039475 0.75341875 0.08581250000000001 0.7521984375 0.08743906250000001 0.706246875
4 0.1439390625 0.458296875 0.0968421875 0.45917187500000006 0.09719375000000001 0.5046546875 0.14434531250000002 0.5034359375 0.1439390625 0.458296875
4 0.26262812500000005 0.5701265624999999 0.26222187500000005 0.6156718749999999 0.308965625 0.616078125 0.308965625 0.5701265624999999 0.26262812500000005 0.5701265624999999
4 0.308965625 0.301153125 0.2643125 0.3008015625 0.2646609375 0.3475109375 0.3097796875 0.3475109375 0.308965625 0.301153125
4 0.522634375 0.177690625 0.4782421875 0.17444062500000002 0.47715937500000005 0.22101874999999999 0.522634375 0.22101874999999999 0.522634375 0.177690625
4 0.9589750000000001 0.1701078125 0.9156656249999999 0.167940625 0.9178312500000002 0.21560312499999998 0.9600578125 0.21451875 0.9589750000000001 0.1701078125
4 0.9698015625000002 0.45932500000000004 0.92516875 0.458490625 0.9264937500000001 0.505903125 0.9719671875000001 0.5069875 0.9698015625000002 0.45932500000000004
4 0.975215625 0.695465625 0.9319578125 0.6970562499999999 0.9329890625000002 0.7442109375000001 0.9762984375000001 0.7442109375000001 0.975215625 0.695465625
4 0.7911515625000001 0.6423890625 0.7478421875000001 0.6423890625 0.7478421875000001 0.6857171875 0.792234375 0.6857171875 0.7911515625000001 0.6423890625
4 0.7521734375000001 0.46365781250000004 0.7079390625 0.4623703125 0.7088640625000001 0.5069875 0.7521734375000001 0.505903125 0.7521734375000001 0.46365781250000004
4 0.521090625 0.4656921875000001 0.47610312500000007 0.464965625 0.47593906250000007 0.5129171875 0.5200640625 0.511890625 0.521090625 0.4656921875000001
5 0.18287037037037038 0.3425925925925926 0.18518518518518517 0.3472222222222222 0.18518518518518517 0.3587962962962963 0.18055555555555555 0.36342592592592593 0.16898148148148148 0.36342592592592593 0.16435185185185186 0.3587962962962963 0.16435185185185186 0.3449074074074074 0.16898148148148148 0.3425925925925926 0.18055555555555555 0.3425925925925926
5 0.5208333333333334 0.28703703703703703 0.5324074074074074 0.2847222222222222 0.5393518518518519 0.2916666666666667 0.5393518518518519 0.30092592592592593 0.5347222222222222 0.3055555555555556 0.5208333333333334 0.3055555555555556 0.5208333333333334 0.30092592592592593 0.5185185185185185 0.2986111111111111 0.5185185185185185 0.2916666666666667 0.5208333333333334 0.28935185185185186
5 0.6412037037037037 0.30092592592592593 0.6527777777777778 0.2986111111111111 0.6597222222222222 0.30787037037037035 0.6597222222222222 0.3148148148148148 0.6550925925925926 0.32175925925925924 0.6412037037037037 0.32175925925925924 0.6412037037037037 0.3194444444444444 0.6365740740740741 0.31712962962962965 0.6365740740740741 0.30787037037037035 0.6412037037037037 0.30324074074074076
5 0.7384259259259259 0.21296296296296297 0.7430555555555556 0.2199074074074074 0.7430555555555556 0.22453703703703703 0.7361111111111112 0.2337962962962963 0.7222222222222222 0.2337962962962963 0.7175925925925926 0.22685185185185186 0.7175925925925926 0.2199074074074074 0.7245370370370371 0.21296296296296297 0.7314814814814815 0.20833333333333334 0.7337962962962963 0.20833333333333334 0.7361111111111112 0.21296296296296297
5 0.7893518518518519 0.2708333333333333 0.8032407407407407 0.2708333333333333 0.8078703703703703 0.2800925925925926 0.8055555555555556 0.28703703703703703 0.8009259259259259 0.2916666666666667 0.7893518518518519 0.2916666666666667 0.7847222222222222 0.2847222222222222 0.7847222222222222 0.2777777777777778 0.7893518518518519 0.27314814814814814
5 0.875 0.44212962962962965 0.8865740740740741 0.4398148148148148 0.8935185185185185 0.4444444444444444 0.8958333333333334 0.44907407407407407 0.8935185185185185 0.46064814814814814 0.875 0.46064814814814814 0.8726851851851852 0.45601851851851855 0.8726851851851852 0.44675925925925924 0.875 0.4444444444444444
5 0.9351851851851852 0.5578703703703703 0.9375 0.5717592592592593 0.9328703703703703 0.5763888888888888 0.9282407407407407 0.5763888888888888 0.9259259259259259 0.5787037037037037 0.9189814814814815 0.5763888888888888 0.9143518518518519 0.5717592592592593 0.9143518518518519 0.5625 0.9236111111111112 0.5555555555555556 0.9305555555555556 0.5555555555555556 0.9328703703703703 0.5578703703703703
5 0.7546296296296297 0.5763888888888888 0.7592592592592593 0.5787037037037037 0.7592592592592593 0.5833333333333334 0.7615740740740741 0.5856481481481481 0.7615740740740741 0.5902777777777778 0.7546296296296297 0.5995370370370371 0.7476851851851852 0.5995370370370371 0.7407407407407407 0.5949074074074074 0.7407407407407407 0.5902777777777778 0.7384259259259259 0.5879629629629629 0.7407407407407407 0.5787037037037037 0.7523148148148148 0.5763888888888888
5 0.8287037037037037 0.6689814814814815 0.8402777777777778 0.6666666666666666 0.8449074074074074 0.6689814814814815 0.8495370370370371 0.6782407407407407 0.8495370370370371 0.6828703703703703 0.8425925925925926 0.6898148148148148 0.8333333333333334 0.6898148148148148 0.8287037037037037 0.6875 0.8287037037037037 0.6828703703703703 0.8263888888888888 0.6805555555555556 0.8263888888888888 0.6736111111111112 0.8287037037037037 0.6712962962962963
5 0.5416666666666666 0.5393518518518519 0.5509259259259259 0.5462962962962963 0.5509259259259259 0.5555555555555556 0.5486111111111112 0.5601851851851852 0.5439814814814815 0.5625 0.5347222222222222 0.5625 0.5300925925925926 0.5578703703703703 0.5300925925925926 0.5439814814814815 0.5393518518518519 0.5393518518518519