4 0.09231875 0.17292343749999997 0.0466140625 0.1730625 0.0465203125 0.217075 0.09231875 0.21749218750000002 0.09231875 0.17292343749999997
4 0.08743906250000001 0.706246875 0.04069531250000001 0.7046203125 0.039475 0.75341875 0.08581250000000001 0.7521984375 0.08743906250000001 0.706246875
4 0.1439390625 0.458296875 0.0968421875 0.45917187500000006 0.09719375000000001 0.5046546875 0.14434531250000002 0.5034359375 0.1439390625 0.458296875
4 0.26262812500000005 0.5701265624999999 0.26222187500000005 0.6156718749999999 0.308965625 0.616078125 0.308965625 0.5701265624999999 0.26262812500000005 0.5701265624999999
4 0.308965625 0.301153125 0.2643125 0.3008015625 0.2646609375 0.3475109375 0.3097796875 0.3475109375 0.308965625 0.301153125
4 0.522634375 0.177690625 0.4782421875 0.17444062500000002 0.47715937500000005 0.22101874999999999 0.522634375 0.22101874999999999 0.522634375 0.177690625
4 0.9589750000000001 0.1701078125 0.9156656249999999 0.167940625 0.9178312500000002 0.21560312499999998 0.9600578125 0.21451875 0.9589750000000001 0.1701078125
4 0.9698015625000002 0.45932500000000004 0.92516875 0.458490625 0.9264937500000001 0.505903125 0.9719671875000001 0.5069875 0.9698015625000002 0.45932500000000004
4 0.975215625 0.695465625 0.9319578125 0.6970562499999999 0.9329890625000002 0.7442109375000001 0.9762984375000001 0.7442109375000001 0.975215625 0.695465625
4 0.7911515625000001 0.6423890625 0.7478421875000001 0.6423890625 0.7478421875000001 0.6857171875 0.792234375 0.6857171875 0.7911515625000001 0.6423890625
4 0.7521734375000001 0.46365781250000004 0.7079390625 0.4623703125 0.7088640625000001 0.5069875 0.7521734375000001 0.505903125 0.7521734375000001 0.46365781250000004
4 0.521090625 0.4656921875000001 0.47610312500000007 0.464965625 0.47593906250000007 0.5129171875 0.5200640625 0.511890625 0.521090625 0.4656921875000001
3 0.19444444444444445 0.4212962962962963 0.19444444444444445 0.41203703703703703 0.18518518518518517 0.39814814814814814 0.1875 0.39351851851851855 0.18287037037037038 0.38425925925925924 0.18287037037037038 0.375 0.18981481481481483 0.37037037037037035 0.19907407407407407 0.37037037037037035 0.20601851851851852 0.36574074074074076 0.2361111111111111 0.3611111111111111 0.24305555555555555 0.35648148148148145 0.25925925925925924 0.35648148148148145 0.2638888888888889 0.36342592592592593 0.2638888888888889 0.3726851851851852 0.26851851851851855 0.3773148148148148 0.26851851851851855 0.39814814814814814 0.2708333333333333 0.4027777777777778 0.26157407407407407 0.4074074074074074 0.2361111111111111 0.41203703703703703 0.22685185185185186 0.4166666666666667 0.2175925925925926 0.4166666666666667 0.20833333333333334 0.4212962962962963 0.19675925925925927 0.4212962962962963
3 0.5925925925925926 0.375 0.5972222222222222 0.3726851851851852 0.6018518518518519 0.375 0.6435185185185185 0.375 0.6458333333333334 0.3773148148148148 0.6666666666666666 0.3773148148148148 0.6712962962962963 0.37962962962962965 0.6712962962962963 0.4074074074074074 0.6689814814814815 0.4097222222222222 0.6712962962962963 0.41435185185185186 0.6689814814814815 0.4166666666666667 0.6666666666666666 0.42824074074074076 0.6458333333333334 0.42824074074074076 0.6435185185185185 0.42592592592592593 0.5995370370370371 0.42592592592592593 0.5972222222222222 0.4236111111111111 0.5925925925925926 0.4236111111111111 0.5879629629629629 0.41898148148148145 0.5879629629629629 0.41203703703703703 0.5902777777777778 0.4097222222222222 0.5879629629629629 0.4074074074074074 0.5879629629629629 0.3958333333333333 0.5902777777777778 0.39351851851851855 0.5925925925925926 0.3773148148148148
3 0.8472222222222222 0.4027777777777778 0.8495370370370371 0.4050925925925926 0.8518518518518519 0.4027777777777778 0.8657407407407407 0.4027777777777778 0.8680555555555556 0.4050925925925926 0.8680555555555556 0.4351851851851852 0.8703703703703703 0.4375 0.8703703703703703 0.45601851851851855 0.8726851851851852 0.4583333333333333 0.8726851851851852 0.4791666666666667 0.8703703703703703 0.48148148148148145 0.8611111111111112 0.48148148148148145 0.8587962962962963 0.4837962962962963 0.8240740740740741 0.4837962962962963 0.8240740740740741 0.47685185185185186 0.8217592592592593 0.47453703703703703 0.8217592592592593 0.46296296296296297 0.8194444444444444 0.46064814814814814 0.8194444444444444 0.41898148148148145 0.8171296296296297 0.4166666666666667 0.8171296296296297 0.4097222222222222 0.8217592592592593 0.4050925925925926 0.8449074074074074 0.4027777777777778
3 0.26157407407407407 0.6435185185185185 0.2638888888888889 0.6458333333333334 0.2662037037037037 0.7245370370370371 0.24768518518518517 0.7245370370370371 0.24537037037037038 0.7268518518518519 0.2361111111111111 0.7268518518518519 0.2337962962962963 0.6458333333333334 0.25462962962962965 0.6458333333333334 0.25925925925925924 0.6435185185185185
3 0.33796296296296297 0.3773148148148148 0.34953703703703703 0.37962962962962965 0.35185185185185186 0.3819444444444444 0.36342592592592593 0.3819444444444444 0.3726851851851852 0.38657407407407407 0.38657407407407407 0.38657407407407407 0.3958333333333333 0.3912037037037037 0.4074074074074074 0.3912037037037037 0.4166666666666667 0.39814814814814814 0.41203703703703703 0.4050925925925926 0.41203703703703703 0.4166666666666667 0.4074074074074074 0.4212962962962963 0.3958333333333333 0.4166666666666667 0.38425925925925924 0.4166666666666667 0.3773148148148148 0.41203703703703703 0.3611111111111111 0.41203703703703703 0.34953703703703703 0.4074074074074074 0.33796296296296297 0.4074074074074074 0.33101851851851855 0.4027777777777778 0.33101851851851855 0.39814814814814814 0.33564814814814814 0.3888888888888889 0.33564814814814814 0.3819444444444444 0.33796296296296297 0.37962962962962965