4 0.90768125 0.17292343749999997 0.90768125 0.21749218750000002 0.9534796875 0.217075 0.9533859375 0.1730625 0.90768125 0.17292343749999997
4 0.9125609374999999 0.706246875 0.9141874999999999 0.7521984375 0.960525 0.75341875 0.9593046875 0.7046203125 0.9125609374999999 0.706246875
4 0.8560609375 0.458296875 0.8556546875000001 0.5034359375 0.9028062499999999 0.5046546875 0.9031578125 0.45917187500000006 0.8560609375 0.458296875
4 0.737371875 0.5701265624999999 0.691034375 0.5701265624999999 0.691034375 0.616078125 0.737778125 0.6156718749999999 0.737371875 0.5701265624999999
4 0.691034375 0.301153125 0.6902203124999999 0.3475109375 0.7353390625 0.3475109375 0.7356875 0.3008015625 0.691034375 0.301153125
4 0.47736562499999996 0.177690625 0.47736562499999996 0.22101874999999999 0.522840625 0.22101874999999999 0.5217578125 0.17444062500000002 0.47736562499999996 0.177690625
4 0.04102499999999988 0.1701078125 0.039942187499999976 0.21451875 0.08216874999999983 0.21560312499999998 0.08433437500000004 0.167940625 0.04102499999999988 0.1701078125
4 0.03019843749999988 0.45932500000000004 0.02803281249999993 0.5069875 0.0735062499999999 0.505903125 0.07483125000000007 0.458490625 0.03019843749999988 0.45932500000000004
4 0.024784374999999942 0.695465625 0.0237015624999999 0.7442109375000001 0.0670109374999998 0.7442109375000001 0.06804218750000002 0.6970562499999999 0.024784374999999942 0.695465625
4 0.2088484374999999 0.6423890625 0.207765625 0.6857171875 0.2521578124999999 0.6857171875 0.2521578124999999 0.6423890625 0.2088484374999999 0.6423890625
4 0.2478265624999999 0.46365781250000004 0.2478265624999999 0.505903125 0.29113593749999994 0.5069875 0.2920609375 0.4623703125 0.2478265624999999 0.46365781250000004
4 0.47890937499999997 0.4656921875000001 0.4799359374999999 0.511890625 0.5240609374999999 0.5129171875 0.5238968749999999 0.464965625 0.47890937499999997 0.4656921875000001
5 0.5370370370370371 0.5879629629629629 0.5486111111111112 0.5856481481481481 0.5532407407407407 0.5879629629629629 0.5601851851851852 0.5972222222222222 0.5578703703703703 0.6041666666666666 0.5532407407407407 0.6087962962962963 0.5439814814814815 0.6111111111111112 0.5416666666666666 0.6087962962962963 0.5370370370370371 0.6087962962962963 0.5324074074074074 0.5995370370370371 0.5370370370370371 0.5902777777777778
5 0.41435185185185186 0.5879629629629629 0.41898148148148145 0.5925925925925926 0.41898148148148145 0.6018518518518519 0.41435185185185186 0.6087962962962963 0.4027777777777778 0.6087962962962963 0.4027777777777778 0.6064814814814815 0.39814814814814814 0.6041666666666666 0.39814814814814814 0.5925925925925926 0.4074074074074074 0.5856481481481481 0.41203703703703703 0.5879629629629629
5 0.629428125 0.4703125 0.629428125 0.478125 0.6325531249999999 0.484375 0.6356781249999999 0.4859375 0.6466156249999999 0.4859375 0.652865625 0.47968750000000004 0.6535390624999999 0.47496406250000006 0.6530187500000001 0.46741875 0.6441781249999999 0.46429687500000005 0.638196875 0.46377656250000004 0.634115625 0.46406250000000004 0.629428125 0.4703125
5 0.7222222222222222 0.4351851851851852 0.7268518518518519 0.4375 0.7337962962962963 0.44675925925925924 0.7314814814814815 0.4537037037037037 0.7245370370370371 0.4583333333333333 0.7175925925925926 0.4583333333333333 0.7129629629629629 0.45601851851851855 0.7106481481481481 0.4513888888888889 0.7106481481481481 0.44212962962962965 0.7129629629629629 0.4375 0.7199074074074074 0.4351851851851852
5 0.6018518518518519 0.30324074074074076 0.6064814814814815 0.3101851851851852 0.6064814814814815 0.31712962962962965 0.5995370370370371 0.3263888888888889 0.5902777777777778 0.3263888888888889 0.5833333333333334 0.31712962962962965 0.5833333333333334 0.30787037037037035 0.5879629629629629 0.30324074074074076 0.5995370370370371 0.30324074074074076
5 0.3425925925925926 0.41435185185185186 0.3425925925925926 0.4166666666666667 0.3472222222222222 0.41898148148148145 0.3472222222222222 0.42824074074074076 0.33796296296296297 0.4351851851851852 0.3287037037037037 0.43287037037037035 0.32407407407407407 0.42592592592592593 0.32407407407407407 0.4212962962962963 0.3287037037037037 0.41435185185185186 0.3402777777777778 0.41435185185185186
5 0.19444444444444445 0.39814814814814814 0.02546296296296296 0.023148148148148147
5 0.2800925925925926 0.25 0.2847222222222222 0.2569444444444444 0.2847222222222222 0.2638888888888889 0.27546296296296297 0.27314814814814814 0.2662037037037037 0.27314814814814814 0.2638888888888889 0.2708333333333333 0.26157407407407407 0.2569444444444444 0.2662037037037037 0.25 0.2777777777777778 0.25
5 0.2777777777777778 0.5694444444444444 0.29398148148148145 0.5694444444444444 0.2962962962962963 0.5740740740740741 0.2962962962962963 0.5833333333333334 0.2916666666666667 0.5902777777777778 0.2777777777777778 0.5902777777777778 0.27314814814814814 0.5833333333333334 0.27314814814814814 0.5787037037037037 0.2777777777777778 0.5717592592592593
5 0.2337962962962963 0.5069444444444444 0.02546296296296296 0.02546296296296296