4 0.09231875 0.17292343749999997 0.0466140625 0.1730625 0.0465203125 0.217075 0.09231875 0.21749218750000002 0.09231875 0.17292343749999997
4 0.08743906250000001 0.706246875 0.04069531250000001 0.7046203125 0.039475 0.75341875 0.08581250000000001 0.7521984375 0.08743906250000001 0.706246875
4 0.1439390625 0.458296875 0.0968421875 0.45917187500000006 0.09719375000000001 0.5046546875 0.14434531250000002 0.5034359375 0.1439390625 0.458296875
4 0.26262812500000005 0.5701265624999999 0.26222187500000005 0.6156718749999999 0.308965625 0.616078125 0.308965625 0.5701265624999999 0.26262812500000005 0.5701265624999999
4 0.308965625 0.301153125 0.2643125 0.3008015625 0.2646609375 0.3475109375 0.3097796875 0.3475109375 0.308965625 0.301153125
4 0.522634375 0.177690625 0.4782421875 0.17444062500000002 0.47715937500000005 0.22101874999999999 0.522634375 0.22101874999999999 0.522634375 0.177690625
4 0.9589750000000001 0.1701078125 0.9156656249999999 0.167940625 0.9178312500000002 0.21560312499999998 0.9600578125 0.21451875 0.9589750000000001 0.1701078125
4 0.9698015625000002 0.45932500000000004 0.92516875 0.458490625 0.9264937500000001 0.505903125 0.9719671875000001 0.5069875 0.9698015625000002 0.45932500000000004
4 0.975215625 0.695465625 0.9319578125 0.6970562499999999 0.9329890625000002 0.7442109375000001 0.9762984375000001 0.7442109375000001 0.975215625 0.695465625
4 0.7911515625000001 0.6423890625 0.7478421875000001 0.6423890625 0.7478421875000001 0.6857171875 0.792234375 0.6857171875 0.7911515625000001 0.6423890625
4 0.7521734375000001 0.46365781250000004 0.7079390625 0.4623703125 0.7088640625000001 0.5069875 0.7521734375000001 0.505903125 0.7521734375000001 0.46365781250000004
4 0.521090625 0.4656921875000001 0.47610312500000007 0.464965625 0.47593906250000007 0.5129171875 0.5200640625 0.511890625 0.521090625 0.4656921875000001
5 0.4050925925925926 0.5347222222222222 0.4074074074074074 0.5393518518518519 0.4074074074074074 0.5532407407407407 0.39814814814814814 0.5578703703703703 0.3912037037037037 0.5555555555555556 0.38657407407407407 0.5509259259259259 0.38425925925925924 0.5416666666666666 0.38657407407407407 0.5370370370370371 0.3912037037037037 0.5347222222222222 0.4027777777777778 0.5347222222222222
5 0.3101851851851852 0.49074074074074076 0.3101851851851852 0.4930555555555556 0.3148148148148148 0.49537037037037035 0.3148148148148148 0.5069444444444444 0.3101851851851852 0.5115740740740741 0.3055555555555556 0.5115740740740741 0.30324074074074076 0.5138888888888888 0.29398148148148145 0.5069444444444444 0.2916666666666667 0.4976851851851852 0.2962962962962963 0.49074074074074076 0.30787037037037035 0.49074074074074076
5 0.30092592592592593 0.3912037037037037 0.30787037037037035 0.39814814814814814 0.30787037037037035 0.4074074074074074 0.30324074074074076 0.41203703703703703 0.2986111111111111 0.41203703703703703 0.2962962962962963 0.41435185185185186 0.29398148148148145 0.41203703703703703 0.28935185185185186 0.41203703703703703 0.28703703703703703 0.4074074074074074 0.28703703703703703 0.3958333333333333 0.2916666666666667 0.3912037037037037 0.2986111111111111 0.3912037037037037
5 0.36574074074074076 0.2824074074074074 0.3726851851851852 0.28703703703703703 0.3726851851851852 0.2962962962962963 0.36574074074074076 0.3055555555555556 0.3587962962962963 0.3055555555555556 0.35185185185185186 0.30092592592592593 0.35185185185185186 0.2847222222222222 0.36342592592592593 0.2824074074074074
5 0.4212962962962963 0.24074074074074073 0.42824074074074076 0.24537037037037038 0.4305555555555556 0.25 0.4305555555555556 0.25925925925925924 0.42592592592592593 0.2638888888888889 0.4212962962962963 0.2638888888888889 0.41435185185185186 0.26851851851851855 0.4097222222222222 0.26157407407407407 0.4074074074074074 0.25 0.4097222222222222 0.24537037037037038 0.41898148148148145 0.24074074074074073
5 0.6134259259259259 0.1875 0.6157407407407407 0.2013888888888889 0.6087962962962963 0.21064814814814814 0.5995370370370371 0.21064814814814814 0.5925925925925926 0.2013888888888889 0.5925925925925926 0.19444444444444445 0.5949074074074074 0.18981481481481483 0.6018518518518519 0.18518518518518517 0.6111111111111112 0.1875
5 0.7430555555555556 0.19444444444444445 0.7430555555555556 0.2037037037037037 0.7384259259259259 0.21064814814814814 0.7245370370370371 0.21064814814814814 0.7199074074074074 0.19907407407407407 0.7268518518518519 0.18981481481481483 0.7384259259259259 0.18981481481481483 0.7407407407407407 0.19444444444444445
5 0.8495370370370371 0.1875 0.8541666666666666 0.19444444444444445 0.8541666666666666 0.20601851851851852 0.8518518518518519 0.20601851851851852 0.8495370370370371 0.21064814814814814 0.8356481481481481 0.21064814814814814 0.8287037037037037 0.2013888888888889 0.8356481481481481 0.1875 0.8472222222222222 0.1875
5 0.8912037037037037 0.30324074074074076 0.8819444444444444 0.2986111111111111 0.8796296296296297 0.29398148148148145 0.8819444444444444 0.2847222222222222 0.8865740740740741 0.2800925925925926 0.8981481481481481 0.2800925925925926 0.9027777777777778 0.28703703703703703 0.9027777777777778 0.29398148148148145 0.8981481481481481 0.30092592592592593 0.8935185185185185 0.30092592592592593
5 0.7986111111111112 0.4375 0.02546296296296296 0.023148148148148147
5 0.6759259259259259 0.48148148148148145 0.6805555555555556 0.4861111111111111 0.6805555555555556 0.4976851851851852 0.6712962962962963 0.5046296296296297 0.6643518518518519 0.5023148148148148 0.6597222222222222 0.4976851851851852 0.6597222222222222 0.4837962962962963 0.6620370370370371 0.48148148148148145 0.6736111111111112 0.48148148148148145
5 0.5625 0.48148148148148145 0.5717592592592593 0.48148148148148145 0.5787037037037037 0.4861111111111111 0.5810185185185185 0.49074074074074076 0.5810185185185185 0.4976851851851852 0.5763888888888888 0.5046296296296297 0.5601851851851852 0.5046296296296297 0.5578703703703703 0.5023148148148148 0.5578703703703703 0.4861111111111111 0.5625 0.4837962962962963