4 0.09231875 0.21749218750000002 0.09231875 0.17292343749999997 0.0466140625 0.1730625 0.0465203125 0.217075 0.09231875 0.21749218750000002
4 0.08581250000000001 0.7521984375 0.08743906250000001 0.706246875 0.04069531250000001 0.7046203125 0.039475 0.75341875 0.08581250000000001 0.7521984375
4 0.14434531250000002 0.5034359375 0.1439390625 0.458296875 0.0968421875 0.45917187500000006 0.09719375000000001 0.5046546875 0.14434531250000002 0.5034359375
4 0.308965625 0.5701265624999999 0.26262812500000005 0.5701265624999999 0.26222187500000005 0.6156718749999999 0.308965625 0.616078125 0.308965625 0.5701265624999999
4 0.3097796875 0.3475109375 0.308965625 0.301153125 0.2643125 0.3008015625 0.2646609375 0.3475109375 0.3097796875 0.3475109375
4 0.522634375 0.22101874999999999 0.522634375 0.177690625 0.4782421875 0.17444062500000002 0.47715937500000005 0.22101874999999999 0.522634375 0.22101874999999999
4 0.9600578125 0.21451875 0.9589750000000001 0.1701078125 0.9156656249999999 0.167940625 0.9178312500000002 0.21560312499999998 0.9600578125 0.21451875
4 0.9719671875000001 0.5069875 0.9698015625000002 0.45932500000000004 0.92516875 0.458490625 0.9264937500000001 0.505903125 0.9719671875000001 0.5069875
4 0.9762984375000001 0.7442109375000001 0.975215625 0.695465625 0.9319578125 0.6970562499999999 0.9329890625000002 0.7442109375000001 0.9762984375000001 0.7442109375000001
4 0.792234375 0.6857171875 0.7911515625000001 0.6423890625 0.7478421875000001 0.6423890625 0.7478421875000001 0.6857171875 0.792234375 0.6857171875
4 0.7521734375000001 0.505903125 0.7521734375000001 0.46365781250000004 0.7079390625 0.4623703125 0.7088640625000001 0.5069875 0.7521734375000001 0.505903125
4 0.5200640625 0.511890625 0.521090625 0.4656921875000001 0.47610312500000007 0.464965625 0.47593906250000007 0.5129171875 0.5200640625 0.511890625
1 0.3819703125 0.1841296875 0.38672187500000005 0.1872984375 0.38725 0.19178593750000003 0.38906250000000003 0.1953125 0.38906250000000003 0.2 0.3953125 0.2109375 0.4 0.21250000000000002 0.40625 0.22031250000000002 0.41250000000000003 0.2234375 0.41718750000000004 0.2234375 0.4234375 0.21875 0.43125 0.2078125 0.43281250000000004 0.1984375 0.43593750000000003 0.1953125 0.4376703125 0.1896734375 0.446909375 0.188090625 0.4506046875 0.1872984375 0.4519250000000001 0.1867703125 0.4546875 0.1828125 0.44843750000000004 0.1765625 0.4421875 0.1765625 0.43846093750000004 0.178059375 0.43125 0.178125 0.42812500000000003 0.18125 0.42812500000000003 0.1890625 0.4234375 0.1953125 0.421875 0.20468750000000002 0.4197187500000001 0.20973593750000002 0.4141765625 0.21026406250000004 0.4078125 0.209375 0.3984375 0.2015625 0.39375000000000004 0.1828125 0.38593750000000004 0.1765625 0.3827625 0.1746265625 0.3722046875 0.17541875 0.36428437500000005 0.1785875 0.3700921875 0.18307500000000002 0.374315625 0.18545 0.3819703125 0.1841296875
1 0.2662037037037037 0.4375 0.27546296296296297 0.44907407407407407 0.27546296296296297 0.4513888888888889 0.27314814814814814 0.4513888888888889 0.2662037037037037 0.44675925925925924 0.2662037037037037 0.4444444444444444 0.26157407407407407 0.44212962962962965 0.2662037037037037 0.4444444444444444 0.26851851851851855 0.4398148148148148
1 0.6365740740740741 0.6365740740740741 0.6365740740740741 0.6527777777777778 0.6412037037037037 0.6597222222222222 0.6412037037037037 0.6712962962962963 0.6435185185185185 0.6736111111111112 0.6435185185185185 0.6851851851851852 0.6412037037037037 0.6597222222222222 0.6365740740740741 0.6527777777777778 0.6365740740740741 0.6388888888888888
1 0.8055555555555556 0.5717592592592593 0.8032407407407407 0.5810185185185185 0.8078703703703703 0.5833333333333334 0.8194444444444444 0.5972222222222222 0.8263888888888888 0.5995370370370371 0.8402777777777778 0.6134259259259259 0.8495370370370371 0.6296296296296297 0.8564814814814815 0.6342592592592593 0.8472222222222222 0.6273148148148148 0.8379629629629629 0.6111111111111112 0.8263888888888888 0.5995370370370371 0.8194444444444444 0.5972222222222222 0.8125 0.5879629629629629 0.8032407407407407 0.5810185185185185 0.8032407407407407 0.5763888888888888 0.8055555555555556 0.5740740740740741
5 0.44907407407407407 0.6481481481481481 0.45601851851851855 0.6527777777777778 0.45601851851851855 0.6666666666666666 0.4537037037037037 0.6666666666666666 0.4513888888888889 0.6712962962962963 0.4398148148148148 0.6712962962962963 0.43287037037037035 0.6620370370370371 0.4375 0.6504629629629629 0.44675925925925924 0.6481481481481481
5 0.7337962962962963 0.41898148148148145 0.7430555555555556 0.4236111111111111 0.7453703703703703 0.42824074074074076 0.7430555555555556 0.4398148148148148 0.7407407407407407 0.44212962962962965 0.7268518518518519 0.44212962962962965 0.7245370370370371 0.4375 0.7245370370370371 0.42592592592592593 0.7314814814814815 0.4212962962962963
5 0.5046296296296297 0.5370370370370371 0.5092592592592593 0.5393518518518519 0.5138888888888888 0.5462962962962963 0.5138888888888888 0.5509259259259259 0.5092592592592593 0.5601851851851852 0.4976851851851852 0.5601851851851852 0.49074074074074076 0.5486111111111112 0.49537037037037035 0.5393518518518519 0.5023148148148148 0.5370370370370371
5 0.5740740740740741 0.2800925925925926 0.5787037037037037 0.2777777777777778 0.5879629629629629 0.2800925925925926 0.5925925925925926 0.28703703703703703 0.5902777777777778 0.2962962962962963 0.5787037037037037 0.30092592592592593 0.5694444444444444 0.29398148148148145 0.5694444444444444 0.2847222222222222 0.5740740740740741 0.2824074074074074
1 0.9143518518518519 0.22453703703703703 0.9166666666666666 0.22685185185185186 0.9166666666666666 0.2361111111111111 0.9120370370370371 0.24305555555555555 0.8981481481481481 0.24305555555555555 0.8935185185185185 0.23842592592592593 0.8819444444444444 0.2337962962962963 0.8796296296296297 0.19444444444444445 0.8819444444444444 0.19212962962962962 0.8819444444444444 0.1875 0.8912037037037037 0.18055555555555555 0.8912037037037037 0.16435185185185186 0.8958333333333334 0.1597222222222222 0.9074074074074074 0.1597222222222222 0.9120370370370371 0.16666666666666666 0.9120370370370371 0.18287037037037038 0.9027777777777778 0.19444444444444445 0.9027777777777778 0.2199074074074074 0.9120370370370371 0.22453703703703703
5 0.8240740740740741 0.6759259259259259 0.8356481481481481 0.6736111111111112 0.8402777777777778 0.6759259259259259 0.8402777777777778 0.6805555555555556 0.8425925925925926 0.6828703703703703 0.8425925925925926 0.6898148148148148 0.8379629629629629 0.6967592592592593 0.8263888888888888 0.6967592592592593 0.8217592592592593 0.6921296296296297 0.8217592592592593 0.6828703703703703 0.8240740740740741 0.6782407407407407
0 0.06944444444444445 0.5625 0.08101851851851852 0.5601851851851852 0.08333333333333333 0.5578703703703703 0.08796296296296297 0.5601851851851852 0.07407407407407407 0.5601851851851852 0.07175925925925926 0.5625
0 0.4375 0.42824074074074076 0.44212962962962965 0.42824074074074076 0.44907407407407407 0.4351851851851852 0.4444444444444444 0.4305555555555556 0.44212962962962965 0.43287037037037035 0.4444444444444444 0.4398148148148148 0.44907407407407407 0.4444444444444444 0.45601851851851855 0.4398148148148148 0.45601851851851855 0.4375 0.45601851851851855 0.44212962962962965 0.44675925925925924 0.4444444444444444 0.4444444444444444 0.4375 0.4375 0.4305555555555556
0 0.18287037037037038 0.1712962962962963 0.18518518518518517 0.1712962962962963 0.18518518518518517 0.17824074074074073 0.18055555555555555 0.17824074074074073 0.18287037037037038 0.17824074074074073 0.18518518518518517 0.1736111111111111
0 0.7592592592592593 0.30092592592592593 0.7638888888888888 0.2986111111111111 0.7638888888888888 0.30324074074074076 0.7662037037037037 0.3055555555555556 0.7638888888888888 0.3101851851851852 0.7569444444444444 0.3055555555555556 0.7569444444444444 0.30324074074074076
0 0.7037037037037037 0.6712962962962963 0.7060185185185185 0.6689814814814815 0.7129629629629629 0.6689814814814815 0.7152777777777778 0.6712962962962963 0.7152777777777778 0.6759259259259259 0.7152777777777778 0.6712962962962963 0.7129629629629629 0.6689814814814815 0.7060185185185185 0.6689814814814815
3 0.14814814814814814 0.37037037037037035 0.14814814814814814 0.44675925925925924 0.13657407407407407 0.44907407407407407 0.13425925925925927 0.4513888888888889 0.11805555555555555 0.4513888888888889 0.11574074074074074 0.44907407407407407 0.09722222222222222 0.44907407407407407 0.09259259259259259 0.44675925925925924 0.09259259259259259 0.41203703703703703 0.09490740740740741 0.4097222222222222 0.09259259259259259 0.4074074074074074 0.09259259259259259 0.3958333333333333 0.09490740740740741 0.39351851851851855 0.09490740740740741 0.3680555555555556 0.09722222222222222 0.36574074074074076 0.12268518518518519 0.36574074074074076 0.125 0.3680555555555556 0.14351851851851852 0.3680555555555556 0.14583333333333334 0.37037037037037035
3 0.9351851851851852 0.5578703703703703 0.9375 0.5601851851851852 0.9467592592592593 0.5601851851851852 0.9490740740740741 0.5578703703703703 0.9791666666666666 0.5578703703703703 0.9791666666666666 0.5717592592592593 0.9837962962962963 0.5810185185185185 0.9837962962962963 0.6064814814814815 0.9814814814814815 0.6087962962962963 0.9675925925925926 0.6087962962962963 0.9652777777777778 0.6111111111111112 0.9050925925925926 0.6111111111111112 0.9027777777777778 0.6087962962962963 0.9027777777777778 0.5879629629629629 0.9004629629629629 0.5856481481481481 0.9004629629629629 0.5625 0.9027777777777778 0.5601851851851852 0.9328703703703703 0.5601851851851852
3 0.7962962962962963 0.15046296296296297 0.7986111111111112 0.16898148148148148 0.8009259259259259 0.1712962962962963 0.8009259259259259 0.19675925925925927 0.7986111111111112 0.2013888888888889 0.7453703703703703 0.2013888888888889 0.7430555555555556 0.2037037037037037 0.7245370370370371 0.2037037037037037 0.7199074074074074 0.2013888888888889 0.7199074074074074 0.1875 0.7175925925925926 0.18518518518518517 0.7175925925925926 0.1574074074074074 0.7199074074074074 0.1527777777777778 0.7222222222222222 0.15046296296296297 0.7939814814814815 0.15046296296296297
3 0.3148148148148148 0.30787037037037035 0.3912037037037037 0.30787037037037035 0.3958333333333333 0.3101851851851852 0.39814814814814814 0.3125 0.39814814814814814 0.31712962962962965 0.3958333333333333 0.3194444444444444 0.3958333333333333 0.33796296296296297 0.39351851851851855 0.3402777777777778 0.32175925925925924 0.33796296296296297 0.31712962962962965 0.33101851851851855 0.31712962962962965 0.32407407407407407 0.3194444444444444 0.32175925925925924 0.31712962962962965 0.3101851851851852
3 0.5023148148148148 0.6597222222222222 0.5046296296296297 0.6620370370370371 0.5069444444444444 0.6597222222222222 0.5717592592592593 0.6597222222222222 0.5763888888888888 0.6620370370370371 0.5810185185185185 0.6689814814814815 0.5787037037037037 0.6712962962962963 0.5763888888888888 0.6921296296296297 0.5 0.6944444444444444 0.49537037037037035 0.6921296296296297 0.49537037037037035 0.6643518518518519 0.5 0.6620370370370371
2 0.10648148148148148 0.19444444444444445 0.1111111111111111 0.19444444444444445 0.11805555555555555 0.19907407407407407 0.12037037037037036 0.2037037037037037 0.12962962962962962 0.20833333333333334 0.12962962962962962 0.21064814814814814 0.15046296296296297 0.22916666666666666 0.16203703703703703 0.2361111111111111 0.16203703703703703 0.23842592592592593 0.16666666666666666 0.24074074074074073 0.1736111111111111 0.25 0.18518518518518517 0.2569444444444444 0.18518518518518517 0.25925925925925924 0.17824074074074073 0.2638888888888889 0.1550925925925926 0.23842592592592593 0.1527777777777778 0.23842592592592593 0.1388888888888889 0.22453703703703703 0.13657407407407407 0.22453703703703703 0.12962962962962962 0.2152777777777778 0.12037037037037036 0.21064814814814814 0.12037037037037036 0.20833333333333334 0.10648148148148148 0.19675925925925927
2 0.25462962962962965 0.15046296296296297 0.2638888888888889 0.1550925925925926 0.2662037037037037 0.1597222222222222 0.2824074074074074 0.16898148148148148 0.2847222222222222 0.1736111111111111 0.30092592592592593 0.18287037037037038 0.3125 0.19444444444444445 0.32175925925925924 0.19907407407407407 0.32175925925925924 0.20601851851851852 0.30324074074074076 0.19675925925925927 0.30324074074074076 0.19444444444444445 0.2916666666666667 0.18518518518518517 0.2847222222222222 0.18287037037037038 0.26851851851851855 0.16898148148148148 0.26157407407407407 0.16666666666666666 0.25925925925925924 0.16203703703703703 0.25 0.1574074074074074 0.24074074074074073 0.14814814814814814 0.24074074074074073 0.14351851851851852 0.24537037037037038 0.1412037037037037 0.2523148148148148 0.15046296296296297
2 0.8819444444444444 0.32407407407407407 0.8888888888888888 0.32407407407407407 0.8888888888888888 0.3263888888888889 0.8981481481481481 0.3333333333333333 0.8981481481481481 0.33564814814814814 0.9027777777777778 0.33796296296296297 0.9027777777777778 0.3402777777777778 0.9074074074074074 0.3425925925925926 0.9143518518518519 0.35185185185185186 0.9166666666666666 0.35185185185185186 0.9490740740740741 0.3819444444444444 0.9513888888888888 0.3819444444444444 0.9537037037037037 0.38657407407407407 0.9560185185185185 0.38657407407407407 0.9560185185185185 0.3912037037037037 0.9537037037037037 0.39351851851851855 0.9467592592592593 0.3888888888888889 0.9351851851851852 0.3773148148148148 0.9328703703703703 0.3773148148148148 0.9259259259259259 0.3680555555555556 0.9236111111111112 0.3680555555555556 0.9143518518518519 0.3587962962962963 0.9004629629629629 0.34953703703703703 0.8842592592592593 0.3333333333333333 0.8819444444444444 0.3333333333333333 0.8819444444444444 0.3263888888888889
2 0.3587962962962963 0.625 0.36342592592592593 0.6273148148148148 0.36342592592592593 0.6296296296296297 0.37962962962962965 0.6435185185185185 0.38425925925925924 0.6527777777777778 0.3888888888888889 0.6550925925925926 0.39814814814814814 0.6712962962962963 0.4050925925925926 0.6782407407407407 0.4074074074074074 0.6851851851851852 0.41203703703703703 0.6875 0.41203703703703703 0.6921296296296297 0.4166666666666667 0.6944444444444444 0.41898148148148145 0.7060185185185185 0.4166666666666667 0.7083333333333334 0.4097222222222222 0.7060185185185185 0.4050925925925926 0.6944444444444444 0.40046296296296297 0.6921296296296297 0.40046296296296297 0.6875 0.3958333333333333 0.6851851851851852 0.3819444444444444 0.6620370370370371 0.375 0.6574074074074074 0.35648148148148145 0.6273148148148148
2 0.5925925925925926 0.4375 0.5972222222222222 0.4351851851851852 0.6041666666666666 0.4375 0.6041666666666666 0.4444444444444444 0.6226851851851852 0.4722222222222222 0.6296296296296297 0.47685185185185186 0.6296296296296297 0.48148148148148145 0.6388888888888888 0.49074074074074076 0.6435185185185185 0.4976851851851852 0.6435185185185185 0.5023148148148148 0.6481481481481481 0.5046296296296297 0.6481481481481481 0.5092592592592593 0.6527777777777778 0.5115740740740741 0.6527777777777778 0.5185185185185185 0.6458333333333334 0.5138888888888888 0.6319444444444444 0.49074074074074076 0.625 0.4861111111111111 0.6157407407407407 0.4699074074074074 0.6064814814814815 0.46064814814814814 0.5925925925925926 0.4398148148148148