4 0.90768125 0.17292343749999997 0.90768125 0.21749218750000002 0.9534796875 0.217075 0.9533859375 0.1730625 0.90768125 0.17292343749999997
4 0.9125609374999999 0.706246875 0.9141874999999999 0.7521984375 0.960525 0.75341875 0.9593046875 0.7046203125 0.9125609374999999 0.706246875
4 0.8560609375 0.458296875 0.8556546875000001 0.5034359375 0.9028062499999999 0.5046546875 0.9031578125 0.45917187500000006 0.8560609375 0.458296875
4 0.737371875 0.5701265624999999 0.691034375 0.5701265624999999 0.691034375 0.616078125 0.737778125 0.6156718749999999 0.737371875 0.5701265624999999
4 0.691034375 0.301153125 0.6902203124999999 0.3475109375 0.7353390625 0.3475109375 0.7356875 0.3008015625 0.691034375 0.301153125
4 0.47736562499999996 0.177690625 0.47736562499999996 0.22101874999999999 0.522840625 0.22101874999999999 0.5217578125 0.17444062500000002 0.47736562499999996 0.177690625
4 0.04102499999999988 0.1701078125 0.039942187499999976 0.21451875 0.08216874999999983 0.21560312499999998 0.08433437500000004 0.167940625 0.04102499999999988 0.1701078125
4 0.03019843749999988 0.45932500000000004 0.02803281249999993 0.5069875 0.0735062499999999 0.505903125 0.07483125000000007 0.458490625 0.03019843749999988 0.45932500000000004
4 0.024784374999999942 0.695465625 0.0237015624999999 0.7442109375000001 0.0670109374999998 0.7442109375000001 0.06804218750000002 0.6970562499999999 0.024784374999999942 0.695465625
4 0.2088484374999999 0.6423890625 0.207765625 0.6857171875 0.2521578124999999 0.6857171875 0.2521578124999999 0.6423890625 0.2088484374999999 0.6423890625
4 0.2478265624999999 0.46365781250000004 0.2478265624999999 0.505903125 0.29113593749999994 0.5069875 0.2920609375 0.4623703125 0.2478265624999999 0.46365781250000004
4 0.47890937499999997 0.4656921875000001 0.4799359374999999 0.511890625 0.5240609374999999 0.5129171875 0.5238968749999999 0.464965625 0.47890937499999997 0.4656921875000001
0 0.8773148148148148 0.7152777777777778 0.8842592592592593 0.7152777777777778 0.8819444444444444 0.7291666666666666 0.8796296296296297 0.7314814814814815 0.8773148148148148 0.7314814814814815 0.8773148148148148 0.7175925925925926
0 0.8125 0.4861111111111111 0.013888888888888888 0.020833333333333332
0 0.8888888888888888 0.16898148148148148 0.8912037037037037 0.16898148148148148 0.8912037037037037 0.1736111111111111 0.8958333333333334 0.18287037037037038 0.8958333333333334 0.18518518518518517 0.8912037037037037 0.1875 0.8865740740740741 0.18518518518518517 0.8888888888888888 0.18287037037037038 0.8888888888888888 0.1712962962962963
0 0.6620370370370371 0.27314814814814814 0.6574074074074074 0.2662037037037037 0.6574074074074074 0.2569444444444444 0.6620370370370371 0.2569444444444444 0.6643518518518519 0.26157407407407407 0.6643518518518519 0.27314814814814814
0 0.41435185185185186 0.36342592592592593 0.41203703703703703 0.3611111111111111 0.41435185185185186 0.36342592592592593 0.41203703703703703 0.36574074074074076 0.41203703703703703 0.37037037037037035 0.41435185185185186 0.375 0.41898148148148145 0.3773148148148148 0.4166666666666667 0.37962962962962965 0.41435185185185186 0.3773148148148148 0.41203703703703703 0.36574074074074076
0 0.14351851851851852 0.2037037037037037 0.14583333333333334 0.20833333333333334 0.1388888888888889 0.21296296296296297 0.14351851851851852 0.20601851851851852
0 0.04398148148148148 0.6203703703703703 0.020833333333333332 0.016203703703703703
0 0.4375 0.5462962962962963 0.44675925925925924 0.5370370370370371 0.4537037037037037 0.5416666666666666 0.44675925925925924 0.5370370370370371 0.4398148148148148 0.5439814814814815 0.44212962962962965 0.5486111111111112 0.4398148148148148 0.5509259259259259 0.4351851851851852 0.5509259259259259 0.4351851851851852 0.5486111111111112