4 0.90768125 0.8270765625000001 0.9533859375 0.8269374999999999 0.9534796875 0.7829250000000001 0.90768125 0.7825078124999999 0.90768125 0.8270765625000001
4 0.9125609374999999 0.29375312499999995 0.9593046875 0.29537968749999993 0.960525 0.24658125 0.9141874999999999 0.2478015625 0.9125609374999999 0.29375312499999995
4 0.8560609375 0.541703125 0.9031578125 0.540828125 0.9028062499999999 0.49534531249999997 0.8556546875000001 0.49656406249999996 0.8560609375 0.541703125
4 0.737371875 0.4298734375 0.737778125 0.3843281250000001 0.691034375 0.38392187499999997 0.691034375 0.4298734375 0.737371875 0.4298734375
4 0.690884375 0.6975 0.7357328125 0.69819375 0.7361953125 0.6632687500000001 0.690884375 0.6921796874999999 0.690884375 0.6975
4 0.47736562499999996 0.8223093750000001 0.5217578125 0.8255593750000001 0.522840625 0.7789812500000001 0.47736562499999996 0.7789812500000001 0.47736562499999996 0.8223093750000001
4 0.08246562499999992 0.82975 0.08246562499999992 0.8190421875 0.07570312500000004 0.8229375 0.06085156249999996 0.7991203124999999 0.07548437499999981 0.786446875 0.039942187499999976 0.78548125 0.04102499999999988 0.8298921874999999 0.08246562499999992 0.82975
4 0.03019843749999988 0.540675 0.07483125000000007 0.541509375 0.0735062499999999 0.494096875 0.02803281249999993 0.49301249999999996 0.03019843749999988 0.540675
4 0.024784374999999942 0.304534375 0.06804218750000002 0.30294375000000007 0.0670109374999998 0.2557890624999999 0.0237015624999999 0.2557890624999999 0.024784374999999942 0.304534375
4 0.23050781249999994 0.3139171874999999 0.20953749999999996 0.3529624999999999 0.20973125000000004 0.3587890625 0.2521578124999999 0.3576109374999999 0.2521578124999999 0.3142828125 0.23050781249999994 0.3139171874999999
4 0.2478265624999999 0.5363421875 0.2920609375 0.5376296875 0.29113593749999994 0.49301249999999996 0.2478265624999999 0.494096875 0.2478265624999999 0.5363421875
4 0.47890937499999997 0.5343078124999999 0.5238968749999999 0.535034375 0.5240609374999999 0.48708281249999996 0.4799359374999999 0.488109375 0.47890937499999997 0.5343078124999999
3 0.6629109375 0.6709015625 0.6631421875 0.6748328125 0.6619859375 0.678303125 0.6677656249999999 0.681309375 0.6767828125 0.70004375 0.74544375 0.6565624999999999 0.733884375 0.636903125 0.733653125 0.632971875 0.7324968749999999 0.6325078125 0.7294921875 0.6304265625 0.7186265624999999 0.613775 0.6515828124999999 0.65633125 0.6629109375 0.6709015625
3 0.5277777777777778 0.6134259259259259 0.5393518518518519 0.6064814814814815 0.5486111111111112 0.6203703703703703 0.5555555555555556 0.625 0.5694444444444444 0.6435185185185185 0.5555555555555556 0.625 0.5462962962962963 0.6180555555555556 0.5393518518518519 0.6064814814814815 0.5254629629629629 0.6157407407407407
3 0.2337962962962963 0.28703703703703703 0.23842592592592593 0.2916666666666667 0.2361111111111111 0.2986111111111111 0.23148148148148148 0.30324074074074076 0.22916666666666666 0.3125 0.22916666666666666 0.30787037037037035 0.23842592592592593 0.29398148148148145 0.23842592592592593 0.2916666666666667 0.2337962962962963 0.28935185185185186
3 0.07569374999999988 0.8216640625000001 0.07744062499999994 0.8218828125000001 0.14187499999999992 0.7720625 0.14121874999999992 0.7674734375000001 0.1390359374999998 0.7670359374999999 0.12374531249999994 0.7484625 0.06062343749999986 0.7985015625 0.07307343749999999 0.8155468749999999 0.07372812499999999 0.8194796875 0.07569374999999988 0.8216640625000001
3 0.8051640624999999 0.2823765625 0.8114515625000001 0.28348749999999995 0.812746875 0.28348749999999995 0.8147796875 0.2797875 0.8133015625 0.27682656249999993 0.8292046875 0.26110156249999994 0.767440625 0.20485937500000004 0.7445093749999999 0.22798593749999993 0.8051640624999999 0.2823765625
5 0.8171296296296297 0.6296296296296297 0.8194444444444444 0.6296296296296297 0.8125 0.6388888888888888 0.8148148148148148 0.6458333333333334 0.8217592592592593 0.6504629629629629 0.8263888888888888 0.6504629629629629 0.8287037037037037 0.6481481481481481 0.8287037037037037 0.6504629629629629 0.8217592592592593 0.6504629629629629 0.8125 0.6435185185185185 0.8125 0.6388888888888888 0.8171296296296297 0.6319444444444444
5 0.6041666666666666 0.33101851851851855 0.6134259259259259 0.32175925925925924 0.6226851851851852 0.32175925925925924 0.625 0.32407407407407407 0.6226851851851852 0.32175925925925924 0.6134259259259259 0.32175925925925924 0.6064814814814815 0.3287037037037037
5 0.3958333333333333 0.6388888888888888 0.4027777777777778 0.6342592592592593 0.41203703703703703 0.6342592592592593 0.41898148148148145 0.6412037037037037 0.4097222222222222 0.6342592592592593 0.39814814814814814 0.6365740740740741
5 0.3125 0.5625 0.3148148148148148 0.5625 0.31712962962962965 0.5671296296296297 0.31712962962962965 0.5787037037037037 0.3148148148148148 0.5833333333333334 0.30324074074074076 0.5879629629629629 0.2962962962962963 0.5879629629629629 0.2916666666666667 0.5810185185185185 0.30092592592592593 0.5879629629629629 0.30324074074074076 0.5856481481481481 0.3101851851851852 0.5856481481481481 0.31712962962962965 0.5787037037037037 0.31712962962962965 0.5671296296296297 0.3148148148148148 0.5648148148148148
5 0.11805555555555555 0.6967592592592593 0.12268518518518519 0.6990740740740741 0.13194444444444445 0.6921296296296297 0.13194444444444445 0.6851851851851852 0.125 0.6759259259259259 0.12731481481481483 0.6759259259259259 0.13194444444444445 0.6828703703703703 0.13194444444444445 0.6921296296296297 0.125 0.6990740740740741 0.12037037037037036 0.6967592592592593
2 0.13657407407407407 0.6967592592592593 0.016203703703703703 0.09953703703703703
2 0.1087962962962963 0.6134259259259259 0.11342592592592593 0.6087962962962963 0.11805555555555555 0.6087962962962963 0.11805555555555555 0.6111111111111112 0.11342592592592593 0.6203703703703703 0.10648148148148148 0.6273148148148148 0.10185185185185185 0.6365740740740741 0.09722222222222222 0.6388888888888888 0.09259259259259259 0.6481481481481481 0.08564814814814815 0.6550925925925926 0.09490740740740741 0.6412037037037037 0.11342592592592593 0.6203703703703703 0.11805555555555555 0.6111111111111112 0.11342592592592593 0.6087962962962963 0.1111111111111111 0.6134259259259259 0.10185185185185185 0.6203703703703703 0.09722222222222222 0.6319444444444444 0.09490740740740741 0.6319444444444444 0.08564814814814815 0.6435185185185185 0.10648148148148148 0.6157407407407407
2 0.7152777777777778 0.2986111111111111 0.7222222222222222 0.30787037037037035 0.7268518518518519 0.3194444444444444 0.7361111111111112 0.3287037037037037 0.7337962962962963 0.3287037037037037 0.7337962962962963 0.3263888888888889 0.7291666666666666 0.32407407407407407 0.7175925925925926 0.30092592592592593
2 0.41898148148148145 0.37037037037037035 0.41898148148148145 0.3726851851851852 0.4166666666666667 0.3726851851851852 0.41435185185185186 0.3773148148148148 0.41203703703703703 0.3773148148148148 0.4097222222222222 0.3819444444444444 0.4074074074074074 0.3819444444444444 0.4050925925925926 0.38657407407407407 0.4027777777777778 0.38657407407407407 0.38657407407407407 0.4027777777777778 0.38657407407407407 0.4050925925925926 0.3773148148148148 0.41203703703703703 0.3773148148148148 0.41435185185185186 0.375 0.41435185185185186 0.37962962962962965 0.4074074074074074 0.3819444444444444 0.4074074074074074 0.4166666666666667 0.3726851851851852
2 0.7662037037037037 0.5347222222222222 0.7592592592592593 0.5416666666666666 0.7569444444444444 0.5486111111111112 0.7476851851851852 0.5555555555555556 0.7476851851851852 0.5601851851851852 0.7407407407407407 0.5694444444444444 0.7314814814814815 0.5763888888888888 0.7291666666666666 0.5833333333333334 0.7268518518518519 0.5833333333333334 0.7314814814814815 0.5787037037037037 0.7337962962962963 0.5717592592592593 0.7430555555555556 0.5648148148148148 0.7476851851851852 0.5555555555555556 0.7638888888888888 0.5370370370370371
1 0.11346874999999991 0.4141484375 0.10946406250000001 0.4134406249999999 0.10334062499999998 0.41391249999999996 0.10098593749999986 0.4160328125 0.09651093749999999 0.41980312499999994 0.09085781249999993 0.4209812499999999 0.08049374999999988 0.42286718749999996 0.07342812500000004 0.4266375 0.06683281250000003 0.43064375000000005 0.059295312499999815 0.43370624999999996 0.05552656250000004 0.436534375 0.05293593749999993 0.44218906249999995 0.055762499999999895 0.4438390625 0.05293593749999993 0.44595937499999994 0.04893281249999991 0.44760937500000003 0.04469218749999989 0.4537359375 0.04186562499999993 0.4600984375 0.045164062499999866 0.466225 0.05293593749999993 0.470465625 0.057410937500000064 0.470465625 0.062828125 0.467875 0.0689531249999999 0.4636328125 0.07319218749999992 0.4582124999999999 0.07413437499999999 0.4530296875 0.07837343749999988 0.44737343749999997 0.08591093749999983 0.4433671874999999 0.09698124999999996 0.44242499999999996 0.10192812500000006 0.44171875 0.1068734374999999 0.44006875 0.11017187499999997 0.43794843749999995 0.11676562499999997 0.43252812499999993 0.11864999999999999 0.427815625 0.11841562499999989 0.4212171875 0.11629531249999987 0.41744687499999994 0.11346874999999991 0.4141484375
1 0.24190156249999994 0.770075 0.23445156249999985 0.7706796875 0.2306265625 0.7718890625 0.22619687499999994 0.7753125 0.22297499999999998 0.7799453125 0.22015624999999991 0.7857875 0.21854531249999992 0.7922328125 0.21834531249999986 0.796865625 0.21935156249999993 0.8017000000000001 0.22196874999999994 0.8051249999999999 0.2239828124999999 0.80774375 0.2255921875 0.809153125 0.2282109374999999 0.810965625 0.23183437499999998 0.8119734375 0.23586093750000003 0.812175 0.24411562499999995 0.8105625000000001 0.25076093750000006 0.809153125 0.25599531249999996 0.808346875 0.25881406250000005 0.812578125 0.25941875 0.8166062500000001 0.25901562499999997 0.8216421875000001 0.2565999999999999 0.8254687499999999 0.2549890624999999 0.8274828125 0.2537812499999999 0.8303031249999999 0.2537812499999999 0.8343312500000001 0.25519062499999995 0.83594375 0.2576062499999999 0.835540625 0.25861249999999997 0.83413125 0.2600218749999999 0.8303031249999999 0.2616328125 0.8268796875 0.2622374999999999 0.8252671874999999 0.26425000000000004 0.8182171875 0.26344531250000003 0.8119734375 0.26364687499999995 0.8081453125000001 0.26062656249999994 0.8053265625 0.25800937499999993 0.8019015625 0.25297499999999995 0.8014984374999999 0.23908281249999985 0.8053265625 0.23304218749999994 0.80431875 0.22800937499999996 0.801296875 0.22700156249999992 0.7996859375 0.22659999999999994 0.7974703124999999 0.22659999999999994 0.7976718749999999 0.22579374999999993 0.7936437500000001 0.22659999999999994 0.7896140625 0.22800937499999996 0.7827656250000001 0.2306265625 0.7773265625 0.23384843749999995 0.776521875 0.24532499999999993 0.7745078125 0.24834374999999995 0.773096875 0.2517671875 0.7706796875 0.2541828124999999 0.7662484374999999 0.25619687500000005 0.76383125 0.2570015625 0.7618171875 0.2567999999999999 0.7587953125 0.25559218749999996 0.755371875 0.25519062499999995 0.7541625000000001 0.2523718749999999 0.751140625 0.24955312499999993 0.7495296875 0.24653281249999992 0.753759375 0.24653281249999992 0.759803125 0.2473374999999999 0.7628234374999999 0.2477406249999999 0.766046875 0.2473374999999999 0.7686656249999999 0.24190156249999994 0.770075
1 0.807465625 0.7615218749999999 0.8034140625 0.7655749999999999 0.7997875 0.7672828125000001 0.7963749999999999 0.7655749999999999 0.790615625 0.7617343750000001 0.7859234375 0.757253125 0.7850703125 0.75191875 0.78443125 0.7476515625 0.7893359375000001 0.742103125 0.7944562500000001 0.737621875 0.7950953125 0.7318609375 0.793815625 0.7286609374999999 0.7910421875 0.7265265624999999 0.78635 0.722471875 0.7831515625000001 0.720125 0.7788859375 0.7169249999999999 0.775046875 0.7152171875000001 0.7720609375 0.7137234375 0.771634375 0.7167109375 0.7759 0.719484375 0.778671875 0.720765625 0.7829375 0.72460625 0.7840046875 0.7271671875 0.7857109375 0.7316484375000001 0.7814453125 0.73655625 0.778671875 0.7429578124999999 0.7754734375 0.7485046875 0.7746203125000001 0.7521328125000001 0.7759 0.757253125 0.780165625 0.763015625 0.7865640625 0.7666421875 0.7910421875 0.7700562500000001 0.7968015625 0.7734703125000001 0.8031999999999999 0.774325 0.8059734375 0.7721906249999999 0.8104515625 0.7685625 0.81471875 0.763228125 0.8179171875 0.7591749999999999 0.8219703125000001 0.7566140625000001 0.8264484375 0.7581078124999999 0.8324203124999999 0.7604546875000001 0.8371140625000001 0.7642953124999999 0.84180625 0.7666421875 0.8456421875000001 0.7682328125 0.8422328124999999 0.763015625 0.8373265625 0.7591749999999999 0.8326343749999999 0.7551203125 0.8253828125 0.7521328125000001 0.818984375 0.751065625 0.8117312499999999 0.7551203125 0.807465625 0.7615218749999999
1 0.7743859375 0.3518406249999999 0.7658999999999999 0.353053125 0.758625 0.36033125 0.7537750000000001 0.367003125 0.7531687499999999 0.377615625 0.7568062499999999 0.38580312499999997 0.7598374999999999 0.39004843749999984 0.761959375 0.3930796875 0.754078125 0.397628125 0.7486234375 0.4000546875 0.7446828124999999 0.403390625 0.7446828124999999 0.4085453125 0.7461984375 0.4094546874999999 0.75135 0.4082421874999999 0.758928125 0.40520937499999987 0.7683234375 0.4015703124999999 0.7737796875 0.39550625 0.7719609374999999 0.38792499999999996 0.7671109375 0.37943437500000005 0.7658999999999999 0.3703375000000001 0.76650625 0.367003125 0.7695359375 0.36215 0.7759015625000001 0.3585124999999999 0.7816609375 0.3576015625 0.788328125 0.36154374999999994 0.7892375 0.3682156250000001 0.792875 0.37276406250000005 0.79590625 0.3754921875 0.8031796874999999 0.377009375 0.8128796875 0.37731250000000005 0.8210625 0.37215781249999985 0.8228812499999999 0.3679125 0.8210625 0.368821875 0.8162140625 0.3676093749999999 0.8116671875 0.369125 0.8049984375 0.371246875 0.7989375 0.3663953125 0.796209375 0.36215 0.78863125 0.35547968750000003 0.7743859375 0.3518406249999999
1 0.3985109375 0.5259578125 0.3962624999999999 0.5225828125 0.39491406249999994 0.515159375 0.39401406249999993 0.512009375 0.3942390624999999 0.5070609374999999 0.39468906249999997 0.5048109375000001 0.3955875 0.4998609375 0.39311406249999997 0.4949125 0.391990625 0.4922125 0.391765625 0.48861406249999995 0.3895171874999999 0.4820890625 0.3838953124999999 0.475790625 0.37782343749999997 0.476015625 0.37399999999999994 0.4766906249999999 0.3697281249999999 0.4802890625 0.36815468749999997 0.48568906250000005 0.3679296875 0.4917625 0.369053125 0.49581249999999993 0.371078125 0.4998609375 0.3717515625 0.5025609375 0.3717515625 0.5072859375 0.37130156249999996 0.510209375 0.3719765625 0.515159375 0.37265156250000003 0.519434375 0.3731015625 0.5214578125 0.37489999999999996 0.5259578125 0.37692343749999996 0.5302328125 0.37894843749999996 0.53630625 0.3838953124999999 0.53900625 0.38524375 0.5444046875 0.38524375 0.5480046875 0.38726718749999994 0.5522796875 0.38906718749999997 0.555203125 0.39154062500000003 0.5576781249999999 0.39401406249999993 0.558353125 0.40141406249999995 0.5586109375 0.4079562499999999 0.554528125 0.4086296875 0.5475546875 0.40705625 0.53990625 0.4048078124999999 0.53383125 0.40368281250000004 0.5295578125 0.40188437500000007 0.5277578125 0.3985109375 0.5259578125
0 0.8402777777777778 0.4861111111111111 0.8356481481481481 0.4791666666666667 0.8379629629629629 0.4791666666666667 0.8379629629629629 0.48148148148148145 0.8472222222222222 0.49074074074074076 0.8495370370370371 0.49074074074074076 0.8472222222222222 0.4976851851851852 0.8402777777777778 0.4976851851851852 0.8402777777777778 0.4930555555555556 0.8356481481481481 0.4861111111111111 0.8379629629629629 0.48842592592592593
0 0.6944444444444444 0.5648148148148148 0.6944444444444444 0.5625 0.7013888888888888 0.5671296296296297 0.7013888888888888 0.5694444444444444 0.7013888888888888 0.5671296296296297 0.6967592592592593 0.5648148148148148 0.6944444444444444 0.5671296296296297 0.6967592592592593 0.5717592592592593 0.6944444444444444 0.5694444444444444 0.6898148148148148 0.5717592592592593 0.6898148148148148 0.5740740740740741 0.6944444444444444 0.5763888888888888 0.6921296296296297 0.5787037037037037 0.6898148148148148 0.5740740740740741 0.6875 0.5787037037037037 0.6875 0.5740740740740741 0.6944444444444444 0.5671296296296297
0 0.41435185185185186 0.7592592592592593 0.4212962962962963 0.7546296296296297 0.4212962962962963 0.7615740740740741 0.42824074074074076 0.7685185185185185 0.42824074074074076 0.7731481481481481 0.41898148148148145 0.7708333333333334 0.41898148148148145 0.7685185185185185 0.42592592592592593 0.7731481481481481 0.42824074074074076 0.7685185185185185 0.4212962962962963 0.7592592592592593 0.4166666666666667 0.7569444444444444
0 0.16435185185185186 0.4375 0.16666666666666666 0.4351851851851852 0.16666666666666666 0.4305555555555556 0.16203703703703703 0.42824074074074076 0.16203703703703703 0.42592592592592593 0.16666666666666666 0.4305555555555556 0.16666666666666666 0.4351851851851852 0.1712962962962963 0.44212962962962965 0.16898148148148148 0.4444444444444444 0.16203703703703703 0.4444444444444444 0.16435185185185186 0.4398148148148148
0 0.47453703703703703 0.4652777777777778 0.47685185185185186 0.4652777777777778 0.4791666666666667 0.4699074074074074 0.47685185185185186 0.4699074074074074 0.4722222222222222 0.47685185185185186 0.4699074074074074 0.4675925925925926 0.4699074074074074 0.4722222222222222 0.4722222222222222 0.47453703703703703 0.47685185185185186 0.4675925925925926