4 0.90768125 0.17292343749999997 0.90768125 0.21749218750000002 0.9534796875 0.217075 0.9533859375 0.1730625 0.90768125 0.17292343749999997
4 0.9125609374999999 0.706246875 0.9141874999999999 0.7521984375 0.960525 0.75341875 0.9593046875 0.7046203125 0.9125609374999999 0.706246875
4 0.8560609375 0.458296875 0.8556546875000001 0.5034359375 0.9028062499999999 0.5046546875 0.9031578125 0.45917187500000006 0.8560609375 0.458296875
4 0.737371875 0.5701265624999999 0.691034375 0.5701265624999999 0.691034375 0.616078125 0.737778125 0.6156718749999999 0.737371875 0.5701265624999999
4 0.691034375 0.301153125 0.6902203124999999 0.3475109375 0.7353390625 0.3475109375 0.7356875 0.3008015625 0.691034375 0.301153125
4 0.47736562499999996 0.177690625 0.47736562499999996 0.22101874999999999 0.522840625 0.22101874999999999 0.5217578125 0.17444062500000002 0.47736562499999996 0.177690625
4 0.04102499999999988 0.1701078125 0.039942187499999976 0.21451875 0.08216874999999983 0.21560312499999998 0.08433437500000004 0.167940625 0.04102499999999988 0.1701078125
4 0.03019843749999988 0.45932500000000004 0.02803281249999993 0.5069875 0.0735062499999999 0.505903125 0.07483125000000007 0.458490625 0.03019843749999988 0.45932500000000004
4 0.024784374999999942 0.695465625 0.0237015624999999 0.7442109375000001 0.0670109374999998 0.7442109375000001 0.06804218750000002 0.6970562499999999 0.024784374999999942 0.695465625
4 0.2088484374999999 0.6423890625 0.207765625 0.6857171875 0.2521578124999999 0.6857171875 0.2521578124999999 0.6423890625 0.2088484374999999 0.6423890625
4 0.2478265624999999 0.46365781250000004 0.2478265624999999 0.505903125 0.29113593749999994 0.5069875 0.2920609375 0.4623703125 0.2478265624999999 0.46365781250000004
4 0.47890937499999997 0.4656921875000001 0.4799359374999999 0.511890625 0.5240609374999999 0.5129171875 0.5238968749999999 0.464965625 0.47890937499999997 0.4656921875000001
1 0.60625 0.1828125 0.6015625 0.2015625 0.5921875 0.209375 0.5858234375 0.21026406250000004 0.58028125 0.20973593750000002 0.578125 0.20468750000000002 0.5765625 0.1953125 0.5718749999999999 0.1890625 0.5718749999999999 0.18125 0.56875 0.178125 0.5615390625 0.178059375 0.5578124999999999 0.1765625 0.5515625 0.1765625 0.5453125 0.1828125 0.5480749999999999 0.1867703125 0.5493953125 0.1872984375 0.553090625 0.188090625 0.5623296875 0.1896734375 0.5640624999999999 0.1953125 0.5671875 0.1984375 0.56875 0.2078125 0.5765625 0.21875 0.5828125 0.2234375 0.5874999999999999 0.2234375 0.59375 0.22031250000000002 0.6 0.21250000000000002 0.6046875 0.2109375 0.6109374999999999 0.2 0.6109374999999999 0.1953125 0.6127499999999999 0.19178593750000003 0.613278125 0.1872984375 0.6180296875000001 0.1841296875 0.6256843750000001 0.18545 0.6299078125 0.18307500000000002 0.635715625 0.1785875 0.6277953125000001 0.17541875 0.6172375000000001 0.1746265625 0.6140625 0.1765625 0.60625 0.1828125
1 0.7314814814814815 0.4375 0.7291666666666666 0.44212962962962965 0.7314814814814815 0.4444444444444444 0.7361111111111112 0.44212962962962965 0.7222222222222222 0.4513888888888889 0.7291666666666666 0.4398148148148148
1 0.3611111111111111 0.6365740740740741 0.3611111111111111 0.6527777777777778 0.35648148148148145 0.6597222222222222 0.35648148148148145 0.6736111111111112 0.3541666666666667 0.6759259259259259 0.3541666666666667 0.6851851851851852 0.35648148148148145 0.6597222222222222 0.3611111111111111 0.6527777777777778 0.3611111111111111 0.6388888888888888
1 0.19212962962962962 0.5717592592592593 0.19444444444444445 0.5810185185185185 0.1875 0.5856481481481481 0.17824074074074073 0.5972222222222222 0.1712962962962963 0.5995370370370371 0.1597222222222222 0.6111111111111112 0.15046296296296297 0.6273148148148148 0.1412037037037037 0.6342592592592593 0.14814814814814814 0.6296296296296297 0.1574074074074074 0.6134259259259259 0.1712962962962963 0.5995370370370371 0.17824074074074073 0.5972222222222222 0.18055555555555555 0.5925925925925926 0.18287037037037038 0.5925925925925926 0.18518518518518517 0.5879629629629629 0.19444444444444445 0.5810185185185185 0.19444444444444445 0.5763888888888888 0.19212962962962962 0.5740740740740741
5 0.5532407407407407 0.6481481481481481 0.5555555555555556 0.6504629629629629 0.5601851851851852 0.6504629629629629 0.5648148148148148 0.6597222222222222 0.5625 0.6666666666666666 0.5578703703703703 0.6712962962962963 0.5462962962962963 0.6712962962962963 0.5462962962962963 0.6689814814814815 0.5416666666666666 0.6666666666666666 0.5416666666666666 0.6527777777777778 0.5509259259259259 0.6481481481481481
5 0.2638888888888889 0.41898148148148145 0.27314814814814814 0.42592592592592593 0.27314814814814814 0.4375 0.2708333333333333 0.44212962962962965 0.2569444444444444 0.44212962962962965 0.2523148148148148 0.4351851851851852 0.25462962962962965 0.4236111111111111 0.26157407407407407 0.4212962962962963
5 0.4976851851851852 0.5370370370370371 0.5023148148148148 0.5393518518518519 0.5069444444444444 0.5486111111111112 0.5 0.5601851851851852 0.48842592592592593 0.5601851851851852 0.4837962962962963 0.5509259259259259 0.4837962962962963 0.5462962962962963 0.48842592592592593 0.5393518518518519 0.49537037037037035 0.5370370370370371
5 0.4236111111111111 0.2800925925925926 0.4236111111111111 0.2824074074074074 0.42824074074074076 0.2847222222222222 0.42824074074074076 0.29398148148148145 0.41898148148148145 0.30092592592592593 0.4074074074074074 0.2962962962962963 0.4050925925925926 0.28703703703703703 0.4097222222222222 0.2800925925925926 0.41435185185185186 0.2800925925925926 0.4166666666666667 0.2777777777777778 0.4212962962962963 0.2800925925925926
1 0.09027777777777778 0.1597222222222222 0.10185185185185185 0.1597222222222222 0.10648148148148148 0.16435185185185186 0.10648148148148148 0.18055555555555555 0.11574074074074074 0.1875 0.11574074074074074 0.19212962962962962 0.11805555555555555 0.19444444444444445 0.11574074074074074 0.2337962962962963 0.10416666666666667 0.23842592592592593 0.09953703703703703 0.24305555555555555 0.08564814814814815 0.24305555555555555 0.08101851851851852 0.2361111111111111 0.08101851851851852 0.22685185185185186 0.09490740740740741 0.2199074074074074 0.09490740740740741 0.19444444444444445 0.08564814814814815 0.18287037037037038 0.08564814814814815 0.16666666666666666 0.09027777777777778 0.16203703703703703
5 0.1574074074074074 0.6759259259259259 0.16898148148148148 0.6736111111111112 0.1736111111111111 0.6759259259259259 0.1736111111111111 0.6805555555555556 0.17592592592592593 0.6828703703703703 0.17592592592592593 0.6921296296296297 0.1712962962962963 0.6967592592592593 0.1597222222222222 0.6967592592592593 0.1550925925925926 0.6898148148148148 0.1574074074074074 0.6782407407407407
0 0.9212962962962963 0.5555555555555556 0.9259259259259259 0.5555555555555556 0.9282407407407407 0.5532407407407407 0.9328703703703703 0.5578703703703703 0.9305555555555556 0.5625 0.9259259259259259 0.5625 0.9236111111111112 0.5601851851851852 0.9097222222222222 0.5601851851851852 0.9143518518518519 0.5578703703703703 0.9166666666666666 0.5601851851851852 0.9282407407407407 0.5625 0.9305555555555556 0.5601851851851852 0.9305555555555556 0.5555555555555556 0.9282407407407407 0.5532407407407407 0.9236111111111112 0.5555555555555556
0 0.5555555555555556 0.42824074074074076 0.5601851851851852 0.42824074074074076 0.5601851851851852 0.4305555555555556 0.5532407407407407 0.4375 0.5509259259259259 0.4444444444444444 0.5416666666666666 0.44212962962962965 0.5416666666666666 0.4375 0.5416666666666666 0.4398148148148148 0.5486111111111112 0.4444444444444444 0.5555555555555556 0.4351851851851852 0.5532407407407407 0.4305555555555556 0.5486111111111112 0.4351851851851852 0.5532407407407407 0.4305555555555556
0 0.8148148148148148 0.1712962962962963 0.8125 0.1736111111111111 0.8148148148148148 0.17824074074074073 0.8171296296296297 0.17824074074074073 0.8125 0.17824074074074073 0.8125 0.1712962962962963
0 0.2337962962962963 0.30092592592592593 0.2337962962962963 0.2986111111111111 0.2361111111111111 0.2986111111111111 0.24074074074074073 0.30324074074074076 0.24074074074074073 0.3055555555555556 0.2337962962962963 0.3101851851851852 0.23148148148148148 0.3055555555555556 0.2337962962962963 0.30324074074074076
0 0.2824074074074074 0.6759259259259259 0.2824074074074074 0.6712962962962963 0.2847222222222222 0.6689814814814815 0.2916666666666667 0.6689814814814815 0.29398148148148145 0.6712962962962963 0.2916666666666667 0.6689814814814815 0.2847222222222222 0.6689814814814815 0.2824074074074074 0.6736111111111112
3 0.8495370370370371 0.37037037037037035 0.8541666666666666 0.3680555555555556 0.8726851851851852 0.3680555555555556 0.875 0.36574074074074076 0.9004629629629629 0.36574074074074076 0.9027777777777778 0.3680555555555556 0.9027777777777778 0.39351851851851855 0.9050925925925926 0.3958333333333333 0.9050925925925926 0.4074074074074074 0.9027777777777778 0.4097222222222222 0.9050925925925926 0.41203703703703703 0.9050925925925926 0.44675925925925924 0.9004629629629629 0.44907407407407407 0.8819444444444444 0.44907407407407407 0.8796296296296297 0.4513888888888889 0.8634259259259259 0.4513888888888889 0.8611111111111112 0.44907407407407407 0.8541666666666666 0.44907407407407407 0.8495370370370371 0.44675925925925924 0.8495370370370371 0.3726851851851852
3 0.018518518518518517 0.5578703703703703 0.04861111111111111 0.5578703703703703 0.05092592592592592 0.5601851851851852 0.06018518518518518 0.5601851851851852 0.0625 0.5578703703703703 0.06481481481481481 0.5601851851851852 0.09490740740740741 0.5601851851851852 0.09722222222222222 0.5625 0.09722222222222222 0.5856481481481481 0.09490740740740741 0.5879629629629629 0.09490740740740741 0.6087962962962963 0.09259259259259259 0.6111111111111112 0.032407407407407406 0.6111111111111112 0.03009259259259259 0.6087962962962963 0.016203703703703703 0.6087962962962963 0.013888888888888888 0.6064814814814815 0.013888888888888888 0.5810185185185185 0.018518518518518517 0.5717592592592593 0.018518518518518517 0.5601851851851852
3 0.2013888888888889 0.15046296296296297 0.27546296296296297 0.15046296296296297 0.2800925925925926 0.1574074074074074 0.2800925925925926 0.18518518518518517 0.2777777777777778 0.1875 0.2777777777777778 0.2013888888888889 0.27314814814814814 0.2037037037037037 0.25462962962962965 0.2037037037037037 0.2523148148148148 0.2013888888888889 0.19907407407407407 0.2013888888888889 0.19675925925925927 0.19675925925925927 0.19675925925925927 0.1712962962962963 0.19907407407407407 0.16898148148148148 0.2013888888888889 0.1527777777777778
3 0.6805555555555556 0.30787037037037035 0.6828703703703703 0.30787037037037035 0.6782407407407407 0.3194444444444444 0.6805555555555556 0.33101851851851855 0.6759259259259259 0.33796296296296297 0.6458333333333334 0.33796296296296297 0.6435185185185185 0.3402777777777778 0.6041666666666666 0.3402777777777778 0.6018518518518519 0.33796296296296297 0.6018518518518519 0.3194444444444444 0.5995370370370371 0.31712962962962965 0.5995370370370371 0.3125 0.6018518518518519 0.3101851851851852 0.6064814814814815 0.30787037037037035 0.6782407407407407 0.30787037037037035
3 0.49074074074074076 0.6597222222222222 0.4930555555555556 0.6620370370370371 0.49537037037037035 0.6597222222222222 0.5023148148148148 0.6643518518518519 0.5023148148148148 0.6921296296296297 0.4976851851851852 0.6944444444444444 0.4212962962962963 0.6921296296296297 0.4212962962962963 0.6828703703703703 0.41898148148148145 0.6805555555555556 0.41898148148148145 0.6712962962962963 0.4166666666666667 0.6689814814814815 0.41898148148148145 0.6643518518518519 0.42592592592592593 0.6597222222222222 0.48842592592592593 0.6597222222222222
2 0.8912037037037037 0.19444444444444445 0.8912037037037037 0.19675925925925927 0.8842592592592593 0.2013888888888889 0.8773148148148148 0.21064814814814814 0.8680555555555556 0.2152777777777778 0.8611111111111112 0.22453703703703703 0.8425925925925926 0.23842592592592593 0.8194444444444444 0.2638888888888889 0.8171296296296297 0.2638888888888889 0.8125 0.2569444444444444 0.8240740740740741 0.25 0.8263888888888888 0.24537037037037038 0.8356481481481481 0.23842592592592593 0.8356481481481481 0.2361111111111111 0.8472222222222222 0.22916666666666666 0.8634259259259259 0.21296296296296297 0.8657407407407407 0.21296296296296297 0.8680555555555556 0.20833333333333334 0.8888888888888888 0.19444444444444445
2 0.7337962962962963 0.1550925925925926 0.7453703703703703 0.15046296296296297 0.75 0.14351851851851852 0.7546296296296297 0.1412037037037037 0.7569444444444444 0.14351851851851852 0.7569444444444444 0.14814814814814814 0.7476851851851852 0.1574074074074074 0.7384259259259259 0.16203703703703703 0.7361111111111112 0.16666666666666666 0.7291666666666666 0.16898148148148148 0.7129629629629629 0.18287037037037038 0.7060185185185185 0.18518518518518517 0.6967592592592593 0.19212962962962962 0.6944444444444444 0.19675925925925927 0.6759259259259259 0.20601851851851852 0.6759259259259259 0.19907407407407407 0.6851851851851852 0.19444444444444445 0.6967592592592593 0.18287037037037038 0.7129629629629629 0.1736111111111111 0.7152777777777778 0.16898148148148148 0.7337962962962963 0.1574074074074074
2 0.1087962962962963 0.32407407407407407 0.11574074074074074 0.32407407407407407 0.11574074074074074 0.3333333333333333 0.11342592592592593 0.3333333333333333 0.09722222222222222 0.34953703703703703 0.07175925925925926 0.3680555555555556 0.06944444444444445 0.3726851851851852 0.06712962962962964 0.3726851851851852 0.06481481481481481 0.3773148148148148 0.0625 0.3773148148148148 0.05092592592592592 0.3888888888888889 0.04398148148148148 0.39351851851851855 0.041666666666666664 0.3912037037037037 0.041666666666666664 0.38657407407407407 0.04398148148148148 0.38657407407407407 0.046296296296296294 0.3819444444444444 0.04861111111111111 0.3819444444444444 0.06712962962962964 0.36342592592592593 0.08333333333333333 0.35185185185185186 0.08564814814814815 0.3472222222222222 0.08796296296296297 0.3472222222222222 0.09027777777777778 0.3425925925925926 0.09259259259259259 0.3425925925925926 0.09490740740740741 0.33796296296296297 0.09722222222222222 0.33796296296296297 0.09953703703703703 0.3333333333333333 0.1087962962962963 0.3263888888888889
2 0.6388888888888888 0.625 0.6412037037037037 0.6296296296296297 0.6226851851851852 0.6574074074074074 0.6157407407407407 0.6620370370370371 0.6018518518518519 0.6851851851851852 0.5972222222222222 0.6875 0.5972222222222222 0.6921296296296297 0.5925925925925926 0.6944444444444444 0.5879629629629629 0.7060185185185185 0.5833333333333334 0.7083333333333334 0.5787037037037037 0.7060185185185185 0.5810185185185185 0.6944444444444444 0.5856481481481481 0.6921296296296297 0.5856481481481481 0.6875 0.5902777777777778 0.6851851851851852 0.5925925925925926 0.6782407407407407 0.5995370370370371 0.6712962962962963 0.6087962962962963 0.6550925925925926 0.6134259259259259 0.6527777777777778 0.6180555555555556 0.6435185185185185 0.6226851851851852 0.6412037037037037 0.625 0.6365740740740741 0.6342592592592593 0.6296296296296297 0.6342592592592593 0.6273148148148148 0.6365740740740741 0.6273148148148148
2 0.39351851851851855 0.4375 0.40046296296296297 0.4351851851851852 0.4050925925925926 0.4375 0.4050925925925926 0.44212962962962965 0.40046296296296297 0.4444444444444444 0.3726851851851852 0.4861111111111111 0.36574074074074076 0.49074074074074076 0.35185185185185186 0.5138888888888888 0.3449074074074074 0.5185185185185185 0.3449074074074074 0.5115740740740741 0.34953703703703703 0.5092592592592593 0.34953703703703703 0.5046296296296297 0.3541666666666667 0.5023148148148148 0.3541666666666667 0.4976851851851852 0.3680555555555556 0.48148148148148145 0.3680555555555556 0.47685185185185186 0.375 0.4722222222222222 0.39351851851851855 0.4444444444444444 0.39351851851851855 0.4398148148148148