4 0.90768125 0.8270765625000001 0.9533859375 0.8269374999999999 0.9534796875 0.7829250000000001 0.90768125 0.7825078124999999 0.90768125 0.8270765625000001
4 0.9125609374999999 0.29375312499999995 0.9593046875 0.29537968749999993 0.960525 0.24658125 0.9141874999999999 0.2478015625 0.9125609374999999 0.29375312499999995
4 0.8560609375 0.541703125 0.9031578125 0.540828125 0.9028062499999999 0.49534531249999997 0.8556546875000001 0.49656406249999996 0.8560609375 0.541703125
4 0.737371875 0.4298734375 0.737778125 0.3843281250000001 0.691034375 0.38392187499999997 0.691034375 0.4298734375 0.737371875 0.4298734375
4 0.691034375 0.698846875 0.7356875 0.6991984375 0.7353390625 0.6524890624999999 0.6902203124999999 0.6524890624999999 0.691034375 0.698846875
4 0.47736562499999996 0.8223093750000001 0.5217578125 0.8255593750000001 0.522840625 0.7789812500000001 0.47736562499999996 0.7789812500000001 0.47736562499999996 0.8223093750000001
4 0.04102499999999988 0.8298921874999999 0.08433437500000004 0.832059375 0.08216874999999983 0.7843968750000001 0.039942187499999976 0.78548125 0.04102499999999988 0.8298921874999999
4 0.03019843749999988 0.540675 0.07483125000000007 0.541509375 0.0735062499999999 0.494096875 0.02803281249999993 0.49301249999999996 0.03019843749999988 0.540675
4 0.024784374999999942 0.304534375 0.06804218750000002 0.30294375000000007 0.0670109374999998 0.2557890624999999 0.0237015624999999 0.2557890624999999 0.024784374999999942 0.304534375
4 0.2088484374999999 0.3576109374999999 0.2521578124999999 0.3576109374999999 0.2521578124999999 0.3142828125 0.207765625 0.3142828125 0.2088484374999999 0.3576109374999999
4 0.2478265624999999 0.5363421875 0.2920609375 0.5376296875 0.29113593749999994 0.49301249999999996 0.2478265624999999 0.494096875 0.2478265624999999 0.5363421875
4 0.47890937499999997 0.5343078124999999 0.5238968749999999 0.535034375 0.5240609374999999 0.48708281249999996 0.4799359374999999 0.488109375 0.47890937499999997 0.5343078124999999
1 0.603571875 0.38700937499999993 0.5946734374999999 0.3884328124999999 0.5886234374999999 0.3923499999999999 0.5868453125 0.40160625 0.5864890625 0.4101515625 0.590759375 0.42118906249999993 0.5950296875 0.43507499999999993 0.596809375 0.4411281249999999 0.5982328125 0.44860625 0.5985890624999999 0.45323437499999997 0.6003687499999999 0.46106718750000003 0.6060625 0.46818906250000003 0.6135359375 0.4685453125 0.6195859374999999 0.46569687499999995 0.6235015625 0.46071093750000003 0.6231453124999999 0.452165625 0.62066875 0.44566093749999997 0.6192312499999999 0.43507499999999993 0.6174515624999999 0.42581874999999997 0.6149593750000001 0.41762968749999996 0.61318125 0.4101515625 0.6121125 0.4019624999999999 0.6078421874999999 0.3905687499999999 0.603571875 0.38700937499999993
1 0.516734375 0.41656093749999995 0.5053453124999999 0.4197656249999999 0.497515625 0.4201218749999999 0.48363593749999995 0.4247499999999999 0.47153593749999995 0.4290234375 0.4672640624999999 0.4386359374999999 0.4679765624999999 0.44255312499999994 0.4711796875 0.44789375 0.48114375 0.4500296875 0.4861265624999999 0.4482499999999999 0.49217656249999997 0.4457578125 0.5035656249999999 0.44290937499999994 0.5110390625 0.440771875 0.5174453125 0.43899218749999996 0.5299015625 0.43899218749999996 0.5366640625 0.4379234375 0.5412906249999999 0.43685625 0.5480515625 0.43293906249999997 0.5523234375 0.42546249999999997 0.5512546875 0.41869687499999997 0.546984375 0.4154921875 0.5380874999999999 0.4137125 0.53168125 0.41584843749999995 0.528834375 0.4162046874999999 0.516734375 0.41656093749999995
1 0.29821562499999993 0.41762968749999996 0.28896249999999996 0.4162046874999999 0.28006406249999993 0.4162046874999999 0.27081093749999996 0.41656093749999995 0.2608468749999999 0.4172734375 0.25550781249999993 0.41940937500000003 0.24767812499999994 0.42118906249999993 0.23629062499999995 0.42617499999999997 0.23771406250000002 0.4325828125 0.24020468749999996 0.43899218749999996 0.24839062500000003 0.4421968749999999 0.25550781249999993 0.441840625 0.26654062500000003 0.44006093749999997 0.2768625 0.43970468749999997 0.28682656249999994 0.43934843749999997 0.29358906249999994 0.43934843749999997 0.30106249999999996 0.44006093749999997 0.30782499999999996 0.4411281249999999 0.3156546875 0.441484375 0.32198593749999993 0.437690625 0.32170468750000003 0.4375687499999999 0.3245515625 0.43222812499999996 0.32526249999999995 0.42581874999999997 0.32028124999999996 0.41905312499999997 0.31245156249999995 0.41905312499999997 0.30462187500000004 0.4179859375 0.29821562499999993 0.41762968749999996
1 0.39288281249999996 0.407659375 0.391103125 0.40125156249999994 0.38825624999999997 0.3951984375 0.3811390624999999 0.3927062499999999 0.37259687499999994 0.39555468749999995 0.3686828124999999 0.402675 0.3683265625 0.41406875 0.3708171874999999 0.41905312499999997 0.3718859375 0.4275984375 0.3718859375 0.43934843749999997 0.37330937500000005 0.44646874999999997 0.37829062499999994 0.45323437499999997 0.3811390624999999 0.4557265625 0.3829171874999999 0.464271875 0.3864765625 0.47032499999999994 0.39217031249999984 0.4735296875 0.3967984375 0.47495312500000003 0.4039156249999999 0.4717484374999999 0.40486562499999984 0.46159843749999996 0.403559375 0.452165625 0.40035624999999997 0.446825 0.3967984375 0.4379234375 0.39288281249999996 0.4275984375 0.391103125 0.4201218749999999 0.3925265624999999 0.41122031249999996 0.39288281249999996 0.407659375
1 0.1644671875 0.40109999999999996 0.16599218749999997 0.3942359374999999 0.16573749999999995 0.391440625 0.16319687500000005 0.3866109375 0.16065625000000003 0.38483124999999985 0.15303437499999994 0.3817812499999999 0.14846093749999992 0.3827984375 0.1443953124999999 0.38610156250000005 0.1433796875 0.38940625 0.14363281249999987 0.3977953125 0.1421078124999999 0.4066921874999999 0.13601093750000004 0.408725 0.1337234374999999 0.41533437500000003 0.1329609375 0.4249937499999999 0.13347031250000002 0.4303328125 0.13575625000000002 0.4364328125 0.1377890624999999 0.4417703125 0.14083749999999995 0.4438046875 0.1443953124999999 0.445075 0.14464999999999992 0.45829374999999994 0.14668124999999993 0.46159843749999996 0.1520171875 0.4654109375 0.1560828125 0.46617343749999995 0.1609109374999999 0.46464843749999996 0.16497656250000003 0.46134374999999994 0.1672624999999999 0.45600625 0.1672624999999999 0.4499046875 0.1672624999999999 0.4432953125 0.16497656250000003 0.44126249999999995 0.15989374999999997 0.43490781249999994 0.1565906249999999 0.4295703125 0.15582968749999998 0.4224515625 0.15735312499999995 0.413809375 0.1593859374999998 0.40719999999999995 0.16294374999999992 0.40313281249999994 0.1644671875 0.40109999999999996