4 0.09231875 0.8270765625000001 0.09231875 0.7825078124999999 0.0465203125 0.7829250000000001 0.0466140625 0.8269374999999999 0.09231875 0.8270765625000001
4 0.08743906250000001 0.29375312499999995 0.08581250000000001 0.2478015625 0.039475 0.24658125 0.04069531250000001 0.29537968749999993 0.08743906250000001 0.29375312499999995
4 0.1439390625 0.541703125 0.14434531250000002 0.49656406249999996 0.09719375000000001 0.49534531249999997 0.0968421875 0.540828125 0.1439390625 0.541703125
4 0.26262812500000005 0.4298734375 0.308965625 0.4298734375 0.308965625 0.38392187499999997 0.26222187500000005 0.3843281250000001 0.26262812500000005 0.4298734375
4 0.308965625 0.698846875 0.3097796875 0.6524890624999999 0.2646609375 0.6524890624999999 0.2643125 0.6991984375 0.308965625 0.698846875
4 0.522634375 0.8223093750000001 0.522634375 0.7789812500000001 0.47715937500000005 0.7789812500000001 0.4782421875 0.8255593750000001 0.522634375 0.8223093750000001
4 0.9589750000000001 0.8298921874999999 0.9600578125 0.78548125 0.9178312500000002 0.7843968750000001 0.9156656249999999 0.832059375 0.9589750000000001 0.8298921874999999
4 0.9698015625000002 0.540675 0.9719671875000001 0.49301249999999996 0.9264937500000001 0.494096875 0.92516875 0.541509375 0.9698015625000002 0.540675
4 0.975215625 0.304534375 0.9762984375000001 0.2557890624999999 0.9329890625000002 0.2557890624999999 0.9319578125 0.30294375000000007 0.975215625 0.304534375
4 0.7911515625000001 0.3576109374999999 0.792234375 0.3142828125 0.7478421875000001 0.3142828125 0.7478421875000001 0.3576109374999999 0.7911515625000001 0.3576109374999999
4 0.7521734375000001 0.5363421875 0.7521734375000001 0.494096875 0.7088640625000001 0.49301249999999996 0.7079390625 0.5376296875 0.7521734375000001 0.5363421875
4 0.521090625 0.5343078124999999 0.5200640625 0.488109375 0.47593906250000007 0.48708281249999996 0.47610312500000007 0.535034375 0.521090625 0.5343078124999999
0 0.29398148148148145 0.29398148148148145 0.28935185185185186 0.28935185185185186 0.2916666666666667 0.2847222222222222 0.2962962962962963 0.2824074074074074 0.2916666666666667 0.2847222222222222 0.28935185185185186 0.28935185185185186 0.2916666666666667 0.2916666666666667
0 0.36574074074074076 0.32407407407407407 0.36574074074074076 0.32175925925925924 0.3680555555555556 0.3263888888888889 0.3680555555555556 0.33796296296296297 0.36574074074074076 0.3402777777777778 0.3611111111111111 0.3402777777777778 0.36574074074074076 0.3402777777777778 0.3680555555555556 0.33796296296296297 0.3680555555555556 0.3287037037037037 0.36574074074074076 0.3263888888888889
0 0.41898148148148145 0.32407407407407407 0.4212962962962963 0.32407407407407407 0.41898148148148145 0.3287037037037037 0.41898148148148145 0.33796296296296297 0.4212962962962963 0.3402777777777778 0.42592592592592593 0.3402777777777778 0.42824074074074076 0.33796296296296297 0.4236111111111111 0.33101851851851855 0.42592592592592593 0.33101851851851855 0.42824074074074076 0.33796296296296297 0.42592592592592593 0.3402777777777778 0.41898148148148145 0.3402777777777778 0.41898148148148145 0.3263888888888889
0 0.4722222222222222 0.3194444444444444 0.4722222222222222 0.31712962962962965 0.47453703703703703 0.32175925925925924 0.4722222222222222 0.3287037037037037 0.4722222222222222 0.32407407407407407 0.47453703703703703 0.32175925925925924
0 0.5370370370370371 0.31712962962962965 0.5370370370370371 0.3287037037037037 0.5393518518518519 0.33101851851851855 0.5439814814814815 0.33101851851851855 0.5462962962962963 0.3287037037037037 0.5439814814814815 0.3263888888888889 0.5439814814814815 0.32175925925925924 0.5462962962962963 0.33101851851851855 0.5370370370370371 0.33101851851851855 0.5347222222222222 0.3287037037037037 0.5370370370370371 0.3263888888888889 0.5370370370370371 0.3194444444444444
0 0.5972222222222222 0.3263888888888889 0.011574074074074073 0.020833333333333332
0 0.6550925925925926 0.31712962962962965 0.6574074074074074 0.3148148148148148 0.6643518518518519 0.3148148148148148 0.6643518518518519 0.3194444444444444 0.6620370370370371 0.3148148148148148 0.6574074074074074 0.3148148148148148
0 0.7245370370370371 0.31712962962962965 0.7245370370370371 0.3125 0.7337962962962963 0.3125 0.7291666666666666 0.33101851851851855 0.7268518518518519 0.33101851851851855 0.7268518518518519 0.32175925925925924 0.7268518518518519 0.3263888888888889 0.7291666666666666 0.3287037037037037 0.7314814814814815 0.3263888888888889 0.7314814814814815 0.31712962962962965 0.7337962962962963 0.3148148148148148 0.7314814814814815 0.3125 0.7268518518518519 0.3125 0.7245370370370371 0.3148148148148148