4 0.90768125 0.8270765625000001 0.9533859375 0.8269374999999999 0.9534796875 0.7829250000000001 0.90768125 0.7825078124999999 0.90768125 0.8270765625000001
4 0.9125609374999999 0.29375312499999995 0.9593046875 0.29537968749999993 0.960525 0.24658125 0.9141874999999999 0.2478015625 0.9125609374999999 0.29375312499999995
4 0.8560609375 0.541703125 0.9031578125 0.540828125 0.9028062499999999 0.49534531249999997 0.8556546875000001 0.49656406249999996 0.8560609375 0.541703125
4 0.737371875 0.4298734375 0.737778125 0.3843281250000001 0.691034375 0.38392187499999997 0.691034375 0.4298734375 0.737371875 0.4298734375
4 0.691034375 0.698846875 0.7356875 0.6991984375 0.7353390625 0.6524890624999999 0.6902203124999999 0.6524890624999999 0.691034375 0.698846875
4 0.47736562499999996 0.8223093750000001 0.5217578125 0.8255593750000001 0.522840625 0.7789812500000001 0.47736562499999996 0.7789812500000001 0.47736562499999996 0.8223093750000001
4 0.04102499999999988 0.8298921874999999 0.08433437500000004 0.832059375 0.08216874999999983 0.7843968750000001 0.039942187499999976 0.78548125 0.04102499999999988 0.8298921874999999
4 0.03019843749999988 0.540675 0.07483125000000007 0.541509375 0.0735062499999999 0.494096875 0.02803281249999993 0.49301249999999996 0.03019843749999988 0.540675
4 0.024784374999999942 0.304534375 0.06804218750000002 0.30294375000000007 0.0670109374999998 0.2557890624999999 0.0237015624999999 0.2557890624999999 0.024784374999999942 0.304534375
4 0.2088484374999999 0.3576109374999999 0.2521578124999999 0.3576109374999999 0.2521578124999999 0.3142828125 0.207765625 0.3142828125 0.2088484374999999 0.3576109374999999
4 0.2478265624999999 0.5363421875 0.2920609375 0.5376296875 0.29113593749999994 0.49301249999999996 0.2478265624999999 0.494096875 0.2478265624999999 0.5363421875
4 0.47890937499999997 0.5343078124999999 0.5238968749999999 0.535034375 0.5240609374999999 0.48708281249999996 0.4799359374999999 0.488109375 0.47890937499999997 0.5343078124999999
1 0.6463203125 0.6385968750000001 0.6463203125 0.633615625 0.6442468750000001 0.6282203125 0.638025 0.6249 0.6301453124999999 0.6273906249999999 0.6239234375 0.6356921874999999 0.6210203124999999 0.646484375 0.619775 0.65395625 0.614384375 0.6630890625 0.6060875 0.674296875 0.6006968749999999 0.679278125 0.5965484375000001 0.6871640625 0.5982078125 0.6971265625 0.6023546875 0.7021078125 0.6124296874999999 0.7029015625 0.6206046875 0.6942218750000001 0.6276562499999999 0.6855046874999999 0.6355375 0.6705609375 0.6400999999999999 0.6605984374999999 0.6425875 0.6522953125 0.6446624999999999 0.6469 0.6463203125 0.6385968750000001
1 0.42193125 0.59999375 0.41736874999999996 0.5987484375 0.41446562499999995 0.597503125 0.40948749999999995 0.599578125 0.4024375 0.6028984374999999 0.3933125 0.609125 0.37920937499999996 0.6203328124999999 0.3667671875 0.6282203125 0.3576421875 0.63403125 0.35224999999999995 0.639428125 0.3514203124999999 0.6456546875 0.35224999999999995 0.6527109375000001 0.36220468749999996 0.6572765625000001 0.3688406249999999 0.6568624999999999 0.37423281249999996 0.6514656249999999 0.3812843749999999 0.64606875 0.3949703124999999 0.6373515625 0.4119265624999999 0.625053125 0.41653906249999995 0.6211640625 0.4231749999999999 0.6170125 0.423590625 0.6157671875 0.4256640625 0.6116156249999999 0.4256640625 0.6074656249999999 0.424834375 0.604559375 0.42193125 0.59999375
5 0.4375 0.6319444444444444 0.4375 0.6412037037037037 0.4351851851851852 0.6458333333333334 0.43287037037037035 0.6458333333333334 0.4375 0.6412037037037037 0.4375 0.6342592592592593
5 0.5787037037037037 0.6875 0.5787037037037037 0.6898148148148148 0.5717592592592593 0.6944444444444444 0.5625 0.6921296296296297 0.5694444444444444 0.6944444444444444 0.5763888888888888 0.6898148148148148