4 0.90768125 0.17292343749999997 0.90768125 0.21749218750000002 0.9534796875 0.217075 0.9533859375 0.1730625 0.90768125 0.17292343749999997
4 0.9125609374999999 0.706246875 0.9141874999999999 0.7521984375 0.960525 0.75341875 0.9593046875 0.7046203125 0.9125609374999999 0.706246875
4 0.8560609375 0.458296875 0.8556546875000001 0.5034359375 0.9028062499999999 0.5046546875 0.9031578125 0.45917187500000006 0.8560609375 0.458296875
4 0.737371875 0.5701265624999999 0.691034375 0.5701265624999999 0.691034375 0.616078125 0.737778125 0.6156718749999999 0.737371875 0.5701265624999999
4 0.691034375 0.301153125 0.6902203124999999 0.3475109375 0.7353390625 0.3475109375 0.7356875 0.3008015625 0.691034375 0.301153125
4 0.47736562499999996 0.177690625 0.47736562499999996 0.22101874999999999 0.522840625 0.22101874999999999 0.5217578125 0.17444062500000002 0.47736562499999996 0.177690625
4 0.04102499999999988 0.1701078125 0.039942187499999976 0.21451875 0.08216874999999983 0.21560312499999998 0.08433437500000004 0.167940625 0.04102499999999988 0.1701078125
4 0.03019843749999988 0.45932500000000004 0.02803281249999993 0.5069875 0.0735062499999999 0.505903125 0.07483125000000007 0.458490625 0.03019843749999988 0.45932500000000004
4 0.024784374999999942 0.695465625 0.0237015624999999 0.7442109375000001 0.0670109374999998 0.7442109375000001 0.06804218750000002 0.6970562499999999 0.024784374999999942 0.695465625
4 0.2088484374999999 0.6423890625 0.207765625 0.6857171875 0.2521578124999999 0.6857171875 0.2521578124999999 0.6423890625 0.2088484374999999 0.6423890625
4 0.2478265624999999 0.46365781250000004 0.2478265624999999 0.505903125 0.29113593749999994 0.5069875 0.2920609375 0.4623703125 0.2478265624999999 0.46365781250000004
4 0.47890937499999997 0.4656921875000001 0.4799359374999999 0.511890625 0.5240609374999999 0.5129171875 0.5238968749999999 0.464965625 0.47890937499999997 0.4656921875000001
5 0.3449074074074074 0.37962962962962965 0.3472222222222222 0.3888888888888889 0.33796296296296297 0.3958333333333333 0.33101851851851855 0.3958333333333333 0.33796296296296297 0.3958333333333333 0.3472222222222222 0.38657407407407407 0.3449074074074074 0.3819444444444444
5 0.2708333333333333 0.39351851851851855 0.2708333333333333 0.39814814814814814 0.2638888888888889 0.4027777777777778 0.25925925925925924 0.4027777777777778 0.25 0.39814814814814814 0.25 0.3958333333333333 0.25462962962962965 0.40046296296296297 0.26157407407407407 0.4027777777777778 0.2708333333333333 0.3958333333333333
0 0.3351296875 0.35135312500000004 0.3341578124999999 0.3530203125 0.32873906249999996 0.3544109375 0.32415468749999987 0.35468750000000004 0.32234843750000003 0.35635625 0.3247109375 0.357884375 0.32748906250000004 0.3577453125 0.331240625 0.35705000000000003 0.33499062499999993 0.35705000000000003 0.337075 0.3574671875 0.3390203125 0.3577453125 0.33957499999999996 0.353159375 0.33804687499999997 0.35163125000000006 0.3351296875 0.35135312500000004
0 0.24165937499999993 0.3470453125000001 0.23957656249999998 0.348434375 0.23679843749999996 0.3491296875 0.23610312499999989 0.350796875 0.2374921874999999 0.3548265625 0.24027031249999992 0.3553828125 0.24263281249999993 0.35413281250000006 0.24374999999999988 0.353125 0.24402187499999994 0.3498234375 0.247634375 0.347321875 0.25152343749999995 0.34565468750000006 0.251940625 0.34190312500000003 0.24818906249999997 0.34259687499999997 0.2461062499999999 0.34454375000000004 0.24165937499999993 0.3470453125000001