4 0.90768125 0.8270765625000001 0.9533859375 0.8269374999999999 0.9534796875 0.7829250000000001 0.90768125 0.7825078124999999 0.90768125 0.8270765625000001
4 0.9125609374999999 0.29375312499999995 0.9593046875 0.29537968749999993 0.960525 0.24658125 0.9141874999999999 0.2478015625 0.9125609374999999 0.29375312499999995
4 0.8560609375 0.541703125 0.9031578125 0.540828125 0.9028062499999999 0.49534531249999997 0.8556546875000001 0.49656406249999996 0.8560609375 0.541703125
4 0.737371875 0.4298734375 0.737778125 0.3843281250000001 0.691034375 0.38392187499999997 0.691034375 0.4298734375 0.737371875 0.4298734375
4 0.691034375 0.698846875 0.7356875 0.6991984375 0.7353390625 0.6524890624999999 0.6902203124999999 0.6524890624999999 0.691034375 0.698846875
4 0.47736562499999996 0.8223093750000001 0.5217578125 0.8255593750000001 0.522840625 0.7789812500000001 0.47736562499999996 0.7789812500000001 0.47736562499999996 0.8223093750000001
4 0.04102499999999988 0.8298921874999999 0.08433437500000004 0.832059375 0.08216874999999983 0.7843968750000001 0.039942187499999976 0.78548125 0.04102499999999988 0.8298921874999999
4 0.03019843749999988 0.540675 0.07483125000000007 0.541509375 0.0735062499999999 0.494096875 0.02803281249999993 0.49301249999999996 0.03019843749999988 0.540675
4 0.024784374999999942 0.304534375 0.06804218750000002 0.30294375000000007 0.0670109374999998 0.2557890624999999 0.0237015624999999 0.2557890624999999 0.024784374999999942 0.304534375
4 0.2088484374999999 0.3576109374999999 0.2521578124999999 0.3576109374999999 0.2521578124999999 0.3142828125 0.207765625 0.3142828125 0.2088484374999999 0.3576109374999999
4 0.2478265624999999 0.5363421875 0.2920609375 0.5376296875 0.29113593749999994 0.49301249999999996 0.2478265624999999 0.494096875 0.2478265624999999 0.5363421875
4 0.47890937499999997 0.5343078124999999 0.5238968749999999 0.535034375 0.5240609374999999 0.48708281249999996 0.4799359374999999 0.488109375 0.47890937499999997 0.5343078124999999
5 0.7638888888888888 0.26851851851851855 0.7754629629629629 0.2662037037037037 0.7847222222222222 0.27314814814814814 0.7847222222222222 0.2847222222222222 0.7824074074074074 0.2847222222222222 0.7800925925925926 0.28935185185185186 0.7662037037037037 0.28935185185185186 0.7592592592592593 0.2800925925925926 0.7592592592592593 0.27314814814814814 0.7638888888888888 0.2708333333333333
5 0.7407407407407407 0.1875 0.7453703703703703 0.19212962962962962 0.7453703703703703 0.2013888888888889 0.7407407407407407 0.20833333333333334 0.7337962962962963 0.20833333333333334 0.7314814814814815 0.21064814814814814 0.7291666666666666 0.20833333333333334 0.7245370370370371 0.20833333333333334 0.7199074074074074 0.19907407407407407 0.7199074074074074 0.19444444444444445 0.7222222222222222 0.18981481481481483 0.7291666666666666 0.18518518518518517 0.7361111111111112 0.18518518518518517 0.7384259259259259 0.1875
5 0.6296296296296297 0.2916666666666667 0.6412037037037037 0.28935185185185186 0.6504629629629629 0.2962962962962963 0.6504629629629629 0.30324074074074076 0.6458333333333334 0.3125 0.6342592592592593 0.3148148148148148 0.6273148148148148 0.3055555555555556 0.6296296296296297 0.29398148148148145
5 0.8657407407407407 0.5810185185185185 0.8657407407407407 0.5833333333333334 0.8726851851851852 0.5879629629629629 0.8726851851851852 0.5972222222222222 0.8657407407407407 0.6018518518518519 0.8541666666666666 0.6018518518518519 0.8541666666666666 0.5995370370370371 0.8495370370370371 0.5972222222222222 0.8495370370370371 0.5833333333333334 0.8587962962962963 0.5787037037037037 0.8634259259259259 0.5810185185185185
5 0.6712962962962963 0.5856481481481481 0.6759259259259259 0.5833333333333334 0.6851851851851852 0.5833333333333334 0.6898148148148148 0.5856481481481481 0.6921296296296297 0.5902777777777778 0.6921296296296297 0.5972222222222222 0.6851851851851852 0.6064814814814815 0.6736111111111112 0.6064814814814815 0.6666666666666666 0.5972222222222222 0.6712962962962963 0.5879629629629629
5 0.37962962962962965 0.46064814814814814 0.3819444444444444 0.46296296296296297 0.3819444444444444 0.47453703703703703 0.3773148148148148 0.4791666666666667 0.3680555555555556 0.4791666666666667 0.36342592592592593 0.47685185185185186 0.3587962962962963 0.4699074074074074 0.3587962962962963 0.4652777777777778 0.36342592592592593 0.46064814814814814 0.3680555555555556 0.4583333333333333 0.375 0.4583333333333333 0.3773148148148148 0.46064814814814814
5 0.5 0.6018518518518519 0.49537037037037035 0.5902777777777778 0.5023148148148148 0.5810185185185185 0.5138888888888888 0.5810185185185185 0.5185185185185185 0.5879629629629629 0.5162037037037037 0.6018518518518519 0.5023148148148148 0.6018518518518519
5 0.5833333333333334 0.6851851851851852 0.02546296296296296 0.02546296296296296
5 0.2777777777777778 0.6620370370370371 0.02546296296296296 0.023148148148148147
5 0.07407407407407407 0.5949074074074074 0.0763888888888889 0.5972222222222222 0.0763888888888889 0.6087962962962963 0.06712962962962964 0.6157407407407407 0.06018518518518518 0.6157407407407407 0.05555555555555555 0.6111111111111112 0.05555555555555555 0.5972222222222222 0.06481481481481481 0.5925925925925926 0.06712962962962964 0.5949074074074074 0.07175925925925926 0.5949074074074074
5 0.6087962962962963 0.5254629629629629 0.6087962962962963 0.5231481481481481 0.6041666666666666 0.5208333333333334 0.6041666666666666 0.5069444444444444 0.6134259259259259 0.5 0.6157407407407407 0.5023148148148148 0.6203703703703703 0.5023148148148148 0.6273148148148148 0.5092592592592593 0.6273148148148148 0.5162037037037037 0.6203703703703703 0.5254629629629629 0.6111111111111112 0.5254629629629629
5 0.4513888888888889 0.42592592592592593 0.4513888888888889 0.4212962962962963 0.44675925925925924 0.4166666666666667 0.44907407407407407 0.4074074074074074 0.46296296296296297 0.4074074074074074 0.4652777777777778 0.41203703703703703 0.4652777777777778 0.4212962962962963 0.46064814814814814 0.42592592592592593 0.4537037037037037 0.42592592592592593