4 0.90768125 0.8270765625000001 0.9533859375 0.8269374999999999 0.9534796875 0.7829250000000001 0.90768125 0.7825078124999999 0.90768125 0.8270765625000001
4 0.9125609374999999 0.29375312499999995 0.9593046875 0.29537968749999993 0.960525 0.24658125 0.9141874999999999 0.2478015625 0.9125609374999999 0.29375312499999995
4 0.8560609375 0.541703125 0.9031578125 0.540828125 0.9028062499999999 0.49534531249999997 0.8556546875000001 0.49656406249999996 0.8560609375 0.541703125
4 0.737371875 0.4298734375 0.737778125 0.3843281250000001 0.691034375 0.38392187499999997 0.691034375 0.4298734375 0.737371875 0.4298734375
4 0.691034375 0.698846875 0.7356875 0.6991984375 0.7353390625 0.6524890624999999 0.6902203124999999 0.6524890624999999 0.691034375 0.698846875
4 0.47736562499999996 0.8223093750000001 0.5217578125 0.8255593750000001 0.522840625 0.7789812500000001 0.47736562499999996 0.7789812500000001 0.47736562499999996 0.8223093750000001
4 0.04102499999999988 0.8298921874999999 0.08433437500000004 0.832059375 0.08216874999999983 0.7843968750000001 0.039942187499999976 0.78548125 0.04102499999999988 0.8298921874999999
4 0.03019843749999988 0.540675 0.07483125000000007 0.541509375 0.0735062499999999 0.494096875 0.02803281249999993 0.49301249999999996 0.03019843749999988 0.540675
4 0.024784374999999942 0.304534375 0.06804218750000002 0.30294375000000007 0.0670109374999998 0.2557890624999999 0.0237015624999999 0.2557890624999999 0.024784374999999942 0.304534375
4 0.2088484374999999 0.3576109374999999 0.2521578124999999 0.3576109374999999 0.2521578124999999 0.3142828125 0.207765625 0.3142828125 0.2088484374999999 0.3576109374999999
4 0.2478265624999999 0.5363421875 0.2920609375 0.5376296875 0.29113593749999994 0.49301249999999996 0.2478265624999999 0.494096875 0.2478265624999999 0.5363421875
4 0.47890937499999997 0.5343078124999999 0.5238968749999999 0.535034375 0.5240609374999999 0.48708281249999996 0.4799359374999999 0.488109375 0.47890937499999997 0.5343078124999999
3 0.4194609374999999 0.6260734375 0.4127390625 0.6287640625 0.4125 0.6359375 0.4127390625 0.6444609375 0.41296249999999995 0.6588109375 0.4169953125 0.663071875 0.419909375 0.6736109374999999 0.42035625 0.6801125 0.4333515625 0.679440625 0.455084375 0.675628125 0.48734687499999996 0.67136875 0.49899843749999995 0.66935 0.497878125 0.6585875 0.4983265624999999 0.643115625 0.494965625 0.6336968749999999 0.4925 0.6182249999999999 0.48891562499999996 0.6182249999999999 0.4194609374999999 0.6260734375
1 0.3759249999999999 0.614115625 0.36837499999999995 0.60781875 0.36113906249999994 0.60781875 0.35642031249999995 0.6103375 0.3161546875 0.6528406250000001 0.3101765624999999 0.6581921875 0.30923281249999995 0.665434375 0.3136375 0.6720453125 0.3224453125 0.674878125 0.33062499999999995 0.6714156250000001 0.3388046874999999 0.6632296875 0.35201718749999994 0.647803125 0.3677453125 0.6311156249999998 0.3746671875 0.62135625 0.3759249999999999 0.614115625
1 0.22945781249999994 0.55756875 0.2332328125 0.5471796875 0.23291874999999987 0.5383640625 0.22757031249999993 0.5330109375000001 0.2209640624999999 0.53238125 0.21341406249999992 0.533640625 0.21026874999999998 0.5399375 0.209325 0.5481234375 0.20680781250000002 0.5544203125 0.20145937499999994 0.55410625 0.19611093749999983 0.5591437499999999 0.19013437500000005 0.5689031250000001 0.1885609374999999 0.577403125 0.19013437500000005 0.5859046875 0.19296562500000003 0.5912562499999999 0.19107812499999988 0.5981828124999999 0.19233593749999991 0.6092015625 0.20208906249999992 0.61486875 0.2115265624999999 0.6107765624999999 0.2143578125 0.6054234374999999 0.21498749999999997 0.5981828124999999 0.2190765625 0.5881078125 0.22190781249999997 0.572365625 0.22945781249999994 0.55756875
3 0.19602343749999995 0.71218125 0.19838906249999996 0.7240187499999999 0.19697031250000005 0.7311203125 0.1955515625 0.7372749999999999 0.20075468749999997 0.73916875 0.277496875 0.7298078124999999 0.28070624999999993 0.7273328124999999 0.2788140624999999 0.7093406250000001 0.2788140624999999 0.7008187499999999 0.2755031249999999 0.6993984375000001 0.21258125000000003 0.7088671875 0.20075468749999997 0.7107609375 0.19602343749999995 0.71218125