4 0.90768125 0.17292343749999997 0.90768125 0.21749218750000002 0.9534796875 0.217075 0.9533859375 0.1730625 0.90768125 0.17292343749999997
4 0.9125609374999999 0.706246875 0.9141874999999999 0.7521984375 0.960525 0.75341875 0.9593046875 0.7046203125 0.9125609374999999 0.706246875
4 0.8560609375 0.458296875 0.8556546875000001 0.5034359375 0.9028062499999999 0.5046546875 0.9031578125 0.45917187500000006 0.8560609375 0.458296875
4 0.737371875 0.5701265624999999 0.691034375 0.5701265624999999 0.691034375 0.616078125 0.737778125 0.6156718749999999 0.737371875 0.5701265624999999
4 0.691034375 0.301153125 0.6902203124999999 0.3475109375 0.7353390625 0.3475109375 0.7356875 0.3008015625 0.691034375 0.301153125
4 0.47736562499999996 0.177690625 0.47736562499999996 0.22101874999999999 0.522840625 0.22101874999999999 0.5217578125 0.17444062500000002 0.47736562499999996 0.177690625
4 0.04102499999999988 0.1701078125 0.039942187499999976 0.21451875 0.08216874999999983 0.21560312499999998 0.08433437500000004 0.167940625 0.04102499999999988 0.1701078125
4 0.03019843749999988 0.45932500000000004 0.02803281249999993 0.5069875 0.0735062499999999 0.505903125 0.07483125000000007 0.458490625 0.03019843749999988 0.45932500000000004
4 0.024784374999999942 0.695465625 0.0237015624999999 0.7442109375000001 0.0670109374999998 0.7442109375000001 0.06804218750000002 0.6970562499999999 0.024784374999999942 0.695465625
4 0.2088484374999999 0.6423890625 0.207765625 0.6857171875 0.2521578124999999 0.6857171875 0.2521578124999999 0.6423890625 0.2088484374999999 0.6423890625
4 0.2478265624999999 0.46365781250000004 0.2478265624999999 0.505903125 0.29113593749999994 0.5069875 0.2920609375 0.4623703125 0.2478265624999999 0.46365781250000004
4 0.47890937499999997 0.4656921875000001 0.4799359374999999 0.511890625 0.5240609374999999 0.5129171875 0.5238968749999999 0.464965625 0.47890937499999997 0.4656921875000001
1 0.6226851851851852 0.39351851851851855 0.6180555555555556 0.39814814814814814 0.6018518518518519 0.39814814814814814 0.5972222222222222 0.3958333333333333 0.6018518518518519 0.3958333333333333 0.6041666666666666 0.39814814814814814 0.6157407407407407 0.39814814814814814 0.6203703703703703 0.3958333333333333
1 0.41203703703703703 0.4375 0.4166666666666667 0.4375 0.4074074074074074 0.44212962962962965 0.4050925925925926 0.44675925925925924 0.4027777777777778 0.44675925925925924 0.38657407407407407 0.46296296296296297 0.38657407407407407 0.4652777777777778 0.3773148148148148 0.4699074074074074 0.3726851851851852 0.4675925925925926 0.375 0.4699074074074074 0.3819444444444444 0.4675925925925926 0.39351851851851855 0.45601851851851855 0.39351851851851855 0.4537037037037037 0.39814814814814814 0.4513888888888889 0.39814814814814814 0.44907407407407407 0.41203703703703703 0.4398148148148148
2 0.5259390625 0.45921562500000007 0.5080546874999999 0.436028125 0.495859375 0.42280625 0.48874531250000003 0.4146703125000001 0.48589999999999994 0.41141562500000006 0.48203906249999995 0.41080625 0.4826484374999999 0.4148734375 0.4844781249999999 0.4187390625 0.49098125 0.4264671875 0.5200453125 0.46389375000000005 0.5269546875 0.47284375000000006 0.5328499999999999 0.47915 0.5375234375 0.4856578125 0.539353125 0.48687812500000005 0.539353125 0.4897265625 0.5415890625 0.49074375000000003 0.543825 0.48931875 0.54585625 0.4878953125 0.5470765625 0.4856578125 0.5480921875 0.48382812500000005 0.5478890625 0.48159062500000005 0.5466703125 0.48057343750000003 0.5424015624999999 0.48016562500000004 0.5417921875 0.47853906249999995 0.539759375 0.47569062500000003 0.5342718750000001 0.47020000000000006 0.5259390625 0.45921562500000007
2 0.5043624999999999 0.3302843750000001 0.485384375 0.32993750000000005 0.45506718749999997 0.3286625 0.4452312499999999 0.32843124999999995 0.43828906249999994 0.3282 0.4349328125 0.32762031249999995 0.43296562499999997 0.3269265625 0.4311140625 0.32588437500000006 0.42856874999999994 0.326 0.4278749999999999 0.32762031249999995 0.4275265625 0.3302843750000001 0.4283375 0.3326 0.4306515625 0.3329484375 0.43308125000000003 0.3334109375 0.4364374999999999 0.3326 0.44002499999999994 0.332715625 0.4452312499999999 0.33283281249999996 0.4566874999999999 0.3329484375 0.47497031249999994 0.33352656250000007 0.493253125 0.33387500000000003 0.5038999999999999 0.33387500000000003 0.520678125 0.334453125 0.525190625 0.33491718750000005 0.5290093749999999 0.3334109375 0.5255375 0.33074687500000005 0.52033125 0.33086406249999994 0.5043624999999999 0.3302843750000001