4 0.09231875 0.21749218750000002 0.09231875 0.17292343749999997 0.0466140625 0.1730625 0.0465203125 0.217075 0.09231875 0.21749218750000002
4 0.08581250000000001 0.7521984375 0.08743906250000001 0.706246875 0.04069531250000001 0.7046203125 0.039475 0.75341875 0.08581250000000001 0.7521984375
4 0.14434531250000002 0.5034359375 0.1439390625 0.458296875 0.0968421875 0.45917187500000006 0.09719375000000001 0.5046546875 0.14434531250000002 0.5034359375
4 0.308965625 0.5701265624999999 0.26262812500000005 0.5701265624999999 0.26222187500000005 0.6156718749999999 0.308965625 0.616078125 0.308965625 0.5701265624999999
4 0.3097796875 0.3475109375 0.308965625 0.301153125 0.2643125 0.3008015625 0.2646609375 0.3475109375 0.3097796875 0.3475109375
4 0.522634375 0.22101874999999999 0.522634375 0.177690625 0.4782421875 0.17444062500000002 0.47715937500000005 0.22101874999999999 0.522634375 0.22101874999999999
4 0.9600578125 0.21451875 0.9589750000000001 0.1701078125 0.9156656249999999 0.167940625 0.9178312500000002 0.21560312499999998 0.9600578125 0.21451875
4 0.9719671875000001 0.5069875 0.9698015625000002 0.45932500000000004 0.92516875 0.458490625 0.9264937500000001 0.505903125 0.9719671875000001 0.5069875
4 0.9762984375000001 0.7442109375000001 0.975215625 0.695465625 0.9319578125 0.6970562499999999 0.9329890625000002 0.7442109375000001 0.9762984375000001 0.7442109375000001
4 0.792234375 0.6857171875 0.7911515625000001 0.6423890625 0.7478421875000001 0.6423890625 0.7478421875000001 0.6857171875 0.792234375 0.6857171875
4 0.7521734375000001 0.505903125 0.7521734375000001 0.46365781250000004 0.7079390625 0.4623703125 0.7088640625000001 0.5069875 0.7521734375000001 0.505903125
4 0.5200640625 0.511890625 0.521090625 0.4656921875000001 0.47610312500000007 0.464965625 0.47593906250000007 0.5129171875 0.5200640625 0.511890625
5 0.46064814814814814 0.5879629629629629 0.4652777777777778 0.5995370370370371 0.46064814814814814 0.6087962962962963 0.45601851851851855 0.6087962962962963 0.4537037037037037 0.6111111111111112 0.4444444444444444 0.6087962962962963 0.4398148148148148 0.6041666666666666 0.4375 0.5972222222222222 0.4398148148148148 0.5925925925925926 0.44907407407407407 0.5856481481481481 0.45601851851851855 0.5856481481481481 0.4583333333333333 0.5879629629629629
5 0.5949074074074074 0.5879629629629629 0.5995370370370371 0.5925925925925926 0.5995370370370371 0.6041666666666666 0.5972222222222222 0.6041666666666666 0.5949074074074074 0.6087962962962963 0.5833333333333334 0.6087962962962963 0.5787037037037037 0.6018518518518519 0.5787037037037037 0.5925925925925926 0.5879629629629629 0.5856481481481481 0.5925925925925926 0.5879629629629629
5 0.35338437500000003 0.4859375 0.364321875 0.4859375 0.367446875 0.484375 0.370571875 0.478125 0.370571875 0.4703125 0.365884375 0.46406250000000004 0.36180312500000006 0.46377656250000004 0.35582187500000007 0.46429687500000005 0.34698125 0.46741875 0.34646093750000007 0.47496406250000006 0.347134375 0.47968750000000004 0.35338437500000003 0.4859375
5 0.2800925925925926 0.4351851851851852 0.2847222222222222 0.4375 0.28703703703703703 0.44212962962962965 0.28703703703703703 0.4513888888888889 0.2847222222222222 0.45601851851851855 0.2800925925925926 0.4583333333333333 0.26851851851851855 0.45601851851851855 0.2638888888888889 0.44907407407407407 0.2662037037037037 0.44212962962962965 0.2708333333333333 0.4375 0.2777777777777778 0.4351851851851852
5 0.3958333333333333 0.30324074074074076 0.4097222222222222 0.30324074074074076 0.41435185185185186 0.30787037037037035 0.41435185185185186 0.31712962962962965 0.41203703703703703 0.32175925925925924 0.4074074074074074 0.3263888888888889 0.39814814814814814 0.3263888888888889 0.3912037037037037 0.31712962962962965 0.3912037037037037 0.3101851851851852 0.3958333333333333 0.3055555555555556
5 0.6550925925925926 0.41435185185185186 0.6689814814814815 0.41435185185185186 0.6736111111111112 0.4212962962962963 0.6712962962962963 0.4305555555555556 0.6643518518518519 0.4351851851851852 0.6597222222222222 0.4351851851851852 0.6504629629629629 0.42824074074074076 0.6504629629629629 0.41898148148148145 0.6550925925925926 0.4166666666666667
5 0.8148148148148148 0.3912037037037037 0.8171296296296297 0.39351851851851855 0.8171296296296297 0.4050925925925926 0.8101851851851852 0.4097222222222222 0.8009259259259259 0.4097222222222222 0.7962962962962963 0.4074074074074074 0.7939814814814815 0.4027777777777778 0.7939814814814815 0.39351851851851855 0.8032407407407407 0.3888888888888889 0.8101851851851852 0.3888888888888889 0.8125 0.3912037037037037
5 0.7175925925925926 0.25 0.7314814814814815 0.25 0.7361111111111112 0.2569444444444444 0.7337962962962963 0.2708333333333333 0.7314814814814815 0.27314814814814814 0.7222222222222222 0.27314814814814814 0.7129629629629629 0.2638888888888889 0.7129629629629629 0.2569444444444444 0.7175925925925926 0.2523148148148148
5 0.7037037037037037 0.5694444444444444 0.7199074074074074 0.5694444444444444 0.7245370370370371 0.5787037037037037 0.7245370370370371 0.5833333333333334 0.7199074074074074 0.5902777777777778 0.7060185185185185 0.5902777777777778 0.7013888888888888 0.5833333333333334 0.7013888888888888 0.5740740740740741 0.7037037037037037 0.5717592592592593
5 0.7546296296296297 0.5046296296296297 0.7615740740740741 0.49537037037037035 0.7731481481481481 0.49537037037037035 0.7777777777777778 0.5 0.7777777777777778 0.5138888888888888 0.7708333333333334 0.5185185185185185 0.7638888888888888 0.5185185185185185 0.7569444444444444 0.5138888888888888 0.7569444444444444 0.5069444444444444