4 0.90768125 0.8270765625000001 0.9533859375 0.8269374999999999 0.9534796875 0.7829250000000001 0.90768125 0.7825078124999999 0.90768125 0.8270765625000001
4 0.9125609374999999 0.29375312499999995 0.9593046875 0.29537968749999993 0.960525 0.24658125 0.9141874999999999 0.2478015625 0.9125609374999999 0.29375312499999995
4 0.8560609375 0.541703125 0.9031578125 0.540828125 0.9028062499999999 0.49534531249999997 0.8556546875000001 0.49656406249999996 0.8560609375 0.541703125
4 0.737371875 0.4298734375 0.737778125 0.3843281250000001 0.691034375 0.38392187499999997 0.691034375 0.4298734375 0.737371875 0.4298734375
4 0.691034375 0.698846875 0.7356875 0.6991984375 0.7353390625 0.6524890624999999 0.6902203124999999 0.6524890624999999 0.691034375 0.698846875
4 0.47736562499999996 0.8223093750000001 0.5217578125 0.8255593750000001 0.522840625 0.7789812500000001 0.47736562499999996 0.7789812500000001 0.47736562499999996 0.8223093750000001
4 0.04102499999999988 0.8298921874999999 0.08433437500000004 0.832059375 0.08216874999999983 0.7843968750000001 0.039942187499999976 0.78548125 0.04102499999999988 0.8298921874999999
4 0.03019843749999988 0.540675 0.07483125000000007 0.541509375 0.0735062499999999 0.494096875 0.02803281249999993 0.49301249999999996 0.03019843749999988 0.540675
4 0.024784374999999942 0.304534375 0.06804218750000002 0.30294375000000007 0.0670109374999998 0.2557890624999999 0.0237015624999999 0.2557890624999999 0.024784374999999942 0.304534375
4 0.2088484374999999 0.3576109374999999 0.2521578124999999 0.3576109374999999 0.2521578124999999 0.3142828125 0.207765625 0.3142828125 0.2088484374999999 0.3576109374999999
4 0.2478265624999999 0.5363421875 0.2920609375 0.5376296875 0.29113593749999994 0.49301249999999996 0.2478265624999999 0.494096875 0.2478265624999999 0.5363421875
4 0.47890937499999997 0.5343078124999999 0.5238968749999999 0.535034375 0.5240609374999999 0.48708281249999996 0.4799359374999999 0.488109375 0.47890937499999997 0.5343078124999999
3 0.46001406249999993 0.635728125 0.4571171875 0.6280984375 0.4505734375 0.6293453124999999 0.43869374999999994 0.6350828125 0.3941140625 0.6538343750000001 0.38358124999999993 0.6580359375 0.38513906249999996 0.6639609375 0.38797656249999996 0.67096875 0.3908843749999999 0.6777578125 0.3895015625 0.6845421875 0.3928234374999999 0.6855171874999999 0.39540624999999996 0.6913359375 0.3992828124999999 0.700065625 0.403159375 0.705884375 0.4406328124999999 0.6890734375 0.4735015625 0.67596875 0.473259375 0.6719390625 0.46970625000000005 0.6619156249999999 0.4674453125 0.6580359375 0.47002968749999996 0.6525406250000001 0.4677671874999999 0.6502765625 0.46389062499999995 0.6480140624999999 0.46001406249999993 0.635728125
3 0.32819375 0.704859375 0.3278828125 0.6937890625 0.3275703124999999 0.6872406249999999 0.3190015625 0.6866171875 0.26852343749999996 0.68599375 0.24873593749999992 0.6855249999999999 0.24624374999999998 0.6866171875 0.24499687499999995 0.699246875 0.24499687499999995 0.7050156249999999 0.24343906249999991 0.7092265625 0.24437499999999984 0.71234375 0.24593281249999988 0.7157749999999999 0.24671093749999995 0.73666875 0.328271875 0.7390390625 0.32819375 0.7326140625 0.32772656250000004 0.72481875 0.3272593750000001 0.7181140625 0.32881718749999994 0.7153062499999999 0.3300640625 0.7121890624999999 0.32881718749999994 0.7073546875 0.32819375 0.704859375
1 0.32686874999999993 0.5720390624999999 0.32969375000000006 0.565503125 0.334459375 0.556846875 0.33745937499999995 0.5480140625 0.3376359375 0.5423609374999999 0.3348124999999999 0.536884375 0.33004687499999996 0.5345875 0.322103125 0.5345875 0.317865625 0.5379437499999999 0.31557187499999995 0.5423609374999999 0.3141593749999999 0.5501328125 0.30603906249999996 0.5563171875 0.30092031249999995 0.5672703124999999 0.2965078124999999 0.5755718750000001 0.29297656249999987 0.5851125 0.29332968749999994 0.5886453125000001 0.2931531249999999 0.5937687500000001 0.29085937499999986 0.599421875 0.28962343749999997 0.6045453125 0.2920937499999999 0.6105515625 0.2986249999999999 0.614084375 0.30815781249999996 0.6135546875000001 0.31062968750000003 0.6116109375 0.31309999999999993 0.6075484375 0.3150421875 0.5995984375 0.31821875000000005 0.593415625 0.32069062499999995 0.5845828125 0.3245734374999999 0.5778687499999999 0.32686874999999993 0.5720390624999999
1 0.1700015625 0.5775921875 0.16562499999999988 0.5745265625 0.1601546875 0.5738703125 0.15402968749999982 0.5712421875 0.15402968749999982 0.5659875 0.15709218749999992 0.5589796875 0.15993593750000004 0.5552578125 0.16824999999999993 0.5519734375 0.1783156249999999 0.5532859375 0.18684843749999988 0.5530671875 0.19166093750000002 0.5493453125 0.19297500000000004 0.54168125 0.19406874999999982 0.5331406249999999 0.19275624999999993 0.5246015625 0.1879421874999999 0.52263125 0.18509843749999993 0.5276671875 0.18356562499999995 0.5342359375 0.182690625 0.5414625 0.179190625 0.5436515625 0.17547031250000003 0.5425578125 0.1700015625 0.54168125 0.16365625 0.5408046875 0.15534218749999998 0.5429953125 0.14855937499999994 0.547375 0.1430890624999999 0.5532859375 0.1409015624999999 0.5596375 0.1417765624999999 0.5679578125 0.14440156250000005 0.5732124999999999 0.15096562500000002 0.5786875 0.15862343749999988 0.582409375 0.16562499999999988 0.5839421875 0.1678124999999999 0.5863515625 0.16759374999999993 0.59116875 0.16584374999999998 0.5972999999999999 0.16453124999999982 0.60343125 0.16693750000000004 0.607153125 0.1713140624999999 0.6089046875 0.17437656249999997 0.6073718749999999 0.17547031250000003 0.60343125 0.1774406249999999 0.5968625000000001 0.17787812499999997 0.5902921875 0.17547031250000003 0.5828484375 0.1700015625 0.5775921875