3 0.46193750000000006 0.6357875 0.46866875 0.634825 0.47155468750000007 0.6284125 0.488221875 0.6197531249999999 0.45071875 0.5498453125 0.4314875 0.5601078125 0.4250765625 0.561390625 0.42283281250000004 0.5671625 0.405203125 0.573896875 0.4447109375 0.6465046875 0.46193750000000006 0.6357875
2 0.2296953125 0.5938765625 0.23143906250000001 0.5938765625 0.23213750000000002 0.5937031249999999 0.23283437500000004 0.593353125 0.23405625000000002 0.5930046875 0.23615 0.5923062499999999 0.32389687500000003 0.5996359375 0.32651406250000004 0.5992875 0.32790937500000006 0.597890625 0.3272109375 0.595796875 0.32686250000000006 0.594575 0.32476875000000005 0.5942265624999999 0.23405625000000002 0.5870703125 0.23405625000000002 0.5865468749999999 0.23405625000000002 0.5854999999999999 0.23422968750000003 0.584278125 0.23388125 0.5827078124999999 0.23196250000000002 0.5834046875 0.229171875 0.5849765625 0.2276015625 0.5868953124999999 0.22707812500000005 0.5881171875 0.2267296875 0.5900375 0.22707812500000005 0.59248125 0.22777500000000003 0.594575 0.2296953125 0.5938765625
0 0.11437343750000001 0.5922875 0.11525625 0.5890468750000001 0.11525625 0.586690625 0.11525625 0.5819765625 0.11525625 0.5807984374999999 0.11437343750000001 0.5766749999999999 0.11643437500000002 0.575790625 0.1167296875 0.573728125 0.11319531249999999 0.573728125 0.11113437500000002 0.5743171874999999 0.1076015625 0.575496875 0.1049515625 0.5766749999999999 0.1049515625 0.578146875 0.106128125 0.579915625 0.10730625 0.579915625 0.10907343750000001 0.579915625 0.10936718750000002 0.582271875 0.11025156250000002 0.5852171875 0.11235156250000002 0.593096875 0.11437343750000001 0.5922875
5 0.08796296296296297 0.7060185185185185 0.09259259259259259 0.7013888888888888 0.10416666666666667 0.7013888888888888 0.1087962962962963 0.7083333333333334 0.10648148148148148 0.7083333333333334 0.10185185185185185 0.7013888888888888 0.09027777777777778 0.7037037037037037
5 0.6319444444444444 0.6111111111111112 0.6412037037037037 0.6018518518518519 0.6527777777777778 0.6018518518518519 0.6574074074074074 0.6064814814814815 0.6574074074074074 0.6087962962962963 0.6527777777777778 0.6018518518518519 0.6412037037037037 0.6018518518518519 0.6319444444444444 0.6134259259259259 0.6365740740740741 0.625 0.6412037037037037 0.6273148148148148 0.6527777777777778 0.625 0.6481481481481481 0.6273148148148148 0.6365740740740741 0.625 0.6319444444444444 0.6134259259259259
5 0.8657407407407407 0.7106481481481481 0.8703703703703703 0.7152777777777778 0.8796296296296297 0.7152777777777778 0.8842592592592593 0.7129629629629629 0.8796296296296297 0.7152777777777778 0.8703703703703703 0.7152777777777778 0.8657407407407407 0.7129629629629629
5 0.8888888888888888 0.4074074074074074 0.8912037037037037 0.4097222222222222 0.8912037037037037 0.4236111111111111 0.8888888888888888 0.42824074074074076 0.8865740740740741 0.42824074074074076 0.8912037037037037 0.4236111111111111 0.8912037037037037 0.4097222222222222
5 0.33796296296296297 0.4074074074074074 0.34953703703703703 0.4050925925925926 0.3425925925925926 0.4050925925925926 0.33564814814814814 0.41203703703703703 0.33564814814814814 0.4236111111111111 0.33564814814814814 0.41203703703703703 0.33796296296296297 0.4097222222222222
0 0.5 0.6921296296296297 0.5023148148148148 0.6921296296296297 0.4976851851851852 0.6944444444444444 0.49537037037037035 0.6944444444444444 0.49537037037037035 0.6921296296296297 0.5046296296296297 0.6805555555555556 0.5023148148148148 0.6759259259259259 0.5069444444444444 0.6759259259259259 0.5138888888888888 0.6805555555555556 0.5138888888888888 0.6828703703703703 0.5069444444444444 0.6875 0.5115740740740741 0.6828703703703703 0.5115740740740741 0.6805555555555556 0.5069444444444444 0.6782407407407407 0.5023148148148148 0.6851851851851852 0.4976851851851852 0.6875 0.4976851851851852 0.6898148148148148
0 0.31712962962962965 0.2986111111111111 0.3101851851851852 0.3101851851851852 0.31712962962962965 0.3148148148148148 0.32175925925925924 0.30324074074074076 0.3194444444444444 0.3148148148148148 0.3148148148148148 0.3148148148148148 0.30787037037037035 0.3101851851851852 0.3148148148148148 0.30092592592592593
0 0.8935185185185185 0.30092592592592593 0.8935185185185185 0.2986111111111111 0.8981481481481481 0.30092592592592593 0.8981481481481481 0.3055555555555556 0.8958333333333334 0.30092592592592593 0.8935185185185185 0.30324074074074076 0.8935185185185185 0.3101851851851852 0.8935185185185185 0.30324074074074076
0 0.8518518518518519 0.7268518518518519 0.8564814814814815 0.7222222222222222 0.8634259259259259 0.7245370370370371 0.8611111111111112 0.7268518518518519 0.8587962962962963 0.7222222222222222 0.8541666666666666 0.7245370370370371
2 0.7777777777777778 0.7685185185185185 0.7962962962962963 0.7777777777777778 0.8032407407407407 0.7870370370370371 0.8101851851851852 0.7777777777777778 0.8032407407407407 0.7870370370370371 0.7962962962962963 0.7777777777777778 0.7800925925925926 0.7708333333333334
2 0.875 0.5231481481481481 0.875 0.5300925925925926 0.8796296296296297 0.5393518518518519 0.8796296296296297 0.5439814814814815 0.8773148148148148 0.5393518518518519 0.875 0.5254629629629629
2 0.5995370370370371 0.37962962962962965 0.6041666666666666 0.38657407407407407 0.6134259259259259 0.3958333333333333 0.6157407407407407 0.3958333333333333 0.6203703703703703 0.4027777777777778 0.6226851851851852 0.4027777777777778 0.6273148148148148 0.41203703703703703 0.6342592592592593 0.41203703703703703 0.6365740740740741 0.41435185185185186 0.6342592592592593 0.41898148148148145 0.625 0.4236111111111111 0.6342592592592593 0.41898148148148145 0.6365740740740741 0.41435185185185186 0.6342592592592593 0.41203703703703703 0.6273148148148148 0.41203703703703703 0.6180555555555556 0.39814814814814814 0.6064814814814815 0.3912037037037037 0.6018518518518519 0.3819444444444444
2 0.11805555555555555 0.30787037037037035 0.1087962962962963 0.3263888888888889 0.1087962962962963 0.33101851851851855 0.10416666666666667 0.33564814814814814 0.10416666666666667 0.3425925925925926 0.09953703703703703 0.3449074074074074 0.10416666666666667 0.3425925925925926 0.10416666666666667 0.33564814814814814 0.11574074074074074 0.3148148148148148 0.11574074074074074 0.3101851851851852
3 0.2152777777777778 0.26851851851851855 0.2152777777777778 0.2847222222222222 0.21296296296296297 0.28703703703703703 0.21296296296296297 0.29398148148148145 0.21296296296296297 0.28703703703703703 0.2152777777777778 0.2847222222222222 0.2152777777777778 0.2708333333333333
3 0.7147359375 0.4033265625 0.7195 0.4033265625 0.7231421875 0.3994015625 0.7228625000000001 0.39884062499999984 0.7379937500000001 0.38650624999999994 0.69568125 0.32118749999999996 0.6774671875000001 0.33155937500000005 0.6727046875 0.333803125 0.6699015625000001 0.3360453124999999 0.6511281250000001 0.350903125 0.6979750000000001 0.41448124999999997 0.7147359375 0.4033265625
3 0.2667015625 0.795496875 0.27228750000000007 0.7943781249999999 0.274521875 0.7943781249999999 0.27563906250000003 0.7885109375 0.29044375 0.7773328125 0.24491406250000003 0.7133390624999999 0.22731718750000005 0.7270328125 0.22312656250000001 0.7273109375 0.21865781250000002 0.7289875 0.21614375 0.7312234375000001 0.214746875 0.7342984375 0.20189843750000003 0.7457546875 0.251934375 0.80873125 0.2667015625 0.795496875
3 0.6808140625000001 0.8300375 0.6977828125000001 0.815 0.6490546875000001 0.7504859375 0.6366906250000001 0.7616421875 0.6277218750000001 0.7635828125 0.62699375 0.7691609374999999 0.6761671875 0.8350718749999999 0.6808140625000001 0.8300375
1 0.7337962962962963 0.6203703703703703 0.7384259259259259 0.6203703703703703 0.7314814814814815 0.6226851851851852 0.7291666666666666 0.6273148148148148 0.7199074074074074 0.6319444444444444 0.7175925925925926 0.6319444444444444 0.7175925925925926 0.6273148148148148 0.7245370370370371 0.6296296296296297 0.7314814814814815 0.6226851851851852
1 0.3930640625000001 0.7830750000000001 0.3911140625 0.7840515625000001 0.38745625 0.7852703124999999 0.3862375 0.7862453125 0.38355625000000004 0.7894156250000001 0.3833125 0.7930749999999999 0.3833125 0.7974640625 0.3842875 0.799903125 0.3862375 0.8038046875 0.3925765625 0.806 0.3950140625 0.8057562500000001 0.39793906250000005 0.8055125 0.3994015625 0.80478125 0.40305781250000006 0.8028296875 0.40622812500000005 0.801121875 0.409153125 0.8013671875 0.41063125 0.80381875 0.41324687500000007 0.804865625 0.4156890625 0.8045171875 0.4188296875 0.8034250000000001 0.4245109375000001 0.8016109375 0.43938125 0.7952687500000001 0.44035625 0.7918546875 0.44084375000000003 0.7860015625000001 0.44571875 0.7845390625 0.44961875 0.7825875000000001 0.45522500000000005 0.7806359375 0.46010156249999995 0.777709375 0.46375781250000003 0.7730765624999999 0.4622953125000001 0.7679546875000001 0.45937031250000004 0.7618578125 0.4554703125 0.7567359375 0.4459625 0.75893125 0.4345046875000001 0.7664921875 0.4301171875 0.7696624999999999 0.4301171875 0.7738078125000001 0.4257296875 0.7767343750000001 0.4230484375 0.7789296874999999 0.4191468750000001 0.7801484375000001 0.413053125 0.7825875000000001 0.40720312500000005 0.7845390625 0.4037890625 0.7840515625000001 0.40135156250000004 0.7830750000000001 0.40087500000000004 0.7798281250000001 0.3930640625000001 0.7830750000000001
1 0.5919015625 0.567509375 0.5932515625 0.57098125 0.596528125 0.5721390625 0.5976859375000001 0.57368125 0.6025062500000001 0.573875 0.60751875 0.5731031249999999 0.610796875 0.5705953125 0.6127250000000001 0.5665453125 0.61253125 0.5572859375 0.612146875 0.5522703125 0.61253125 0.5503421875 0.61388125 0.5466765625 0.6148453125000001 0.544940625 0.614653125 0.5422406249999999 0.6150390625000001 0.5397328124999999 0.6156171875 0.5368390624999999 0.61523125 0.5318234374999999 0.61523125 0.52854375 0.6150390625000001 0.5260374999999999 0.614653125 0.52179375 0.6134953125000001 0.5181281249999999 0.6123390625 0.5142703125 0.6098328125000001 0.5115703125 0.6098328125000001 0.5079046875 0.6098328125000001 0.5065546875 0.6098328125000001 0.5032749999999999 0.6098328125000001 0.4986453125 0.6094468749999999 0.49633124999999995 0.6079046875000002 0.49305156249999993 0.6034703125 0.48880781249999994 0.6009640625000001 0.4880359374999999 0.5949859375000001 0.48861562499999994 0.591515625 0.49054375 0.587659375 0.4934375 0.5874671875 0.49961093749999996 0.5878515625 0.50616875 0.5884312500000001 0.5127265625 0.5907437500000001 0.522371875 0.5917078125 0.53298125 0.5913234375 0.5460984375 0.5897796875 0.5516921874999999 0.590165625 0.55535625 0.5897531250000001 0.56330625 0.5919015625 0.567509375
1 0.40321875 0.3451171875 0.4034015625000001 0.3469453124999999 0.4048640625 0.3480421875 0.40851875000000004 0.3478593749999999 0.41619375 0.3480421875 0.418934375 0.3506015625 0.418934375 0.3542578125 0.4185703125 0.3613875 0.41783906249999997 0.36742187499999984 0.41838749999999997 0.37510000000000004 0.4191171875000001 0.37875625 0.42204218750000005 0.38204687499999995 0.42478281250000005 0.38625156250000003 0.42916875000000004 0.38808125 0.4403156250000001 0.390640625 0.4437890625 0.38936093749999995 0.4476265625 0.3868 0.4518296875 0.38424062499999995 0.45493593750000005 0.38149843749999995 0.4563984375000001 0.3780249999999999 0.45749375000000003 0.37528281249999995 0.4584078125 0.3692499999999999 0.46023593749999997 0.36339843749999995 0.4615140625000001 0.3617531249999999 0.4651687500000001 0.3613875 0.46992031250000005 0.36321562500000004 0.4744890625 0.36577499999999996 0.47741406250000007 0.36540937500000004 0.47631718750000007 0.36065624999999996 0.4618796875000001 0.35480625 0.45987031250000004 0.35590312499999993 0.4569453125 0.3586453125 0.455484375 0.36540937500000004 0.4543875 0.37254062499999996 0.451646875 0.3785734375 0.43903749999999997 0.38424062499999995 0.42935156250000006 0.38149843749999995 0.42204218750000005 0.374003125 0.42185937500000004 0.36870156249999997 0.42259062500000005 0.3573656249999999 0.4231375 0.34731093749999997 0.41729062499999997 0.3434703125000001 0.4052296875 0.34365312499999995 0.40321875 0.3451171875
1 0.19122031250000002 0.46148125 0.19607656250000002 0.45914218749999997 0.19967343750000002 0.456984375 0.2045296875 0.45500468749999995 0.2081265625 0.454284375 0.2133421875 0.45662343749999995 0.21585937500000002 0.46238124999999997 0.2189171875 0.46867968749999994 0.22521093749999999 0.47209687499999997 0.23222500000000001 0.4731765625 0.24085781250000002 0.47389687499999994 0.2466125 0.47245781249999996 0.25164843750000004 0.4681390624999999 0.2536265625 0.46202187499999997 0.2545265625 0.45176562499999995 0.25326718750000005 0.44942656249999996 0.252728125 0.44528906249999994 0.251828125 0.44007031249999995 0.25056875 0.4364718749999999 0.2503890625 0.4346734374999999 0.2521875 0.43359375 0.25884218750000004 0.42945468749999993 0.261540625 0.4278359375 0.26279843750000004 0.42549687499999994 0.260640625 0.42405781249999996 0.2572234375 0.42549687499999994 0.25326718750000005 0.4265765625 0.24913125 0.42909531249999994 0.24517343750000004 0.43125468749999996 0.2431953125 0.43287343749999996 0.24265625000000005 0.435753125 0.243375 0.43773124999999996 0.2466125 0.4427703125 0.24787187500000002 0.44582812499999996 0.24895156250000003 0.4506859375 0.2493109375 0.45374531249999994 0.2496703125 0.45734375 0.24949062500000002 0.46094218749999993 0.24733281250000003 0.4656203125 0.243915625 0.467959375 0.241396875 0.4693984375 0.23708125 0.47047812499999997 0.2298875 0.4699390625 0.22593125000000003 0.4681390624999999 0.22377187500000004 0.46472031249999995 0.22107500000000002 0.4629218749999999 0.21909687500000002 0.4578828125 0.2167578125 0.45302499999999996 0.2124421875 0.44978749999999995 0.2081265625 0.450146875 0.20291093750000003 0.451046875 0.19823437500000002 0.45302499999999996 0.19499687500000001 0.4544640625 0.18846875000000002 0.4597453125 0.19122031250000002 0.46148125
4 0.0923078125 0.8286953125 0.0928546875 0.7804609375 0.0457375 0.7810078125 0.0456375 0.8289296875 0.0923078125 0.8286953125
4 0.524584375 0.822665625 0.5240375 0.7777203125000001 0.4774671875 0.7777203125000001 0.47801562500000006 0.8237625000000001 0.524584375 0.822665625
4 0.26434218750000005 0.6993375 0.3087203125 0.6982421875 0.3087203125 0.6516515624999999 0.26324531250000005 0.652746875 0.26434218750000005 0.6993375
4 0.14545156250000002 0.5420265625 0.14490312500000002 0.49653125 0.09723749999999999 0.4948875 0.09778593749999999 0.5414781249999999 0.14545156250000002 0.5420265625
4 0.5218453125000001 0.5327078125 0.52239375 0.4915984375 0.475275 0.49104999999999993 0.476003125 0.534003125 0.5218453125000001 0.5327078125
4 0.30926718750000004 0.43004375 0.3087203125 0.3845499999999999 0.26269843750000005 0.38400156250000006 0.26324531250000005 0.4294953125 0.30926718750000004 0.43004375
4 0.088471875 0.29465781249999995 0.086828125 0.2480671874999999 0.0391625 0.24916249999999995 0.0402578125 0.294109375 0.088471875 0.29465781249999995
4 0.9766828125000001 0.30042187499999995 0.9766828125000001 0.25672343749999993 0.93035625 0.2560609374999999 0.93101875 0.29975937499999994 0.9766828125000001 0.30042187499999995
4 0.7476984375 0.35868593749999994 0.790715625 0.35802343749999993 0.7927015625000001 0.3136625 0.7490218750000002 0.3130015625 0.7476984375 0.35868593749999994
4 0.7523312500000001 0.5381140624999999 0.7529937500000001 0.49573906249999994 0.707990625 0.4950781249999999 0.7093140625 0.5387765625 0.7523312500000001 0.5381140624999999
4 0.9713875000000001 0.5403875 0.9707265625 0.49602656249999993 0.9270468749999999 0.4953640624999999 0.9257234375000001 0.5403875 0.9713875000000001 0.5403875
4 0.9607984375 0.8297234375 0.9607984375 0.7840390625 0.9164578125 0.7840390625 0.9164578125 0.831709375 0.9607984375 0.8297234375