4 0.09231875 0.8270765625000001 0.09231875 0.7825078124999999 0.0465203125 0.7829250000000001 0.0466140625 0.8269374999999999 0.09231875 0.8270765625000001
4 0.08743906250000001 0.29375312499999995 0.08581250000000001 0.2478015625 0.039475 0.24658125 0.04069531250000001 0.29537968749999993 0.08743906250000001 0.29375312499999995
4 0.1439390625 0.541703125 0.14434531250000002 0.49656406249999996 0.09719375000000001 0.49534531249999997 0.0968421875 0.540828125 0.1439390625 0.541703125
4 0.26262812500000005 0.4298734375 0.308965625 0.4298734375 0.308965625 0.38392187499999997 0.26222187500000005 0.3843281250000001 0.26262812500000005 0.4298734375
4 0.308965625 0.698846875 0.3097796875 0.6524890624999999 0.2646609375 0.6524890624999999 0.2643125 0.6991984375 0.308965625 0.698846875
4 0.522634375 0.8223093750000001 0.522634375 0.7789812500000001 0.47715937500000005 0.7789812500000001 0.4782421875 0.8255593750000001 0.522634375 0.8223093750000001
4 0.9589750000000001 0.8298921874999999 0.9600578125 0.78548125 0.9178312500000002 0.7843968750000001 0.9156656249999999 0.832059375 0.9589750000000001 0.8298921874999999
4 0.9698015625000002 0.540675 0.9719671875000001 0.49301249999999996 0.9264937500000001 0.494096875 0.92516875 0.541509375 0.9698015625000002 0.540675
4 0.975215625 0.304534375 0.9762984375000001 0.2557890624999999 0.9329890625000002 0.2557890624999999 0.9319578125 0.30294375000000007 0.975215625 0.304534375
4 0.7911515625000001 0.3576109374999999 0.792234375 0.3142828125 0.7478421875000001 0.3142828125 0.7478421875000001 0.3576109374999999 0.7911515625000001 0.3576109374999999
4 0.7521734375000001 0.5363421875 0.7521734375000001 0.494096875 0.7088640625000001 0.49301249999999996 0.7079390625 0.5376296875 0.7521734375000001 0.5363421875
4 0.521090625 0.5343078124999999 0.5200640625 0.488109375 0.47593906250000007 0.48708281249999996 0.47610312500000007 0.535034375 0.521090625 0.5343078124999999
2 0.564128125 0.6467890625 0.5684453125000001 0.6424687499999999 0.5943406250000001 0.6131234375 0.6063984375000001 0.6005468749999999 0.6193468750000001 0.586190625 0.6270906250000001 0.5803468749999999 0.62975625 0.5790765625 0.6306437500000001 0.57704375 0.6291203125000001 0.5745031249999999 0.6268359375000001 0.5725968749999999 0.624678125 0.5720890625 0.620615625 0.5720890625 0.6184578125000001 0.5728515624999999 0.6183312500000001 0.5761546875 0.6187125000000001 0.5784406249999999 0.61668125 0.5804734375 0.6065265625000001 0.5907640625 0.5948484374999999 0.6047390625 0.5890078125 0.6113437500000001 0.58063125 0.6207453125 0.5699671875000001 0.6320515624999999 0.563240625 0.63929375 0.56019375 0.6424687499999999 0.5586703125 0.6441203125 0.5593046875000001 0.6479328125 0.564128125 0.6467890625
2 0.718271875 0.7166718750000001 0.7291921875 0.7055609375 0.7392015625 0.6955421875 0.7479390625 0.6864359375 0.765046875 0.6702234374999999 0.77633125 0.6603875 0.7777875000000001 0.658384375 0.7808812500000001 0.6571093750000001 0.7843390625 0.655834375 0.78525 0.6538296875 0.7843390625 0.6503687499999999 0.7810640624999999 0.6483656250000001 0.7770593750000001 0.6476375 0.7743296875000001 0.64781875 0.7721453125000001 0.65164375 0.772690625 0.6556515625 0.76595625 0.6607515624999999 0.7512140625 0.6751421875 0.7353796875 0.6913531249999999 0.7255515625000001 0.7008249999999999 0.71463125 0.71084375 0.7117187500000001 0.714121875 0.7107468750000001 0.7196078125 0.718271875 0.7166718750000001
0 0.7863421875000001 0.678784375 0.7916203125000001 0.67295625 0.7947140625000001 0.67040625 0.7967156250000001 0.669859375 0.79871875 0.6663984374999999 0.7985359375000001 0.6627546875 0.7956234375000001 0.6618453125 0.7930765625 0.6618453125 0.7901640625 0.6638484374999999 0.7898000000000001 0.667309375 0.7888890625000001 0.6694953124999999 0.7867062500000002 0.6714984374999999 0.7827015625 0.6744125 0.781609375 0.6762343749999999 0.781771875 0.679303125 0.7863421875000001 0.678784375
0 0.6807093750000001 0.6256109375 0.6839890625 0.6244390625 0.6873859375000001 0.6226796874999999 0.6901984375 0.62209375 0.693009375 0.62209375 0.6945328125000001 0.6210390625 0.6942984375000001 0.6188109375 0.6937125000000001 0.6163484375 0.692775 0.615528125 0.6901984375 0.6151765624999999 0.6883234375 0.6174046875 0.6871515625 0.6188109375 0.6851609375000001 0.6189281249999999 0.682465625 0.6203359374999999 0.679771875 0.6215078124999999 0.6782484375000001 0.622796875 0.676959375 0.623853125 0.6770703124999999 0.6262749999999999 0.6807093750000001 0.6256109375