4 0.091125 0.17105 0.045956250000000004 0.17084843749999998 0.0459734375 0.2172484375 0.09215156249999999 0.2172484375 0.091125 0.17105
4 0.5221156250000001 0.1751578125 0.47702187500000004 0.1726875 0.47696406250000006 0.2213546875 0.5221156250000001 0.2213546875 0.5221156250000001 0.1751578125
4 0.9602906250000002 0.1700234375 0.9151390625 0.1700234375 0.9161656250000001 0.2100625 0.9602906250000002 0.2100625 0.9602906250000002 0.1700234375
4 0.9726046875000001 0.501625 0.9705875 0.45853281250000005 0.9243750000000001 0.4554265625 0.9254015625 0.5026515625 0.9726046875000001 0.501625
4 0.7530046874999999 0.45953281250000005 0.7068015625 0.46128906250000007 0.707853125 0.5067578125 0.7530046874999999 0.5047046875000001 0.7530046874999999 0.45953281250000005
4 0.7899468749999999 0.6412453124999999 0.7447953125 0.642271875 0.7458218750000001 0.6823109375 0.7909734375 0.6843640625 0.7899468749999999 0.6412453124999999
4 0.091125 0.17105 0.045956250000000004 0.17084843749999998 0.0459734375 0.2172484375 0.09215156249999999 0.2172484375 0.091125 0.17105
4 0.5221156250000001 0.1751578125 0.47702187500000004 0.1726875 0.47696406250000006 0.2213546875 0.5221156250000001 0.2213546875 0.5221156250000001 0.1751578125
4 0.9602906250000002 0.1700234375 0.9151390625 0.1700234375 0.9161656250000001 0.2100625 0.9602906250000002 0.2100625 0.9602906250000002 0.1700234375
4 0.9726046875000001 0.501625 0.9705875 0.45853281250000005 0.9243750000000001 0.4554265625 0.9254015625 0.5026515625 0.9726046875000001 0.501625
4 0.7530046874999999 0.45953281250000005 0.7068015625 0.46128906250000007 0.707853125 0.5067578125 0.7530046874999999 0.5047046875000001 0.7530046874999999 0.45953281250000005
4 0.091125 0.17105 0.045956250000000004 0.17084843749999998 0.0459734375 0.2172484375 0.09215156249999999 0.2172484375 0.091125 0.17105
4 0.5221156250000001 0.1751578125 0.47702187500000004 0.1726875 0.47696406250000006 0.2213546875 0.5221156250000001 0.2213546875 0.5221156250000001 0.1751578125
4 0.9602906250000002 0.1700234375 0.9151390625 0.1700234375 0.9161656250000001 0.2100625 0.9602906250000002 0.2100625 0.9602906250000002 0.1700234375
4 0.9726046875000001 0.501625 0.9705875 0.45853281250000005 0.9243750000000001 0.4554265625 0.9254015625 0.5026515625 0.9726046875000001 0.501625
4 0.7530046874999999 0.45953281250000005 0.7068015625 0.46128906250000007 0.707853125 0.5067578125 0.7530046874999999 0.5047046875000001 0.7530046874999999 0.45953281250000005
4 0.7899468749999999 0.6412453124999999 0.7447953125 0.642271875 0.7458218750000001 0.6823109375 0.7909734375 0.6843640625 0.7899468749999999 0.6412453124999999
4 0.091125 0.17105 0.045956250000000004 0.17084843749999998 0.0459734375 0.2172484375 0.09215156249999999 0.2172484375 0.091125 0.17105
4 0.5221156250000001 0.1751578125 0.47702187500000004 0.1726875 0.47696406250000006 0.2213546875 0.5221156250000001 0.2213546875 0.5221156250000001 0.1751578125
4 0.9602906250000002 0.1700234375 0.9151390625 0.1700234375 0.9161656250000001 0.2100625 0.9602906250000002 0.2100625 0.9602906250000002 0.1700234375
4 0.9726046875000001 0.501625 0.9705875 0.45853281250000005 0.9243750000000001 0.4554265625 0.9254015625 0.5026515625 0.9726046875000001 0.501625
4 0.7530046874999999 0.45953281250000005 0.7068015625 0.46128906250000007 0.707853125 0.5067578125 0.7530046874999999 0.5047046875000001 0.7530046874999999 0.45953281250000005
4 0.5223421875 0.46363906250000003 0.4751390625 0.46055937500000005 0.4751390625 0.5088109375000001 0.520290625 0.511890625 0.5223421875 0.46363906250000003
4 0.307871875 0.299378125 0.26477343750000004 0.299378125 0.26374687500000005 0.346603125 0.307871875 0.346603125 0.307871875 0.299378125
4 0.1447109375 0.45645312499999996 0.096934375 0.45669374999999995 0.09750781250000001 0.5005984375 0.1447109375 0.501625 0.1447109375 0.45645312499999996
4 0.3088984375 0.5693812500000001 0.26145625 0.5688265625 0.26066875 0.6135265625 0.3088984375 0.6135265625 0.3088984375 0.5693812500000001
4 0.08827187500000001 0.7038703125 0.0381109375 0.7020984375 0.0379890625 0.752121875 0.08929843750000001 0.754175 0.08827187500000001 0.7038703125
4 0.9748828125000001 0.697709375 0.9297312500000001 0.6966828125000001 0.9307578125 0.7418546874999999 0.975909375 0.7439078125 0.9748828125000001 0.697709375