4 0.09231875 0.21749218750000002 0.09231875 0.17292343749999997 0.0466140625 0.1730625 0.0465203125 0.217075 0.09231875 0.21749218750000002
4 0.08581250000000001 0.7521984375 0.08743906250000001 0.706246875 0.04069531250000001 0.7046203125 0.039475 0.75341875 0.08581250000000001 0.7521984375
4 0.14434531250000002 0.5034359375 0.1439390625 0.458296875 0.0968421875 0.45917187500000006 0.09719375000000001 0.5046546875 0.14434531250000002 0.5034359375
4 0.308965625 0.5701265624999999 0.26262812500000005 0.5701265624999999 0.26222187500000005 0.6156718749999999 0.308965625 0.616078125 0.308965625 0.5701265624999999
4 0.3097796875 0.3475109375 0.308965625 0.301153125 0.2643125 0.3008015625 0.2646609375 0.3475109375 0.3097796875 0.3475109375
4 0.522634375 0.22101874999999999 0.522634375 0.177690625 0.4782421875 0.17444062500000002 0.47715937500000005 0.22101874999999999 0.522634375 0.22101874999999999
4 0.9600578125 0.21451875 0.9589750000000001 0.1701078125 0.9156656249999999 0.167940625 0.9178312500000002 0.21560312499999998 0.9600578125 0.21451875
4 0.9719671875000001 0.5069875 0.9698015625000002 0.45932500000000004 0.92516875 0.458490625 0.9264937500000001 0.505903125 0.9719671875000001 0.5069875
4 0.9762984375000001 0.7442109375000001 0.975215625 0.695465625 0.9319578125 0.6970562499999999 0.9329890625000002 0.7442109375000001 0.9762984375000001 0.7442109375000001
4 0.792234375 0.6857171875 0.7911515625000001 0.6423890625 0.7478421875000001 0.6423890625 0.7478421875000001 0.6857171875 0.792234375 0.6857171875
4 0.7521734375000001 0.505903125 0.7521734375000001 0.46365781250000004 0.7079390625 0.4623703125 0.7088640625000001 0.5069875 0.7521734375000001 0.505903125
4 0.5200640625 0.511890625 0.521090625 0.4656921875000001 0.47610312500000007 0.464965625 0.47593906250000007 0.5129171875 0.5200640625 0.511890625
1 0.23018750000000002 0.2222578125 0.226803125 0.22850625 0.2241984375 0.23631875 0.2223765625 0.2430890625 0.2241984375 0.250640625 0.2265421875 0.25324375 0.2265421875 0.25636875 0.225240625 0.260534375 0.222896875 0.26808593750000004 0.222896875 0.27615937500000004 0.22550156250000003 0.2821484375 0.23227187500000002 0.2847515625 0.2385203125 0.28345 0.2432078125 0.2805859375 0.246853125 0.2743359375 0.2471140625 0.26782656250000003 0.247634375 0.26079531250000004 0.246071875 0.2542859375 0.2463328125 0.24569218750000002 0.2481546875 0.23605781250000002 0.250759375 0.23032968750000002 0.2559671875 0.22876718750000002 0.2637796875 0.22095468750000002 0.26560156250000005 0.2110609375 0.26351874999999997 0.2058515625 0.2564875 0.201946875 0.249978125 0.20207656250000003 0.24555156250000001 0.20481093750000004 0.2424265625 0.20793593750000003 0.2413859375 0.213403125 0.2393015625 0.217309375 0.235396875 0.218871875 0.23018750000000002 0.2222578125
1 0.147903125 0.2990734375 0.14477968750000003 0.30610468750000003 0.14217500000000002 0.3118328125 0.1406125 0.31782187500000003 0.14165468750000001 0.32302968750000005 0.14425781250000003 0.32823750000000007 0.14373750000000002 0.33292499999999997 0.14035156250000003 0.3357890625 0.13774843750000001 0.34047656249999997 0.136446875 0.346725 0.1393109375 0.3532359375 0.14425781250000003 0.35531875 0.14920625 0.35479687499999996 0.15571562500000002 0.35219374999999997 0.1593609375 0.346725 0.162746875 0.34099687500000003 0.162746875 0.33370625000000004 0.16144375 0.32875781249999997 0.16066249999999999 0.32563281250000004 0.162746875 0.3199046875 0.1663921875 0.31313437499999996 0.171078125 0.30532343749999996 0.174725 0.30115625 0.1794109375 0.297771875 0.18383750000000004 0.29803125 0.1872234375 0.2936046875 0.18826406250000002 0.286575 0.186703125 0.2821484375 0.1814953125 0.276940625 0.17550625 0.2743359375 0.171078125 0.274075 0.16508906250000002 0.278371875 0.1637875 0.2821484375 0.16300625 0.28579375 0.16144375 0.2896984375 0.1546734375 0.29178281250000004 0.150246875 0.29464687500000003 0.147903125 0.2990734375
1 0.247375 0.411303125 0.24425000000000002 0.415990625 0.2385203125 0.419896875 0.2304484375 0.42406250000000006 0.226803125 0.42927031250000003 0.23018750000000002 0.436821875 0.235396875 0.44176875 0.2413859375 0.44176875 0.246853125 0.44046718749999997 0.251540625 0.43812343750000005 0.25414375 0.43656093749999997 0.25805 0.432915625 0.2622171875 0.427446875 0.27002812500000006 0.4206765625 0.2775796875 0.41625 0.2864328125 0.415209375 0.2973703125 0.412865625 0.30257812500000003 0.4094796875 0.30726406250000005 0.4019296875000001 0.30752500000000005 0.39594062500000005 0.30414062500000005 0.390471875 0.2976296875 0.3863046875000001 0.2906 0.3870859375000001 0.2864328125 0.39008125000000005 0.2827875 0.39385625 0.27653906250000004 0.3956796875 0.27002812500000006 0.39646093750000005 0.26091406250000004 0.39984531250000005 0.253884375 0.4060953125 0.247375 0.411303125
1 0.3564796875 0.46572500000000006 0.3517921875 0.4698921875 0.34892812500000003 0.47119375 0.3429390625 0.4764015625 0.3398140625 0.4821296875 0.3429390625 0.48837968750000005 0.3476265625 0.49306718749999995 0.35231250000000003 0.4938484375 0.35621875000000003 0.49228593750000005 0.3616875 0.487859375 0.365853125 0.4868171875 0.3676765625 0.4834328125 0.37314375000000005 0.48134843749999995 0.3786125000000001 0.47666250000000004 0.38460156250000005 0.47275625000000004 0.3926734375 0.46832968750000004 0.39684062500000006 0.4667671875 0.4017875 0.4659859375 0.40517343749999996 0.46338125 0.41402656250000003 0.4612984375 0.4166296875 0.45609062499999997 0.41793281250000003 0.44984218750000005 0.4155890625 0.44463281250000003 0.411421875 0.44098750000000003 0.4036109375 0.43968593750000007 0.3981421875 0.44255 0.3918921875 0.44632656249999997 0.3879875 0.44880000000000003 0.38356093750000003 0.44906093750000003 0.37522812499999997 0.45270625000000003 0.36949843750000005 0.4555703125 0.36246875 0.4597359375 0.3564796875 0.46572500000000006
1 0.3715828125 0.34906875000000004 0.37965468750000003 0.348028125 0.38356093750000003 0.34438124999999997 0.3908515625 0.343340625 0.3965796875 0.343340625 0.40517343749999996 0.341778125 0.41402656250000003 0.341778125 0.42261875000000004 0.34438124999999997 0.42730625000000005 0.34594375 0.43511875000000005 0.34490312500000003 0.43954531250000006 0.3436 0.4429296875000001 0.3389140625 0.443971875 0.331621875 0.44110781250000003 0.3245921875 0.43459687500000005 0.32146718750000003 0.42704531250000005 0.32172812500000003 0.42261875000000004 0.32198750000000004 0.4194953125 0.32120624999999997 0.4155890625 0.319384375 0.411421875 0.318603125 0.4054328125 0.318603125 0.39866250000000003 0.3183421875 0.39241406250000005 0.31886406250000005 0.3861640625 0.320165625 0.38434218750000004 0.32276875000000005 0.38121718750000005 0.32511249999999997 0.369759375 0.32498281250000005 0.364290625 0.32589375000000004 0.3596046875 0.33058125000000005 0.35830156249999995 0.33735156250000004 0.36090625 0.34307968749999995 0.366375 0.347246875 0.3715828125 0.34906875000000004