4 0.09231875 0.21749218750000002 0.09231875 0.17292343749999997 0.0466140625 0.1730625 0.0465203125 0.217075 0.09231875 0.21749218750000002
4 0.08581250000000001 0.7521984375 0.08743906250000001 0.706246875 0.04069531250000001 0.7046203125 0.039475 0.75341875 0.08581250000000001 0.7521984375
4 0.14434531250000002 0.5034359375 0.1439390625 0.458296875 0.0968421875 0.45917187500000006 0.09719375000000001 0.5046546875 0.14434531250000002 0.5034359375
4 0.308965625 0.5701265624999999 0.26262812500000005 0.5701265624999999 0.26222187500000005 0.6156718749999999 0.308965625 0.616078125 0.308965625 0.5701265624999999
4 0.3097796875 0.3475109375 0.308965625 0.301153125 0.2643125 0.3008015625 0.2646609375 0.3475109375 0.3097796875 0.3475109375
4 0.522634375 0.22101874999999999 0.522634375 0.177690625 0.4782421875 0.17444062500000002 0.47715937500000005 0.22101874999999999 0.522634375 0.22101874999999999
4 0.9600578125 0.21451875 0.9589750000000001 0.1701078125 0.9156656249999999 0.167940625 0.9178312500000002 0.21560312499999998 0.9600578125 0.21451875
4 0.9719671875000001 0.5069875 0.9698015625000002 0.45932500000000004 0.92516875 0.458490625 0.9264937500000001 0.505903125 0.9719671875000001 0.5069875
4 0.9762984375000001 0.7442109375000001 0.975215625 0.695465625 0.9319578125 0.6970562499999999 0.9329890625000002 0.7442109375000001 0.9762984375000001 0.7442109375000001
4 0.792234375 0.6857171875 0.7911515625000001 0.6423890625 0.7478421875000001 0.6423890625 0.7478421875000001 0.6857171875 0.792234375 0.6857171875
4 0.7521734375000001 0.505903125 0.7521734375000001 0.46365781250000004 0.7079390625 0.4623703125 0.7088640625000001 0.5069875 0.7521734375000001 0.505903125
4 0.5200640625 0.511890625 0.521090625 0.4656921875000001 0.47610312500000007 0.464965625 0.47593906250000007 0.5129171875 0.5200640625 0.511890625
5 0.9236111111111112 0.6342592592592593 0.9305555555555556 0.6412037037037037 0.9305555555555556 0.6504629629629629 0.9259259259259259 0.6550925925925926 0.9143518518518519 0.6550925925925926 0.9097222222222222 0.6527777777777778 0.9097222222222222 0.6365740740740741 0.9212962962962963 0.6342592592592593
5 0.9120370370370371 0.5740740740740741 0.02546296296296296 0.023148148148148147
5 0.8032407407407407 0.5787037037037037 0.8171296296296297 0.5787037037037037 0.8217592592592593 0.5833333333333334 0.8217592592592593 0.5949074074074074 0.8171296296296297 0.5995370370370371 0.8032407407407407 0.5995370370370371 0.8032407407407407 0.5972222222222222 0.7986111111111112 0.5949074074074074 0.7986111111111112 0.5833333333333334 0.8032407407407407 0.5810185185185185
5 0.8518518518518519 0.4791666666666667 0.8634259259259259 0.47685185185185186 0.8703703703703703 0.4861111111111111 0.8680555555555556 0.4976851851851852 0.8541666666666666 0.4976851851851852 0.8495370370370371 0.4930555555555556 0.8495370370370371 0.4837962962962963 0.8518518518518519 0.48148148148148145
5 0.7314814814814815 0.3912037037037037 0.7384259259259259 0.38657407407407407 0.7453703703703703 0.38657407407407407 0.7546296296296297 0.39351851851851855 0.7546296296296297 0.4027777777777778 0.7523148148148148 0.4074074074074074 0.7476851851851852 0.4074074074074074 0.7453703703703703 0.4097222222222222 0.7337962962962963 0.4074074074074074 0.7314814814814815 0.4027777777777778 0.7314814814814815 0.39351851851851855
5 0.8495370370370371 0.38657407407407407 0.8541666666666666 0.3888888888888889 0.8587962962962963 0.3958333333333333 0.8587962962962963 0.4027777777777778 0.8495370370370371 0.4097222222222222 0.8425925925925926 0.4097222222222222 0.8333333333333334 0.4027777777777778 0.8356481481481481 0.3912037037037037 0.8402777777777778 0.38657407407407407 0.8472222222222222 0.38657407407407407
5 0.9375 0.3819444444444444 0.9421296296296297 0.38657407407407407 0.9421296296296297 0.40046296296296297 0.9351851851851852 0.4050925925925926 0.9236111111111112 0.4027777777777778 0.9189814814814815 0.3958333333333333 0.9212962962962963 0.3888888888888889 0.9282407407407407 0.3819444444444444 0.9351851851851852 0.3819444444444444
5 0.8657407407407407 0.28935185185185186 0.8726851851851852 0.2986111111111111 0.8680555555555556 0.3101851851851852 0.8541666666666666 0.3101851851851852 0.8495370370370371 0.30324074074074076 0.8518518518518519 0.29398148148148145 0.8564814814814815 0.28935185185185186 0.8634259259259259 0.28935185185185186
5 0.7708333333333334 0.3101851851851852 0.02546296296296296 0.023148148148148147
5 0.6898148148148148 0.30092592592592593 0.6921296296296297 0.30324074074074076 0.6967592592592593 0.30324074074074076 0.7013888888888888 0.30787037037037035 0.7013888888888888 0.32175925925925924 0.6990740740740741 0.32175925925925924 0.6967592592592593 0.3263888888888889 0.6828703703703703 0.3263888888888889 0.6782407407407407 0.3194444444444444 0.6782407407407407 0.30787037037037035 0.6805555555555556 0.30787037037037035 0.6828703703703703 0.30324074074074076 0.6875 0.30324074074074076
5 0.8356481481481481 0.22453703703703703 0.8379629629629629 0.22685185185185186 0.8425925925925926 0.22685185185185186 0.8449074074074074 0.23148148148148148 0.8449074074074074 0.24305555555555555 0.8425925925925926 0.24305555555555555 0.8402777777777778 0.24768518518518517 0.8287037037037037 0.24768518518518517 0.8240740740740741 0.24305555555555555 0.8240740740740741 0.22916666666666666 0.8333333333333334 0.22453703703703703
5 0.7314814814814815 0.2152777777777778 0.7361111111111112 0.2175925925925926 0.7384259259259259 0.22916666666666666 0.7291666666666666 0.2361111111111111 0.7175925925925926 0.2337962962962963 0.7175925925925926 0.2175925925925926 0.7291666666666666 0.2152777777777778