4 0.09231875 0.8270765625000001 0.09231875 0.7825078124999999 0.0465203125 0.7829250000000001 0.0466140625 0.8269374999999999 0.09231875 0.8270765625000001
4 0.08743906250000001 0.29375312499999995 0.08581250000000001 0.2478015625 0.039475 0.24658125 0.04069531250000001 0.29537968749999993 0.08743906250000001 0.29375312499999995
4 0.1439390625 0.541703125 0.14434531250000002 0.49656406249999996 0.09719375000000001 0.49534531249999997 0.0968421875 0.540828125 0.1439390625 0.541703125
4 0.26262812500000005 0.4298734375 0.308965625 0.4298734375 0.308965625 0.38392187499999997 0.26222187500000005 0.3843281250000001 0.26262812500000005 0.4298734375
4 0.308965625 0.698846875 0.3097796875 0.6524890624999999 0.2646609375 0.6524890624999999 0.2643125 0.6991984375 0.308965625 0.698846875
4 0.522634375 0.8223093750000001 0.522634375 0.7789812500000001 0.47715937500000005 0.7789812500000001 0.4782421875 0.8255593750000001 0.522634375 0.8223093750000001
4 0.9589750000000001 0.8298921874999999 0.9600578125 0.78548125 0.9178312500000002 0.7843968750000001 0.9156656249999999 0.832059375 0.9589750000000001 0.8298921874999999
4 0.9698015625000002 0.540675 0.9719671875000001 0.49301249999999996 0.9264937500000001 0.494096875 0.92516875 0.541509375 0.9698015625000002 0.540675
4 0.975215625 0.304534375 0.9762984375000001 0.2557890624999999 0.9329890625000002 0.2557890624999999 0.9319578125 0.30294375000000007 0.975215625 0.304534375
4 0.7911515625000001 0.3576109374999999 0.792234375 0.3142828125 0.7478421875000001 0.3142828125 0.7478421875000001 0.3576109374999999 0.7911515625000001 0.3576109374999999
4 0.7521734375000001 0.5363421875 0.7521734375000001 0.494096875 0.7088640625000001 0.49301249999999996 0.7079390625 0.5376296875 0.7521734375000001 0.5363421875
4 0.521090625 0.5343078124999999 0.5200640625 0.488109375 0.47593906250000007 0.48708281249999996 0.47610312500000007 0.535034375 0.521090625 0.5343078124999999
1 0.1520640625 0.6157375 0.14077187500000002 0.610603125 0.13427031250000002 0.6147109374999999 0.131190625 0.61745 0.13016406250000004 0.6232703125 0.1308484375 0.6273781249999999 0.1308484375 0.6342249999999999 0.1298203125 0.6359375 0.12605625 0.6376484374999999 0.12331875000000002 0.6455234375000001 0.1246875 0.6516859375 0.1246875 0.6578484375 0.12537187500000002 0.6667484375 0.1270828125 0.670171875 0.12913593750000002 0.6759921874999999 0.12913593750000002 0.6790734375 0.12879375 0.683525 0.13187500000000002 0.6903718749999999 0.13324375 0.6927687499999999 0.1404296875 0.694821875 0.14590468750000002 0.6944796875 0.150353125 0.6927687499999999 0.1561703125 0.6890015625000001 0.1561703125 0.6845515624999999 0.155828125 0.681128125 0.15377500000000002 0.6770203125 0.1513796875 0.673596875 0.14966875000000002 0.670171875 0.14761562500000003 0.664353125 0.1465890625 0.6585328125 0.14590468750000002 0.6499734375 0.14761562500000003 0.64346875 0.15386562500000003 0.6353484374999999 0.1520640625 0.6157375
1 0.344725 0.6112875 0.34609375000000003 0.6147109374999999 0.34780625000000004 0.616765625 0.35157031250000004 0.6198453125 0.3563609375 0.6225843750000001 0.359440625 0.625665625 0.36080937500000004 0.6284046875 0.36525781249999995 0.6328562499999999 0.3679953125 0.638675 0.3748390625 0.6427843750000001 0.3806578125000001 0.64655 0.384421875 0.6486046875 0.38887031250000004 0.6482609375 0.396740625 0.6516859375 0.396740625 0.6537390625 0.40461093750000005 0.658190625 0.4087171875 0.658190625 0.412140625 0.6557937500000001 0.4183 0.6530546875 0.42001093750000007 0.648946875 0.4179578125 0.6431265625 0.41111406250000004 0.6373062500000001 0.40700624999999996 0.6328562499999999 0.40529531250000006 0.631828125 0.4011890625 0.6290890625000001 0.39708281250000005 0.6290890625000001 0.3916078125 0.6273781249999999 0.38681718750000005 0.6236125 0.383053125 0.6164218749999999 0.37620781250000007 0.6092328125 0.3700484375 0.6061515625 0.36525781249999995 0.6017015625 0.3570453125 0.5979359375 0.35122812500000006 0.6023859375 0.34609375000000003 0.6068359375 0.344725 0.6112875
1 0.50066875 0.740853125 0.5051171875 0.742221875 0.509909375 0.7435921874999999 0.51606875 0.7387984375000001 0.51880625 0.7364015625 0.5191484375000001 0.7312671875 0.5191484375000001 0.725446875 0.5184640625000001 0.72305 0.519490625 0.720996875 0.520859375 0.7155187500000001 0.522228125 0.7083296875 0.5215437500000001 0.7035359375 0.5218859375 0.69874375 0.5205171875 0.6905265625 0.5191484375000001 0.6877874999999999 0.51880625 0.6826515625 0.51880625 0.6778593749999999 0.5191484375000001 0.6720390625 0.5191484375000001 0.66621875 0.516753125 0.6621109375 0.5129890625 0.659371875 0.5105937500000001 0.659371875 0.5037484375 0.6603984375 0.5003265625000001 0.6648499999999999 0.49827343749999997 0.66793125 0.49758906250000007 0.6727234375000001 0.498615625 0.677175 0.4965625 0.684021875 0.49758906250000007 0.6922390625 0.4993000000000001 0.697715625 0.4993000000000001 0.7042203125 0.49827343749999997 0.7103828125 0.49758906250000007 0.717915625 0.49793125 0.72305 0.4968453125 0.7331234375 0.50066875 0.740853125
1 0.5945468749999999 0.3929484375000001 0.6015625 0.39491406249999994 0.6088578124999999 0.3988437499999999 0.6130656250000001 0.40305468749999995 0.6186781250000001 0.4072656249999999 0.6198000000000001 0.41091406249999995 0.6203625 0.41428281250000004 0.624290625 0.4176515625 0.627096875 0.42017812499999996 0.6293406250000001 0.42270468749999995 0.6335500000000001 0.42551249999999996 0.640284375 0.42747656249999993 0.6439312500000001 0.42691562499999997 0.649825 0.42242343749999994 0.6509468749999999 0.41203749999999995 0.645615625 0.4081078125 0.6411265625 0.40305468749999995 0.6394421875 0.39715937500000004 0.63635625 0.39407187500000007 0.632428125 0.3915453124999999 0.6265343750000001 0.38649218750000003 0.6209234375000001 0.38143906249999987 0.618396875 0.37919374999999994 0.6113828125 0.37666718750000006 0.6043671875000001 0.3752624999999999 0.599878125 0.37077187500000003 0.5951078125000001 0.366840625 0.5897765625 0.36627968749999984 0.5830421875 0.3682453125 0.579675 0.37161406250000006 0.57743125 0.3763859374999999 0.5777109375 0.3822812499999999 0.5793953125 0.38368437499999997 0.5945468749999999 0.3929484375000001
1 0.9170734375000001 0.4316015625 0.916009375 0.440109375 0.9186671875000001 0.4464890624999999 0.9226531250000001 0.44914843749999994 0.9277031250000001 0.4494140625 0.9340796875000001 0.44702187499999996 0.9383312500000002 0.44409687499999995 0.9393953125000001 0.43904531249999995 0.9388624999999999 0.4347921875 0.938065625 0.42841250000000003 0.9420515625000001 0.42548749999999996 0.9460375000000001 0.42229687499999996 0.9478984375 0.41910625 0.9492265625 0.41166249999999993 0.9489609375000001 0.40740937499999996 0.9476328125000001 0.40076249999999997 0.9473671875000002 0.39491406249999994 0.9465687500000001 0.393053125 0.9388624999999999 0.38933125 0.93726875 0.38826875 0.935675 0.38481249999999995 0.935675 0.3818875000000001 0.9343453125000001 0.3765703124999999 0.9319546875000001 0.36939218749999986 0.9274359375000001 0.36487343749999995 0.9221218750000001 0.36434218749999986 0.9162765625000001 0.36620312499999996 0.9128218750000001 0.3683296875 0.9106953125000001 0.3720515625 0.9104296875000001 0.37470937500000007 0.9106953125000001 0.37976093750000006 0.9122890625000001 0.3853437499999999 0.91468125 0.3874703124999999 0.9157437500000001 0.38800312499999995 0.9197296875 0.3895968749999999 0.9218562500000002 0.3933187499999999 0.9255765625000001 0.3994343749999999 0.9277031250000001 0.40740937499999996 0.92796875 0.4135234374999999 0.9234500000000002 0.421765625 0.9178703125000001 0.42522187499999997 0.9170734375000001 0.4316015625