4 0.90768125 0.8270765625000001 0.9533859375 0.8269374999999999 0.9534796875 0.7829250000000001 0.90768125 0.7825078124999999 0.90768125 0.8270765625000001
4 0.9125609374999999 0.29375312499999995 0.9593046875 0.29537968749999993 0.960525 0.24658125 0.9141874999999999 0.2478015625 0.9125609374999999 0.29375312499999995
4 0.8560609375 0.541703125 0.9031578125 0.540828125 0.9028062499999999 0.49534531249999997 0.8556546875000001 0.49656406249999996 0.8560609375 0.541703125
4 0.737371875 0.4298734375 0.737778125 0.3843281250000001 0.691034375 0.38392187499999997 0.691034375 0.4298734375 0.737371875 0.4298734375
4 0.691034375 0.698846875 0.7356875 0.6991984375 0.7353390625 0.6524890624999999 0.6902203124999999 0.6524890624999999 0.691034375 0.698846875
4 0.47736562499999996 0.8223093750000001 0.5217578125 0.8255593750000001 0.522840625 0.7789812500000001 0.47736562499999996 0.7789812500000001 0.47736562499999996 0.8223093750000001
4 0.04102499999999988 0.8298921874999999 0.08433437500000004 0.832059375 0.08216874999999983 0.7843968750000001 0.039942187499999976 0.78548125 0.04102499999999988 0.8298921874999999
4 0.03019843749999988 0.540675 0.07483125000000007 0.541509375 0.0735062499999999 0.494096875 0.02803281249999993 0.49301249999999996 0.03019843749999988 0.540675
4 0.024784374999999942 0.304534375 0.06804218750000002 0.30294375000000007 0.0670109374999998 0.2557890624999999 0.0237015624999999 0.2557890624999999 0.024784374999999942 0.304534375
4 0.2088484374999999 0.3576109374999999 0.2521578124999999 0.3576109374999999 0.2521578124999999 0.3142828125 0.207765625 0.3142828125 0.2088484374999999 0.3576109374999999
4 0.2478265624999999 0.5363421875 0.2920609375 0.5376296875 0.29113593749999994 0.49301249999999996 0.2478265624999999 0.494096875 0.2478265624999999 0.5363421875
4 0.47890937499999997 0.5343078124999999 0.5238968749999999 0.535034375 0.5240609374999999 0.48708281249999996 0.4799359374999999 0.488109375 0.47890937499999997 0.5343078124999999
3 0.8055555555555556 0.7337962962962963 0.8101851851851852 0.7337962962962963 0.8171296296296297 0.7291666666666666 0.8240740740740741 0.7291666666666666 0.8657407407407407 0.7916666666666666 0.8657407407407407 0.7986111111111112 0.8587962962962963 0.8032407407407407 0.8541666666666666 0.8032407407407407 0.8472222222222222 0.8125 0.8402777777777778 0.8101851851851852 0.8310185185185185 0.7916666666666666 0.8125 0.7638888888888888 0.8055555555555556 0.7569444444444444 0.7986111111111112 0.7430555555555556 0.7986111111111112 0.7407407407407407 0.8055555555555556 0.7361111111111112
3 0.47453703703703703 0.6296296296296297 0.48148148148148145 0.625 0.4861111111111111 0.625 0.49537037037037035 0.6342592592592593 0.4976851851851852 0.6342592592592593 0.5370370370370371 0.6759259259259259 0.5347222222222222 0.6851851851851852 0.5324074074074074 0.6851851851851852 0.5300925925925926 0.6898148148148148 0.5277777777777778 0.6898148148148148 0.5254629629629629 0.6944444444444444 0.5162037037037037 0.7013888888888888 0.5162037037037037 0.7037037037037037 0.5023148148148148 0.7129629629629629 0.4652777777777778 0.6759259259259259 0.4652777777777778 0.6736111111111112 0.45601851851851855 0.6666666666666666 0.4513888888888889 0.6597222222222222 0.4513888888888889 0.6527777777777778 0.4537037037037037 0.6527777777777778 0.45601851851851855 0.6481481481481481 0.4583333333333333 0.6481481481481481 0.46064814814814814 0.6435185185185185 0.47453703703703703 0.6319444444444444
3 0.12268518518518519 0.7129629629629629 0.13194444444444445 0.7199074074074074 0.13657407407407407 0.7199074074074074 0.14583333333333334 0.7245370370370371 0.15046296296296297 0.7291666666666666 0.1550925925925926 0.7291666666666666 0.18287037037037038 0.7476851851851852 0.18287037037037038 0.7523148148148148 0.17824074074074073 0.7569444444444444 0.17824074074074073 0.7615740740740741 0.1736111111111111 0.7662037037037037 0.1736111111111111 0.7708333333333334 0.16898148148148148 0.7754629629629629 0.16898148148148148 0.7800925925925926 0.1597222222222222 0.7893518518518519 0.1527777777777778 0.7893518518518519 0.14814814814814814 0.7847222222222222 0.14351851851851852 0.7847222222222222 0.1388888888888889 0.7800925925925926 0.13425925925925927 0.7800925925925926 0.12731481481481483 0.7731481481481481 0.11805555555555555 0.7708333333333334 0.10648148148148148 0.7615740740740741 0.10185185185185185 0.7615740740740741 0.09259259259259259 0.7546296296296297 0.09259259259259259 0.75 0.09953703703703703 0.7407407407407407 0.09953703703703703 0.7314814814814815 0.11342592592592593 0.7106481481481481 0.11805555555555555 0.7106481481481481 0.12037037037037036 0.7129629629629629
3 0.9305555555555556 0.4305555555555556 0.9328703703703703 0.4351851851851852 0.9328703703703703 0.44675925925925924 0.9351851851851852 0.44907407407407407 0.9351851851851852 0.4675925925925926 0.9375 0.4699074074074074 0.9351851851851852 0.47453703703703703 0.9375 0.47685185185185186 0.9375 0.4861111111111111 0.9398148148148148 0.48842592592592593 0.9398148148148148 0.5115740740740741 0.9236111111111112 0.5115740740740741 0.9166666666666666 0.5162037037037037 0.9120370370370371 0.5162037037037037 0.9097222222222222 0.5115740740740741 0.9097222222222222 0.5023148148148148 0.9074074074074074 0.5 0.9074074074074074 0.47685185185185186 0.9050925925925926 0.47453703703703703 0.9004629629629629 0.4351851851851852 0.9120370370370371 0.4305555555555556 0.9282407407407407 0.4305555555555556
3 0.5254629629629629 0.3125 0.5787037037037037 0.35648148148148145 0.5740740740740741 0.36574074074074076 0.5694444444444444 0.3680555555555556 0.5694444444444444 0.3726851851851852 0.5532407407407407 0.3888888888888889 0.5532407407407407 0.3912037037037037 0.5486111111111112 0.39351851851851855 0.5486111111111112 0.3958333333333333 0.5439814814814815 0.3958333333333333 0.5370370370370371 0.3912037037037037 0.5347222222222222 0.38657407407407407 0.5231481481481481 0.37962962962962965 0.48842592592592593 0.3472222222222222 0.48842592592592593 0.3425925925925926 0.5 0.3263888888888889 0.5138888888888888 0.3125 0.5162037037037037 0.3125 0.5185185185185185 0.30787037037037035 0.5208333333333334 0.30787037037037035 0.5231481481481481 0.3125
1 0.8240740740740741 0.2222222222222222 0.8263888888888888 0.22453703703703703 0.8287037037037037 0.2222222222222222 0.8402777777777778 0.22453703703703703 0.8472222222222222 0.23148148148148148 0.8472222222222222 0.2361111111111111 0.8495370370370371 0.23842592592592593 0.8587962962962963 0.2337962962962963 0.8657407407407407 0.2337962962962963 0.8657407407407407 0.2361111111111111 0.8611111111111112 0.24074074074074073 0.8518518518518519 0.24537037037037038 0.8472222222222222 0.24537037037037038 0.8402777777777778 0.24074074074074073 0.8402777777777778 0.23842592592592593 0.8287037037037037 0.22685185185185186 0.8194444444444444 0.22916666666666666 0.8125 0.2361111111111111 0.8125 0.24768518518518517 0.8194444444444444 0.2569444444444444 0.8194444444444444 0.2662037037037037 0.8171296296296297 0.2662037037037037 0.8148148148148148 0.2708333333333333 0.8101851851851852 0.2708333333333333 0.7962962962962963 0.2800925925925926 0.7916666666666666 0.2777777777777778 0.8101851851851852 0.26157407407407407 0.8101851851851852 0.25925925925925924 0.8055555555555556 0.2569444444444444 0.8009259259259259 0.25 0.8009259259259259 0.2337962962962963 0.8101851851851852 0.22453703703703703 0.8217592592592593 0.2222222222222222
2 0.8101851851851852 0.5439814814814815 0.8171296296296297 0.5462962962962963 0.8356481481481481 0.5671296296296297 0.8379629629629629 0.5671296296296297 0.8726851851851852 0.5995370370370371 0.875 0.5995370370370371 0.8796296296296297 0.6064814814814815 0.8865740740740741 0.6087962962962963 0.8865740740740741 0.6111111111111112 0.8796296296296297 0.6157407407407407 0.875 0.6087962962962963 0.8703703703703703 0.6064814814814815 0.8472222222222222 0.5833333333333334 0.8449074074074074 0.5833333333333334 0.8449074074074074 0.5810185185185185 0.8402777777777778 0.5787037037037037 0.8402777777777778 0.5763888888888888 0.8356481481481481 0.5740740740740741 0.8356481481481481 0.5717592592592593 0.8310185185185185 0.5694444444444444 0.8310185185185185 0.5671296296296297 0.8263888888888888 0.5648148148148148 0.8263888888888888 0.5625 0.8217592592592593 0.5601851851851852 0.8101851851851852 0.5462962962962963
2 0.7638888888888888 0.8287037037037037 0.7592592592592593 0.8217592592592593 0.7592592592592593 0.8171296296296297 0.7546296296296297 0.8125 0.7546296296296297 0.8078703703703703 0.7430555555555556 0.7939814814814815 0.7430555555555556 0.7893518518518519 0.7245370370370371 0.7615740740740741 0.7175925925925926 0.7476851851851852 0.7199074074074074 0.7430555555555556 0.7245370370370371 0.7430555555555556 0.7314814814814815 0.7615740740740741 0.7407407407407407 0.7731481481481481 0.7407407407407407 0.7777777777777778 0.7476851851851852 0.7847222222222222 0.7476851851851852 0.7893518518518519 0.7569444444444444 0.8009259259259259 0.7569444444444444 0.8055555555555556 0.7615740740740741 0.8101851851851852 0.7615740740740741 0.8148148148148148 0.7662037037037037 0.8194444444444444 0.7662037037037037 0.8240740740740741 0.7708333333333334 0.8310185185185185 0.7662037037037037 0.8287037037037037
2 0.37962962962962965 0.7430555555555556 0.37962962962962965 0.7523148148148148 0.36574074074074076 0.7685185185185185 0.36574074074074076 0.7731481481481481 0.3611111111111111 0.7777777777777778 0.35648148148148145 0.7893518518518519 0.35185185185185186 0.7939814814814815 0.35185185185185186 0.7986111111111112 0.3472222222222222 0.8032407407407407 0.3449074074074074 0.8032407407407407 0.3449074074074074 0.7962962962962963 0.3541666666666667 0.7847222222222222 0.3541666666666667 0.7800925925925926 0.3587962962962963 0.7754629629629629 0.3587962962962963 0.7708333333333334 0.36342592592592593 0.7662037037037037 0.36342592592592593 0.7615740740740741 0.3680555555555556 0.7569444444444444 0.37037037037037035 0.7476851851851852 0.375 0.7407407407407407 0.3773148148148148 0.7430555555555556
2 0.16435185185185186 0.6342592592592593 0.16435185185185186 0.6365740740740741 0.1412037037037037 0.6597222222222222 0.1388888888888889 0.6597222222222222 0.13657407407407407 0.6643518518518519 0.11805555555555555 0.6782407407407407 0.11574074074074074 0.6828703703703703 0.09490740740740741 0.7013888888888888 0.09027777777777778 0.7013888888888888 0.08796296296296297 0.6967592592592593 0.09027777777777778 0.6921296296296297 0.09722222222222222 0.6898148148148148 0.10416666666666667 0.6805555555555556 0.10648148148148148 0.6805555555555556 0.13425925925925927 0.6550925925925926 0.14583333333333334 0.6481481481481481 0.1527777777777778 0.6388888888888888 0.16203703703703703 0.6342592592592593
2 0.35185185185185186 0.4699074074074074 0.34953703703703703 0.47685185185185186 0.3425925925925926 0.4837962962962963 0.3425925925925926 0.48842592592592593 0.33796296296296297 0.4930555555555556 0.33796296296296297 0.4976851851851852 0.3287037037037037 0.5115740740740741 0.3287037037037037 0.5162037037037037 0.3148148148148148 0.5370370370370371 0.3148148148148148 0.5416666666666666 0.3055555555555556 0.5532407407407407 0.30324074074074076 0.5532407407407407 0.3055555555555556 0.5439814814814815 0.3101851851851852 0.5393518518518519 0.33101851851851855 0.4976851851851852 0.33101851851851855 0.4930555555555556 0.33564814814814814 0.49074074074074076 0.33564814814814814 0.4837962962962963 0.3402777777777778 0.48148148148148145 0.3402777777777778 0.47453703703703703 0.3449074074074074 0.4675925925925926 0.34953703703703703 0.4699074074074074
5 0.42343749999999997 0.3999999999999999 0.42656249999999996 0.396875 0.42968749999999994 0.38593750000000004 0.428125 0.3843749999999999 0.42343749999999997 0.37812500000000004 0.41406249999999994 0.37812500000000004 0.40781249999999997 0.3828125 0.40625 0.3921874999999999 0.4125 0.3999999999999999 0.42343749999999997 0.3999999999999999
5 0.1953125 0.49374999999999997 0.19062499999999993 0.4984375 0.18906249999999988 0.5046875 0.19218749999999996 0.5125 0.19999999999999996 0.5171874999999999 0.20156249999999998 0.5171874999999999 0.20624999999999993 0.5171874999999999 0.21249999999999988 0.5125 0.21406249999999993 0.5015624999999999 0.20937499999999998 0.4953125 0.19999999999999996 0.4921875 0.1953125 0.49374999999999997
5 0.3687499999999999 0.6171875 0.3578125 0.6234375 0.35624999999999996 0.6296875 0.359375 0.6375 0.3609374999999999 0.6375 0.3671875 0.640625 0.37187499999999996 0.640625 0.37968749999999996 0.634375 0.37968749999999996 0.6234375 0.375 0.61875 0.3687499999999999 0.6171875
5 0.884375 0.659375 0.8796875 0.6640625 0.878125 0.671875 0.8890625 0.6828125 0.890625 0.6828125 0.9 0.6796875 0.903125 0.6734375 0.903125 0.6671875 0.896875 0.659375 0.8890625 0.6578125 0.884375 0.659375
5 0.812903125 0.4008203124999999 0.8125 0.401184375 0.80625 0.40743437499999996 0.80625 0.41837187499999995 0.8109375 0.42305937499999996 0.8125 0.42305937499999996 0.81875 0.424621875 0.8234375 0.42149687499999994 0.82843125 0.41748437499999996 0.8276734375000001 0.4072578124999999 0.8231296874999999 0.4011984375 0.812903125 0.4008203124999999
1 0.3621406249999999 0.3480781249999999 0.3402656249999999 0.33557812499999995 0.3230781249999999 0.32932812499999986 0.3168281249999999 0.3246406249999999 0.3074531249999999 0.323078125 0.2996406249999999 0.3183906249999999 0.2918281249999999 0.3183906249999999 0.2855781249999999 0.3246406249999999 0.2855781249999999 0.3340156249999999 0.2918281249999999 0.3402656249999999 0.3105781249999999 0.3496406249999999 0.3173765625 0.350903125 0.32314218749999996 0.35330468749999994 0.3327484375 0.3590687499999999 0.33707187499999997 0.35955000000000004 0.3452390624999999 0.3624328124999999 0.3496406249999999 0.3637031249999999 0.3558906249999999 0.3652656249999999 0.36057812499999997 0.362140625 0.3637031249999999 0.3558906249999999 0.3621406249999999 0.3480781249999999
1 0.396875 0.5015624999999999 0.390625 0.4828125 0.3828125 0.4765625 0.3765624999999999 0.4765625 0.3687499999999999 0.484375 0.3687499999999999 0.48906249999999996 0.37187499999999996 0.4953125 0.372140625 0.51855625 0.37812499999999993 0.5328124999999999 0.38593749999999993 0.54375 0.3890625 0.5546875 0.39531249999999996 0.559375 0.396875 0.559375 0.4046875 0.5578124999999999 0.409375 0.5484374999999999 0.40144375 0.530565625 0.39759999999999995 0.5204781249999999 0.3942374999999999 0.5137531249999999 0.396875 0.5015624999999999
1 0.5984375 0.5125 0.5984375 0.5093749999999999 0.609375 0.4984375 0.609375 0.4921875 0.6046875 0.490625 0.596875 0.4953125 0.5890624999999999 0.5046875 0.596875 0.521875 0.5998421875 0.5296046875 0.59551875 0.5392125 0.583028125 0.5435359375 0.5719796875 0.5368109375 0.5681359375 0.530565625 0.5628515625 0.531046875 0.5614109374999999 0.534409375 0.5580484375 0.5324875 0.5527640625 0.537290625 0.548921875 0.5406546875 0.5494015625 0.537771875 0.5484374999999999 0.5359375 0.5469999999999999 0.544496875 0.546875 0.5453125 0.5546875 0.5453125 0.5656249999999999 0.5359375 0.584375 0.5515625 0.5859375 0.5515625 0.59375 0.5515625 0.6 0.5484374999999999 0.60625 0.5406249999999999 0.60625 0.528125 0.6031249999999999 0.5187499999999999 0.5984375 0.5125
1 0.709375 0.5375 0.709375 0.5406249999999999 0.7140625 0.5546875 0.71875 0.559375 0.725 0.5609375 0.728125 0.5640624999999999 0.7296875 0.5640624999999999 0.7359375 0.5656249999999999 0.7453125 0.5625 0.75 0.5578124999999999 0.7578125 0.5546875 0.7609375 0.5546875 0.771875 0.5609375 0.7734375 0.559375 0.76875 0.5499999999999999 0.759375 0.5406249999999999 0.75625 0.5390625 0.73675 0.5526640625 0.7261828124999999 0.55314375 0.7194562499999999 0.541134375 0.7276234375 0.5324875 0.731465625 0.527203125 0.731946875 0.5243203125 0.73125 0.5245531080531453 0.73125 0.5187499999999999 0.7265625 0.5109374999999999 0.71875 0.5031249999999999 0.7140625 0.5015624999999999 0.709375 0.50625 0.71875 0.5171874999999999 0.71875 0.521875 0.709375 0.5375
0 0.8495370370370371 0.7060185185185185 0.8634259259259259 0.7060185185185185 0.8634259259259259 0.7129629629629629 0.8587962962962963 0.7129629629629629 0.8541666666666666 0.7083333333333334 0.8495370370370371 0.7083333333333334 0.8472222222222222 0.7060185185185185
0 0.2916666666666667 0.6296296296296297 0.2986111111111111 0.6296296296296297 0.30092592592592593 0.6273148148148148 0.30324074074074076 0.6273148148148148 0.3055555555555556 0.6319444444444444 0.2916666666666667 0.6319444444444444 0.28935185185185186 0.6296296296296297
0 0.5625 0.5995370370370371 0.5717592592592593 0.6087962962962963 0.5740740740740741 0.6087962962962963 0.5740740740740741 0.6157407407407407 0.5717592592592593 0.6157407407407407 0.5740740740740741 0.6111111111111112 0.5671296296296297 0.6064814814814815 0.5648148148148148 0.6087962962962963 0.5648148148148148 0.6157407407407407 0.5648148148148148 0.6087962962962963 0.5625 0.6064814814814815 0.5648148148148148 0.6087962962962963 0.5671296296296297 0.6064814814814815 0.5648148148148148 0.6018518518518519
0 0.16666666666666666 0.4699074074074074 0.16898148148148148 0.4699074074074074 0.1712962962962963 0.4652777777777778 0.16666666666666666 0.46064814814814814 0.16435185185185186 0.46296296296296297 0.16435185185185186 0.4652777777777778 0.16435185185185186 0.46064814814814814 0.16666666666666666 0.46064814814814814 0.1736111111111111 0.4675925925925926 0.16898148148148148 0.4699074074074074 0.1712962962962963 0.4791666666666667 0.17592592592592593 0.48148148148148145 0.18055555555555555 0.47685185185185186 0.18055555555555555 0.47453703703703703 0.17592592592592593 0.48148148148148145 0.1712962962962963 0.48148148148148145 0.1712962962962963 0.47453703703703703 0.16898148148148148 0.4722222222222222
0 0.6504629629629629 0.3194444444444444 0.6597222222222222 0.3194444444444444 0.6643518518518519 0.31712962962962965 0.6620370370370371 0.3287037037037037 0.6574074074074074 0.3287037037037037 0.6574074074074074 0.3263888888888889 0.6597222222222222 0.3287037037037037 0.6643518518518519 0.3194444444444444 0.6620370370370371 0.31712962962962965 0.6597222222222222 0.3194444444444444 0.6527777777777778 0.3194444444444444