4 0.90768125 0.17292343749999997 0.90768125 0.21749218750000002 0.9534796875 0.217075 0.9533859375 0.1730625 0.90768125 0.17292343749999997
4 0.9125609374999999 0.706246875 0.9141874999999999 0.7521984375 0.960525 0.75341875 0.9593046875 0.7046203125 0.9125609374999999 0.706246875
4 0.8560609375 0.458296875 0.8556546875000001 0.5034359375 0.9028062499999999 0.5046546875 0.9031578125 0.45917187500000006 0.8560609375 0.458296875
4 0.737371875 0.5701265624999999 0.691034375 0.5701265624999999 0.6911390625 0.6026031250000001 0.7082109375 0.5937421875 0.7228421875000001 0.6174453125000001 0.737475 0.6172234375000001 0.737371875 0.5701265624999999
4 0.691034375 0.301153125 0.6902203124999999 0.3475109375 0.7353390625 0.3475109375 0.7356875 0.3008015625 0.691034375 0.301153125
4 0.47736562499999996 0.177690625 0.47736562499999996 0.22101874999999999 0.522840625 0.22101874999999999 0.5217578125 0.17444062500000002 0.47736562499999996 0.177690625
4 0.04102499999999988 0.1701078125 0.039942187499999976 0.21451875 0.08216874999999983 0.21560312499999998 0.08433437500000004 0.167940625 0.04102499999999988 0.1701078125
4 0.03019843749999988 0.45932500000000004 0.02803281249999993 0.5069875 0.0735062499999999 0.505903125 0.07483125000000007 0.458490625 0.03019843749999988 0.45932500000000004
4 0.024784374999999942 0.695465625 0.0237015624999999 0.7442109375000001 0.0670109374999998 0.7442109375000001 0.06804218750000002 0.6970562499999999 0.024784374999999942 0.695465625
4 0.2088484374999999 0.6423890625 0.207765625 0.6857171875 0.2521578124999999 0.6857171875 0.2521578124999999 0.6423890625 0.2088484374999999 0.6423890625
4 0.2478265624999999 0.46365781250000004 0.2478265624999999 0.505903125 0.29113593749999994 0.5069875 0.2920609375 0.4623703125 0.2478265624999999 0.46365781250000004
4 0.47890937499999997 0.4656921875000001 0.4799359374999999 0.511890625 0.5240609374999999 0.5129171875 0.5238968749999999 0.464965625 0.47890937499999997 0.4656921875000001
3 0.1574074074074074 0.33796296296296297 0.16898148148148148 0.3425925925925926 0.18287037037037038 0.3425925925925926 0.18981481481481483 0.3472222222222222 0.2013888888888889 0.3472222222222222 0.21064814814814814 0.35185185185185186 0.2222222222222222 0.35185185185185186 0.22685185185185186 0.3541666666666667 0.22685185185185186 0.36574074074074076 0.2222222222222222 0.375 0.2222222222222222 0.3888888888888889 0.2175925925925926 0.40046296296296297 0.1875 0.39814814814814814 0.18055555555555555 0.39351851851851855 0.1712962962962963 0.39351851851851855 0.16898148148148148 0.3912037037037037 0.14814814814814814 0.3888888888888889 0.14351851851851852 0.38657407407407407 0.1412037037037037 0.38425925925925924 0.14351851851851852 0.37962962962962965 0.14351851851851852 0.3587962962962963 0.14814814814814814 0.3541666666666667 0.14814814814814814 0.3425925925925926 0.1550925925925926 0.33796296296296297
3 0.3680555555555556 0.5972222222222222 0.3888888888888889 0.6111111111111112 0.39351851851851855 0.6111111111111112 0.39814814814814814 0.6157407407407407 0.4027777777777778 0.6157407407407407 0.41435185185185186 0.625 0.4050925925925926 0.6388888888888888 0.4050925925925926 0.6481481481481481 0.40046296296296297 0.6504629629629629 0.3912037037037037 0.6666666666666666 0.3819444444444444 0.6666666666666666 0.36342592592592593 0.6527777777777778 0.3587962962962963 0.6527777777777778 0.35648148148148145 0.6481481481481481 0.35185185185185186 0.6481481481481481 0.3472222222222222 0.6435185185185185 0.3425925925925926 0.6435185185185185 0.32175925925925924 0.6296296296296297 0.3263888888888889 0.6226851851851852 0.3263888888888889 0.6157407407407407 0.33101851851851855 0.6111111111111112 0.33101851851851855 0.6064814814814815 0.33564814814814814 0.6041666666666666 0.3402777777777778 0.5925925925925926 0.3449074074074074 0.5879629629629629 0.35185185185185186 0.5879629629629629 0.36574074074074076 0.5972222222222222
3 0.6759259259259259 0.4212962962962963 0.6782407407407407 0.4236111111111111 0.6944444444444444 0.4236111111111111 0.6967592592592593 0.4212962962962963 0.6990740740740741 0.4236111111111111 0.7083333333333334 0.4236111111111111 0.7152777777777778 0.42824074074074076 0.7199074074074074 0.42824074074074076 0.7222222222222222 0.43287037037037035 0.7199074074074074 0.4375 0.7199074074074074 0.45601851851851855 0.7175925925925926 0.4583333333333333 0.7175925925925926 0.4861111111111111 0.7152777777777778 0.48842592592592593 0.7152777777777778 0.5023148148148148 0.7129629629629629 0.5046296296296297 0.6851851851851852 0.5046296296296297 0.6828703703703703 0.5023148148148148 0.6689814814814815 0.5023148148148148 0.6666666666666666 0.5 0.6666666666666666 0.4675925925925926 0.6689814814814815 0.4652777777777778 0.6666666666666666 0.46296296296296297 0.6666666666666666 0.4583333333333333 0.6689814814814815 0.45601851851851855 0.6689814814814815 0.4444444444444444 0.6712962962962963 0.44212962962962965 0.6712962962962963 0.4236111111111111 0.6736111111111112 0.4236111111111111
3 0.8078703703703703 0.23148148148148148 0.8148148148148148 0.22916666666666666 0.8240740740740741 0.2337962962962963 0.8541666666666666 0.2569444444444444 0.8773148148148148 0.2708333333333333 0.8773148148148148 0.2777777777777778 0.8657407407407407 0.28935185185185186 0.8657407407407407 0.2962962962962963 0.8634259259259259 0.2962962962962963 0.8472222222222222 0.3148148148148148 0.8425925925925926 0.3148148148148148 0.8194444444444444 0.2962962962962963 0.7824074074074074 0.27314814814814814 0.7824074074074074 0.2662037037037037 0.7870370370370371 0.2638888888888889 0.7962962962962963 0.24537037037037038 0.8078703703703703 0.2337962962962963
3 0.7083333333333334 0.5972222222222222 0.7268518518518519 0.625 0.7268518518518519 0.6296296296296297 0.7361111111111112 0.6412037037037037 0.7407407407407407 0.6504629629629629 0.7407407407407407 0.6574074074074074 0.7453703703703703 0.6597222222222222 0.7453703703703703 0.6620370370370371 0.7384259259259259 0.6666666666666666 0.7361111111111112 0.6712962962962963 0.7314814814814815 0.6712962962962963 0.7268518518518519 0.6759259259259259 0.7222222222222222 0.6759259259259259 0.7199074074074074 0.6736111111111112 0.7106481481481481 0.6597222222222222 0.7106481481481481 0.6550925925925926 0.7060185185185185 0.6458333333333334 0.6921296296296297 0.6296296296296297 0.6921296296296297 0.625 0.6875 0.6157407407407407 0.6805555555555556 0.6087962962962963 0.7013888888888888 0.5949074074074074 0.7060185185185185 0.5972222222222222