4 0.09231875 0.17292343749999997 0.0466140625 0.1730625 0.0465203125 0.217075 0.09231875 0.21749218750000002 0.09231875 0.17292343749999997
4 0.08743906250000001 0.706246875 0.04069531250000001 0.7046203125 0.039475 0.75341875 0.08581250000000001 0.7521984375 0.08743906250000001 0.706246875
4 0.1439390625 0.458296875 0.0968421875 0.45917187500000006 0.09719375000000001 0.5046546875 0.14434531250000002 0.5034359375 0.1439390625 0.458296875
4 0.26262812500000005 0.5701265624999999 0.26222187500000005 0.6156718749999999 0.308965625 0.616078125 0.308965625 0.5701265624999999 0.26262812500000005 0.5701265624999999
4 0.308965625 0.301153125 0.2643125 0.3008015625 0.2646609375 0.3475109375 0.3097796875 0.3475109375 0.308965625 0.301153125
4 0.522634375 0.177690625 0.4782421875 0.17444062500000002 0.47715937500000005 0.22101874999999999 0.522634375 0.22101874999999999 0.522634375 0.177690625
4 0.9589750000000001 0.1701078125 0.9156656249999999 0.167940625 0.9178312500000002 0.21560312499999998 0.9600578125 0.21451875 0.9589750000000001 0.1701078125
4 0.9698015625000002 0.45932500000000004 0.92516875 0.458490625 0.9264937500000001 0.505903125 0.9719671875000001 0.5069875 0.9698015625000002 0.45932500000000004
4 0.975215625 0.695465625 0.9319578125 0.6970562499999999 0.9329890625000002 0.7442109375000001 0.9762984375000001 0.7442109375000001 0.975215625 0.695465625
4 0.7911515625000001 0.6423890625 0.7478421875000001 0.6423890625 0.7478421875000001 0.6857171875 0.792234375 0.6857171875 0.7911515625000001 0.6423890625
4 0.7521734375000001 0.46365781250000004 0.7079390625 0.4623703125 0.7088640625000001 0.5069875 0.7521734375000001 0.505903125 0.7521734375000001 0.46365781250000004
4 0.521090625 0.4656921875000001 0.47610312500000007 0.464965625 0.47593906250000007 0.5129171875 0.5200640625 0.511890625 0.521090625 0.4656921875000001
3 0.571684375 0.36965781250000007 0.5738500000000001 0.37534531250000003 0.57845 0.3769703125 0.580615625 0.3731796875 0.5868390625000001 0.36586718749999997 0.596040625 0.35584531250000007 0.603346875 0.34663750000000004 0.6109234375 0.337159375 0.6174187500000001 0.327409375 0.6258078125 0.3176593750000001 0.6277015625 0.313596875 0.6285140625 0.3106171875 0.6271609375000001 0.30899218749999996 0.6252671875 0.30872187500000003 0.621478125 0.30899218749999996 0.6117359375000001 0.30195000000000005 0.6030765625000001 0.2959921875 0.5968515625 0.3041171875 0.5827796875 0.32172187500000005 0.5711437500000001 0.33824218750000007 0.5554484375000001 0.3577421875 0.562484375 0.3634296875 0.5670843750000001 0.36586718749999997 0.571684375 0.36965781250000007
2 0.78748125 0.36762031250000005 0.79126875 0.378725 0.7942468749999999 0.38928750000000006 0.7993875000000001 0.401475 0.8031765625 0.4131203125 0.8099421875000002 0.42910000000000004 0.8123765625000002 0.43722343750000003 0.8123765625000002 0.442640625 0.815625 0.44480781250000007 0.8207656249999999 0.444265625 0.8226609375000001 0.444265625 0.8234718750000001 0.43912031250000005 0.816978125 0.4301828125 0.8121062500000001 0.4139328125000001 0.805340625 0.39632812500000003 0.7985765625 0.3781828125 0.7934343750000001 0.36735 0.7893749999999999 0.35353750000000006 0.7838046875000001 0.35092656250000004 0.784775 0.35678750000000004 0.7850453125 0.3611203125 0.78748125 0.36762031250000005