4 0.90768125 0.8270765625000001 0.9533859375 0.8269374999999999 0.9534796875 0.7829250000000001 0.90768125 0.7825078124999999 0.90768125 0.8270765625000001
4 0.9125609374999999 0.29375312499999995 0.9593046875 0.29537968749999993 0.960525 0.24658125 0.9141874999999999 0.2478015625 0.9125609374999999 0.29375312499999995
4 0.8560609375 0.541703125 0.9031578125 0.540828125 0.9028062499999999 0.49534531249999997 0.8556546875000001 0.49656406249999996 0.8560609375 0.541703125
4 0.737371875 0.4298734375 0.737778125 0.3843281250000001 0.691034375 0.38392187499999997 0.691034375 0.4298734375 0.737371875 0.4298734375
4 0.691034375 0.698846875 0.7356875 0.6991984375 0.7353390625 0.6524890624999999 0.6902203124999999 0.6524890624999999 0.691034375 0.698846875
4 0.47736562499999996 0.8223093750000001 0.5217578125 0.8255593750000001 0.522840625 0.7789812500000001 0.47736562499999996 0.7789812500000001 0.47736562499999996 0.8223093750000001
4 0.04102499999999988 0.8298921874999999 0.08433437500000004 0.832059375 0.08216874999999983 0.7843968750000001 0.039942187499999976 0.78548125 0.04102499999999988 0.8298921874999999
4 0.03019843749999988 0.540675 0.07483125000000007 0.541509375 0.0735062499999999 0.494096875 0.02803281249999993 0.49301249999999996 0.03019843749999988 0.540675
4 0.024784374999999942 0.304534375 0.06804218750000002 0.30294375000000007 0.0670109374999998 0.2557890624999999 0.0237015624999999 0.2557890624999999 0.024784374999999942 0.304534375
4 0.2088484374999999 0.3576109374999999 0.2521578124999999 0.3576109374999999 0.2521578124999999 0.3142828125 0.207765625 0.3142828125 0.2088484374999999 0.3576109374999999
4 0.28902812499999997 0.530728125 0.2912671875 0.5281921875 0.2911187499999999 0.5241640625 0.29113593749999994 0.49301249999999996 0.2478265624999999 0.494096875 0.2478265624999999 0.5363421875 0.2839515624999999 0.537590625 0.2839515624999999 0.5335624999999999 0.28514687499999997 0.5313249999999999 0.28902812499999997 0.530728125
4 0.47890937499999997 0.5343078124999999 0.5238968749999999 0.535034375 0.5240609374999999 0.48708281249999996 0.4799359374999999 0.488109375 0.47890937499999997 0.5343078124999999
0 0.6666666666666666 0.3611111111111111 0.6712962962962963 0.36574074074074076 0.6712962962962963 0.3726851851851852 0.6736111111111112 0.375 0.6759259259259259 0.375 0.6805555555555556 0.3680555555555556 0.6805555555555556 0.36574074074074076 0.6759259259259259 0.36342592592592593 0.6851851851851852 0.36574074074074076 0.6828703703703703 0.36574074074074076 0.6782407407407407 0.37037037037037035 0.6782407407407407 0.375 0.6736111111111112 0.3773148148148148 0.6712962962962963 0.375 0.6712962962962963 0.36574074074074076 0.6689814814814815 0.36342592592592593
0 0.8287037037037037 0.5162037037037037 0.8263888888888888 0.5069444444444444 0.8263888888888888 0.5115740740740741 0.8287037037037037 0.5138888888888888 0.8310185185185185 0.5115740740740741 0.8402777777777778 0.5231481481481481 0.8356481481481481 0.5254629629629629 0.8402777777777778 0.5231481481481481 0.8356481481481481 0.5208333333333334 0.8310185185185185 0.5115740740740741 0.8287037037037037 0.5138888888888888
0 0.6643518518518519 0.7337962962962963 0.6643518518518519 0.7407407407407407 0.6550925925925926 0.7361111111111112 0.6550925925925926 0.7337962962962963 0.6550925925925926 0.7361111111111112 0.6620370370370371 0.7407407407407407 0.6643518518518519 0.7361111111111112
0 0.46064814814814814 0.7731481481481481 0.011574074074074073 0.020833333333333332
0 0.10648148148148148 0.7731481481481481 0.11342592592592593 0.7824074074074074 0.11574074074074074 0.7800925925925926 0.11342592592592593 0.7731481481481481 0.11574074074074074 0.7847222222222222 0.1087962962962963 0.7800925925925926 0.10648148148148148 0.7754629629629629
0 0.28935185185185186 0.5277777777777778 0.2916666666666667 0.5231481481481481 0.2962962962962963 0.5231481481481481 0.29398148148148145 0.5300925925925926 0.2847222222222222 0.5300925925925926 0.2824074074074074 0.5324074074074074 0.2847222222222222 0.5370370370370371 0.28935185185185186 0.5370370370370371 0.28703703703703703 0.5393518518518519 0.2824074074074074 0.5370370370370371 0.2824074074074074 0.5324074074074074 0.28703703703703703 0.5300925925925926
0 0.48148148148148145 0.6064814814814815 0.47685185185185186 0.6087962962962963 0.4791666666666667 0.6111111111111112 0.4837962962962963 0.6111111111111112 0.47685185185185186 0.6111111111111112 0.47685185185185186 0.6064814814814815 0.4791666666666667 0.6041666666666666
0 0.2662037037037037 0.31712962962962965 0.2662037037037037 0.32407407407407407 0.26851851851851855 0.3263888888888889 0.2708333333333333 0.32407407407407407 0.2708333333333333 0.33101851851851855 0.2662037037037037 0.32407407407407407 0.2662037037037037 0.3194444444444444