4 0.09231875 0.8270765625000001 0.09231875 0.7825078124999999 0.0465203125 0.7829250000000001 0.0466140625 0.8269374999999999 0.09231875 0.8270765625000001
4 0.08743906250000001 0.29375312499999995 0.08581250000000001 0.2478015625 0.039475 0.24658125 0.04069531250000001 0.29537968749999993 0.08743906250000001 0.29375312499999995
4 0.1439390625 0.541703125 0.14434531250000002 0.49656406249999996 0.09719375000000001 0.49534531249999997 0.0968421875 0.540828125 0.1439390625 0.541703125
4 0.26262812500000005 0.4298734375 0.308965625 0.4298734375 0.308965625 0.38392187499999997 0.26222187500000005 0.3843281250000001 0.26262812500000005 0.4298734375
4 0.308965625 0.698846875 0.3097796875 0.6524890624999999 0.2646609375 0.6524890624999999 0.2643125 0.6991984375 0.308965625 0.698846875
4 0.522634375 0.8223093750000001 0.522634375 0.7789812500000001 0.47715937500000005 0.7789812500000001 0.4782421875 0.8255593750000001 0.522634375 0.8223093750000001
4 0.9589750000000001 0.8298921874999999 0.9600578125 0.78548125 0.9178312500000002 0.7843968750000001 0.9156656249999999 0.832059375 0.9589750000000001 0.8298921874999999
4 0.9698015625000002 0.540675 0.9719671875000001 0.49301249999999996 0.9264937500000001 0.494096875 0.92516875 0.541509375 0.9698015625000002 0.540675
4 0.975215625 0.304534375 0.9762984375000001 0.2557890624999999 0.9329890625000002 0.2557890624999999 0.9319578125 0.30294375000000007 0.975215625 0.304534375
4 0.7911515625000001 0.3576109374999999 0.792234375 0.3142828125 0.7478421875000001 0.3142828125 0.7478421875000001 0.3576109374999999 0.7911515625000001 0.3576109374999999
4 0.7521734375000001 0.5363421875 0.7521734375000001 0.494096875 0.7088640625000001 0.49301249999999996 0.7079390625 0.5376296875 0.7521734375000001 0.5363421875
3 0.26691718750000004 0.7952578125 0.2741234375 0.7932562499999999 0.2749234375 0.7880484375 0.28973593750000004 0.776834375 0.24449843750000005 0.7159578125 0.22608281250000004 0.726771875 0.218878125 0.7279734374999999 0.21647500000000003 0.7331796875 0.2000625 0.74399375 0.25330625000000007 0.8072734375 0.26691718750000004 0.7952578125
3 0.5159234375 0.5464749999999999 0.521128125 0.5436718749999999 0.5231296875 0.5384640625 0.5391421875 0.529253125 0.4991093750000001 0.46357031249999997 0.4790921875000001 0.47438281250000003 0.4722875000000001 0.4759859375 0.469084375 0.48039062499999996 0.45307187500000007 0.49160468749999997 0.49790781250000005 0.5564874999999999 0.5159234375 0.5464749999999999
3 0.4826281250000001 0.31909375 0.4835875 0.31621406249999995 0.4832046875 0.3137203125 0.47840781250000003 0.2887687500000001 0.39763906250000003 0.303546875 0.40166875 0.32581093749999995 0.4005171875000001 0.32964999999999994 0.40302968750000007 0.3325296875 0.4826281250000001 0.31909375
3 0.8560796875 0.27101406250000004 0.8892578125 0.34241249999999995 0.9099171875000001 0.33322656249999993 0.9161765625 0.33259999999999984 0.9186812500000001 0.3294687500000001 0.9376703125000001 0.3200734374999999 0.9042828125 0.24742343749999993 0.88800625 0.25598281249999993 0.8827890625000001 0.25473125 0.856496875 0.26934374999999994 0.8560796875 0.27101406250000004
3 0.7524156250000001 0.631490625 0.766715625 0.6220296875 0.7330421875 0.5518859374999999 0.7150531250000001 0.560884375 0.710671875 0.5604234375 0.7081343750000001 0.560653125 0.7053671875 0.563653125 0.7049046875000001 0.566884375 0.74180625 0.6364312500000001 0.7524156250000001 0.631490625
5 0.2222222222222222 0.24768518518518517 0.2222222222222222 0.2569444444444444 0.2199074074074074 0.25925925925925924 0.2152777777777778 0.26157407407407407 0.2037037037037037 0.26157407407407407 0.19907407407407407 0.25925925925925924 0.2037037037037037 0.26157407407407407 0.2199074074074074 0.25925925925925924 0.2222222222222222 0.2569444444444444 0.2222222222222222 0.25
5 0.08796296296296297 0.7222222222222222 0.09490740740740741 0.7268518518518519 0.09722222222222222 0.7245370370370371 0.10648148148148148 0.7245370370370371 0.09953703703703703 0.7245370370370371 0.09722222222222222 0.7268518518518519 0.09259259259259259 0.7268518518518519 0.09027777777777778 0.7245370370370371
5 0.6342592592592593 0.6064814814814815 0.6319444444444444 0.6134259259259259 0.6342592592592593 0.6157407407407407 0.6342592592592593 0.6203703703703703 0.6388888888888888 0.625 0.6527777777777778 0.625 0.6574074074074074 0.6203703703703703 0.6574074074074074 0.6180555555555556 0.6574074074074074 0.6226851851851852 0.6527777777777778 0.625 0.6388888888888888 0.625 0.6319444444444444 0.6157407407407407 0.6319444444444444 0.6111111111111112 0.6342592592592593 0.6087962962962963
5 0.9189814814814815 0.5439814814814815 0.9259259259259259 0.5486111111111112 0.9259259259259259 0.5601851851851852 0.9212962962962963 0.5648148148148148 0.9074074074074074 0.5648148148148148 0.9050925925925926 0.5625 0.9097222222222222 0.5648148148148148 0.9212962962962963 0.5648148148148148 0.9259259259259259 0.5601851851851852 0.9259259259259259 0.5486111111111112 0.9212962962962963 0.5439814814814815
5 0.875 0.6898148148148148 0.03009259259259259 0.02546296296296296
0 0.5046296296296297 0.6782407407407407 0.5046296296296297 0.6759259259259259 0.5092592592592593 0.6782407407407407 0.5069444444444444 0.6782407407407407 0.4976851851851852 0.6875 0.4976851851851852 0.6898148148148148 0.5023148148148148 0.6921296296296297 0.5046296296296297 0.6898148148148148 0.49537037037037035 0.6944444444444444 0.5023148148148148 0.6805555555555556
0 0.38657407407407407 0.6180555555555556 0.39351851851851855 0.6157407407407407 0.39351851851851855 0.6226851851851852 0.39814814814814814 0.625 0.40046296296296297 0.6319444444444444 0.39351851851851855 0.6226851851851852 0.39351851851851855 0.6180555555555556 0.3912037037037037 0.6157407407407407 0.3888888888888889 0.6180555555555556
0 0.4074074074074074 0.4699074074074074 0.4050925925925926 0.47685185185185186 0.4027777777777778 0.4791666666666667 0.39814814814814814 0.4791666666666667 0.4027777777777778 0.4791666666666667 0.4050925925925926 0.47685185185185186 0.4050925925925926 0.4722222222222222
0 0.7083333333333334 0.35648148148148145 0.7083333333333334 0.3541666666666667 0.7152777777777778 0.3541666666666667 0.7083333333333334 0.36574074074074076 0.7083333333333334 0.36342592592592593 0.7037037037037037 0.3611111111111111 0.7060185185185185 0.3587962962962963
0 0.15046296296296297 0.48842592592592593 0.1527777777777778 0.48842592592592593 0.16203703703703703 0.4791666666666667 0.16203703703703703 0.48148148148148145 0.1574074074074074 0.4837962962962963 0.1597222222222222 0.48842592592592593 0.16203703703703703 0.4861111111111111 0.1597222222222222 0.48842592592592593 0.1550925925925926 0.4861111111111111 0.14814814814814814 0.4930555555555556 0.1527777777777778 0.4976851851851852 0.1550925925925926 0.4976851851851852 0.1574074074074074 0.4930555555555556 0.1574074074074074 0.4976851851851852 0.15046296296296297 0.4976851851851852 0.14814814814814814 0.49074074074074076
0 0.7220500000000001 0.22505781249999993 0.7223984375 0.22575624999999988 0.7264109375 0.2294218749999999 0.7276312500000002 0.23046875 0.7285046875 0.23186406249999988 0.7311203125 0.23343593749999994 0.7335625000000001 0.2355296874999999 0.7344359374999999 0.23727499999999996 0.7342609375000001 0.2388453125 0.7337375 0.23989218749999996 0.734609375 0.23936875000000005 0.7328656250000001 0.2423359375 0.7311203125 0.24460468749999997 0.7302484375 0.24565156249999995 0.7276312500000002 0.24827031249999998 0.7255390625000001 0.25071406249999995 0.7234453125000001 0.25315624999999997 0.7201312500000001 0.2562984374999999 0.718909375 0.25909062499999996 0.7187343750000001 0.26432656249999986 0.719084375 0.26607187499999996 0.7194328125 0.2674671874999999 0.71995625 0.26938750000000006 0.7211765625000001 0.27113281249999993 0.7217 0.2734015624999999 0.7225734375 0.27479843749999994 0.72379375 0.27619374999999996 0.7255390625000001 0.277590625 0.7262359375 0.2789859374999999 0.7285046875 0.2800343749999999 0.7307718750000001 0.28108125 0.7335625000000001 0.28247656250000003 0.7370515625000001 0.28282656249999993 0.7403671875 0.28317499999999995 0.7450765625000001 0.2826515624999999 0.7490890625 0.2814296875 0.7515312500000001 0.2800343749999999 0.7544968750000001 0.2779390624999999 0.7558921875000001 0.27724062499999996 0.7571140625 0.2756703124999999 0.75955625 0.273925 0.7642656250000001 0.27148125 0.7654875 0.27305312500000006 0.7670578124999999 0.27479843749999994 0.7677546875 0.27584531249999994 0.76915 0.2767171874999999 0.7708953125000001 0.27828906249999996 0.7710703125000001 0.2788125 0.7735124999999999 0.27951093749999995 0.7733375 0.2803828124999999 0.7750828125 0.28073124999999993 0.7757796875000001 0.28177968749999993 0.776303125 0.28125625 0.7773500000000001 0.282303125 0.7780484375000001 0.2814296875 0.778396875 0.279684375 0.7770015625000001 0.27654375000000003 0.7742093750000001 0.2740999999999999 0.7728140625000001 0.27130781249999997 0.7698484375 0.26834062499999994 0.7677546875 0.2674671874999999 0.7649640624999999 0.26694374999999987 0.7621734375000001 0.26711875000000007 0.7599046875000001 0.2685156249999999 0.75571875 0.27148125 0.7527531250000001 0.27479843749999994 0.750484375 0.2767171874999999 0.7473453125 0.27916093750000004 0.744903125 0.27951093749999995 0.7412390625 0.27951093749999995 0.7365281250000001 0.27846249999999995 0.732690625 0.27619374999999996 0.7299000000000001 0.27305312500000006 0.7264109375 0.2695624999999999 0.7241421875 0.26607187499999996 0.7232703125 0.2618828125 0.7246656250000001 0.25786875 0.7255390625000001 0.256821875 0.7267593750000001 0.2538546874999999 0.729028125 0.2510625 0.7321671875 0.24669999999999992 0.7353078125000001 0.24408124999999992 0.7384484375000001 0.24163750000000003 0.73984375 0.23675156250000004 0.7382734375000001 0.23273749999999999 0.7342609375000001 0.22820000000000001 0.7302484375 0.22505781249999993 0.726934375 0.22209062499999987 0.72265625 0.22158124999999998 0.7220500000000001 0.22505781249999993
1 0.7220500000000001 0.22505781249999993 0.7223984375 0.22575624999999988 0.7264109375 0.2294218749999999 0.7276312500000002 0.23046875 0.7285046875 0.23186406249999988 0.7311203125 0.23343593749999994 0.7335625000000001 0.2355296874999999 0.7344359374999999 0.23727499999999996 0.7342609375000001 0.2388453125 0.7337375 0.23989218749999996 0.734609375 0.23936875000000005 0.7328656250000001 0.2423359375 0.7311203125 0.24460468749999997 0.7302484375 0.24565156249999995 0.7276312500000002 0.24827031249999998 0.7255390625000001 0.25071406249999995 0.7234453125000001 0.25315624999999997 0.7201312500000001 0.2562984374999999 0.718909375 0.25909062499999996 0.7187343750000001 0.26432656249999986 0.719084375 0.26607187499999996 0.7194328125 0.2674671874999999 0.71995625 0.26938750000000006 0.7211765625000001 0.27113281249999993 0.7217 0.2734015624999999 0.7225734375 0.27479843749999994 0.72379375 0.27619374999999996 0.7255390625000001 0.277590625 0.7262359375 0.2789859374999999 0.7285046875 0.2800343749999999 0.7307718750000001 0.28108125 0.7335625000000001 0.28247656250000003 0.7370515625000001 0.28282656249999993 0.7403671875 0.28317499999999995 0.7450765625000001 0.2826515624999999 0.7490890625 0.2814296875 0.7515312500000001 0.2800343749999999 0.7544968750000001 0.2779390624999999 0.7558921875000001 0.27724062499999996 0.7571140625 0.2756703124999999 0.75955625 0.273925 0.7642656250000001 0.27148125 0.7654875 0.27305312500000006 0.7670578124999999 0.27479843749999994 0.7677546875 0.27584531249999994 0.76915 0.2767171874999999 0.7708953125000001 0.27828906249999996 0.7710703125000001 0.2788125 0.7735124999999999 0.27951093749999995 0.7733375 0.2803828124999999 0.7750828125 0.28073124999999993 0.7757796875000001 0.28177968749999993 0.776303125 0.28125625 0.7773500000000001 0.282303125 0.7780484375000001 0.2814296875 0.778396875 0.279684375 0.7770015625000001 0.27654375000000003 0.7742093750000001 0.2740999999999999 0.7728140625000001 0.27130781249999997 0.7698484375 0.26834062499999994 0.7677546875 0.2674671874999999 0.7649640624999999 0.26694374999999987 0.7621734375000001 0.26711875000000007 0.7599046875000001 0.2685156249999999 0.75571875 0.27148125 0.7527531250000001 0.27479843749999994 0.750484375 0.2767171874999999 0.7473453125 0.27916093750000004 0.744903125 0.27951093749999995 0.7412390625 0.27951093749999995 0.7365281250000001 0.27846249999999995 0.732690625 0.27619374999999996 0.7299000000000001 0.27305312500000006 0.7264109375 0.2695624999999999 0.7241421875 0.26607187499999996 0.7232703125 0.2618828125 0.7246656250000001 0.25786875 0.7255390625000001 0.256821875 0.7267593750000001 0.2538546874999999 0.729028125 0.2510625 0.7321671875 0.24669999999999992 0.7353078125000001 0.24408124999999992 0.7384484375000001 0.24163750000000003 0.73984375 0.23675156250000004 0.7382734375000001 0.23273749999999999 0.7342609375000001 0.22820000000000001 0.7302484375 0.22505781249999993 0.726934375 0.22209062499999987 0.72265625 0.22158124999999998 0.7220500000000001 0.22505781249999993
1 0.3987609375 0.8037656249999999 0.4029281250000001 0.8024500000000001 0.40556093750000005 0.8015718749999999 0.40797343750000004 0.8015718749999999 0.40907031250000003 0.8028875 0.41192187500000005 0.8048625 0.4163078125000001 0.8050828125 0.4180625 0.8046437499999999 0.4233265625 0.80266875 0.42771250000000005 0.8009140625 0.43275781249999995 0.7989390624999999 0.43911875000000006 0.7938921874999999 0.44131250000000005 0.7919171875000001 0.44131250000000005 0.789503125 0.44131250000000005 0.7864312499999999 0.4430671875 0.785334375 0.4472343750000001 0.7835781250000001 0.45359375 0.7811640625 0.45820000000000005 0.7785312500000001 0.46149062500000004 0.775240625 0.4628062500000001 0.7710703125 0.4630265625 0.7664625 0.4599546875 0.761415625 0.4551296875000001 0.75636875 0.449865625 0.7565875 0.44547968750000005 0.7592218749999999 0.4397765625 0.7629515625000001 0.4360484375000001 0.7642687499999999 0.43297656250000005 0.7664625 0.43188125 0.769315625 0.42837187500000007 0.773265625 0.4222296875 0.7778734375 0.4180625 0.7807249999999999 0.414334375 0.7829203125 0.407753125 0.7837984374999999 0.4031484375 0.78445625 0.4016125 0.78445625 0.4007343750000001 0.7820421875 0.3987609375 0.779628125 0.3928390625 0.7822609375 0.38889062500000005 0.784675 0.38472343750000004 0.7868703125000001 0.3825296875 0.78840625 0.38187187499999997 0.7952078124999999 0.3831890625 0.797621875 0.38582031250000004 0.8022296875 0.3882328125 0.8042046875 0.3926203125 0.8048625 0.3987609375 0.8037656249999999
1 0.6042765625000001 0.553884375 0.6058125 0.5558593749999999 0.6091015625000001 0.5587125 0.6134890625000001 0.5598093749999999 0.6174375000000002 0.5595890625 0.6218234375 0.5573953125 0.6242359375000001 0.55498125 0.624675 0.5508125 0.6251140625 0.5464234375 0.6240171875 0.5420359374999999 0.6233593749999999 0.5374265625 0.6248937500000001 0.53479375 0.6266484375 0.53084375 0.6277453125000001 0.5262359375 0.6270875000000001 0.5222859375 0.6270875000000001 0.517678125 0.6268687500000001 0.5097796874999999 0.6255515625000001 0.50473125 0.6227000000000001 0.5001234375 0.6220421875000001 0.4968328125 0.620946875 0.4931015625 0.6200687500000001 0.48651875 0.6191921875 0.4816921874999999 0.61524375 0.47730312499999994 0.6110765625 0.47357343749999997 0.6044953125 0.47225625 0.599890625 0.476425 0.5970390625 0.480375 0.5974781250000001 0.4836671875 0.597696875 0.48915312499999997 0.5979156250000001 0.493540625 0.5974781250000001 0.501440625 0.5996703124999999 0.5064875 0.602303125 0.511534375 0.6038375000000001 0.5168 0.6042765625000001 0.519653125 0.6040578124999999 0.52448125 0.6034 0.52886875 0.602303125 0.53676875 0.6029609375 0.541596875 0.602521875 0.547959375 0.6042765625000001 0.553884375
1 0.12622500000000003 0.3736562499999999 0.128821875 0.3701140625 0.130475 0.36255468750000003 0.13259843750000003 0.35475937499999993 0.13472343750000002 0.35192500000000004 0.1410984375 0.3542874999999999 0.14770937500000003 0.3542874999999999 0.1536125 0.35357968749999996 0.15951406250000003 0.3528703125 0.1637640625 0.34932656250000005 0.16636093750000003 0.34649218749999994 0.16848593750000002 0.34295000000000003 0.17179218750000003 0.3372812500000001 0.17250000000000001 0.33255625000000005 0.172971875 0.32476249999999995 0.166596875 0.31696718749999986 0.15927812500000002 0.3138968749999999 0.15337656250000004 0.31271562499999994 0.14770937500000003 0.31153437500000003 0.1427515625 0.3086999999999999 0.14157031250000002 0.30751874999999995 0.139446875 0.30492031249999996 0.13897343750000002 0.3020859375 0.139209375 0.299725 0.14062656250000002 0.29712656249999986 0.14157031250000002 0.29358281249999996 0.1422796875 0.2898031249999999 0.1408625 0.28649687500000004 0.13802968750000003 0.28814999999999996 0.13472343750000002 0.2952359375 0.133071875 0.2994875 0.13259843750000003 0.30515781249999996 0.13259843750000003 0.3084640624999999 0.13802968750000003 0.3138968749999999 0.14676562500000004 0.31436875 0.1526671875 0.3160218749999999 0.15691718750000003 0.31814843749999994 0.16045937500000004 0.32074687499999993 0.1637640625 0.3238171874999999 0.164 0.3290140625 0.1637640625 0.33113906249999986 0.1637640625 0.33515468750000005 0.16187500000000002 0.33893437499999995 0.15762500000000002 0.3438953125 0.1536125 0.34696562499999994 0.1505421875 0.3479093749999999 0.14133437499999998 0.34861875 0.1359046875 0.34861875 0.1285859375 0.3479093749999999 0.121975 0.34861875 0.119378125 0.35594062499999995 0.1174890625 0.36137343749999995 0.11796093750000002 0.3668062499999999 0.11866874999999999 0.3708218750000001 0.12008593750000002 0.3722390625 0.12622500000000003 0.3736562499999999
1 0.5964453125 0.8057671875 0.598159375 0.8034078125 0.601803125 0.797834375 0.6043750000000001 0.7941890625 0.6067328125000001 0.7914015624999999 0.608446875 0.7924734375 0.610375 0.7950468749999999 0.6140187500000001 0.7995484374999999 0.6159468750000001 0.8010499999999999 0.6195906250000001 0.80255 0.6208765625 0.8040515625 0.6260203125000001 0.808125 0.6320203125 0.8102687500000001 0.6356640625 0.8102687500000001 0.64209375 0.8085546874999999 0.6465937500000001 0.8057671875 0.6493796875000001 0.8040515625 0.6517375000000001 0.8008359374999999 0.653665625 0.7971906249999999 0.6545234375 0.792903125 0.6549515625 0.7879718750000001 0.650665625 0.7766078125 0.6463796875000001 0.768459375 0.644021875 0.7650296875 0.6412359375000001 0.7624562500000001 0.6433796875 0.7590265625 0.645521875 0.7566671875 0.6489515625000001 0.7528078125000001 0.6493796875000001 0.7489484375000001 0.64809375 0.7468046875 0.645521875 0.747234375 0.642521875 0.7489484375000001 0.639521875 0.7547375000000001 0.6360921875000001 0.7577390625 0.6356640625 0.7581687500000001 0.6341640625000001 0.7611703125 0.63395 0.7622421875000001 0.6350218750000001 0.7680312499999999 0.6384500000000001 0.7701749999999999 0.6405937500000001 0.77231875 0.6433796875 0.775321875 0.6465937500000001 0.7821828124999999 0.646165625 0.7873281249999999 0.6463796875000001 0.7950468749999999 0.6431656250000001 0.8010499999999999 0.6386640625 0.8044796874999999 0.6358781250000001 0.80598125 0.63245 0.806409375 0.6249484375000001 0.8034078125 0.6161625000000001 0.7937593749999999 0.6138046875000001 0.7922593749999999 0.6116609375000001 0.7890437499999999 0.6067328125000001 0.786684375 0.603303125 0.7868984374999999 0.600303125 0.7864703125 0.600303125 0.78775625 0.5964453125 0.7922593749999999 0.5934453125 0.796546875 0.592159375 0.7997640625 0.5923734375 0.80598125 0.59505625 0.8078390624999999 0.5964453125 0.8057671875
2 0.7476851851851852 0.7546296296296297 0.7800925925925926 0.7708333333333334 0.75 0.7546296296296297
2 0.8240740740740741 0.44212962962962965 0.8310185185185185 0.4537037037037037 0.8356481481481481 0.45601851851851855 0.8495370370370371 0.4722222222222222 0.8472222222222222 0.4722222222222222 0.8402777777777778 0.46064814814814814 0.8333333333333334 0.45601851851851855 0.8240740740740741 0.4444444444444444
2 0.5694444444444444 0.34953703703703703 0.5787037037037037 0.3587962962962963 0.5810185185185185 0.3587962962962963 0.5810185185185185 0.3611111111111111 0.5949074074074074 0.375 0.5879629629629629 0.37037037037037035 0.5879629629629629 0.3680555555555556 0.5833333333333334 0.36574074074074076 0.5763888888888888 0.35648148148148145 0.5740740740740741 0.35648148148148145 0.5717592592592593 0.3611111111111111 0.5763888888888888 0.36342592592592593 0.5810185185185185 0.3726851851851852 0.5925925925925926 0.38425925925925924 0.5949074074074074 0.38425925925925924 0.5879629629629629 0.3819444444444444 0.5879629629629629 0.37962962962962965 0.5833333333333334 0.3773148148148148 0.5787037037037037 0.3680555555555556 0.5717592592592593 0.3611111111111111 0.5740740740740741 0.35648148148148145 0.5717592592592593 0.35185185185185186
2 0.27546296296296297 0.34953703703703703 0.2824074074074074 0.3449074074074074 0.2824074074074074 0.3472222222222222 0.28935185185185186 0.35185185185185186 0.2986111111111111 0.35185185185185186 0.28935185185185186 0.35185185185185186 0.2800925925925926 0.3449074074074074 0.2777777777777778 0.3472222222222222
2 0.2361111111111111 0.5856481481481481 0.27546296296296297 0.5879629629629629 0.26157407407407407 0.5879629629629629 0.25925925925925924 0.5902777777777778 0.26157407407407407 0.5925925925925926 0.2662037037037037 0.5925925925925926 0.25925925925925924 0.5925925925925926 0.2569444444444444 0.5902777777777778 0.2337962962962963 0.5902777777777778 0.23148148148148148 0.5925925925925926 0.22685185185185186 0.5925925925925926 0.22685185185185186 0.5902777777777778 0.22916666666666666 0.5925925925925926 0.23148148148148148 0.5902777777777778 0.25925925925925924 0.5902777777777778 0.26157407407407407 0.5879629629629629 0.25925925925925924 0.5856481481481481 0.23842592592592593 0.5856481481481481