4 0.09231875 0.8270765625000001 0.09231875 0.7825078124999999 0.0465203125 0.7829250000000001 0.0466140625 0.8269374999999999 0.09231875 0.8270765625000001
4 0.08743906250000001 0.29375312499999995 0.08581250000000001 0.2478015625 0.039475 0.24658125 0.04069531250000001 0.29537968749999993 0.08743906250000001 0.29375312499999995
4 0.1439390625 0.541703125 0.14434531250000002 0.49656406249999996 0.09719375000000001 0.49534531249999997 0.0968421875 0.540828125 0.1439390625 0.541703125
4 0.26262812500000005 0.4298734375 0.308965625 0.4298734375 0.308965625 0.38392187499999997 0.26222187500000005 0.3843281250000001 0.26262812500000005 0.4298734375
4 0.308965625 0.698846875 0.3097796875 0.6524890624999999 0.2646609375 0.6524890624999999 0.2643125 0.6991984375 0.308965625 0.698846875
4 0.522634375 0.8223093750000001 0.522634375 0.7789812500000001 0.47715937500000005 0.7789812500000001 0.4782421875 0.8255593750000001 0.522634375 0.8223093750000001
4 0.9589750000000001 0.8298921874999999 0.9600578125 0.78548125 0.9178312500000002 0.7843968750000001 0.9156656249999999 0.832059375 0.9589750000000001 0.8298921874999999
4 0.9698015625000002 0.540675 0.9719671875000001 0.49301249999999996 0.9264937500000001 0.494096875 0.92516875 0.541509375 0.9698015625000002 0.540675
4 0.975215625 0.304534375 0.9762984375000001 0.2557890624999999 0.9329890625000002 0.2557890624999999 0.9319578125 0.30294375000000007 0.975215625 0.304534375
4 0.7911515625000001 0.3576109374999999 0.792234375 0.3142828125 0.7478421875000001 0.3142828125 0.7478421875000001 0.3576109374999999 0.7911515625000001 0.3576109374999999
4 0.7521734375000001 0.5363421875 0.7521734375000001 0.494096875 0.7088640625000001 0.49301249999999996 0.7079390625 0.5376296875 0.7521734375000001 0.5363421875
4 0.521090625 0.5343078124999999 0.5200640625 0.488109375 0.47593906250000007 0.48708281249999996 0.47610312500000007 0.535034375 0.521090625 0.5343078124999999
1 0.3976453125 0.7021078125 0.4017921875 0.6971265625 0.4034515625 0.6871640625 0.39930312500000004 0.679278125 0.39391250000000005 0.674296875 0.3856156250000001 0.6630890625 0.38022500000000004 0.65395625 0.37897968750000005 0.646484375 0.37607656250000004 0.6356921874999999 0.36985468750000006 0.6273906249999999 0.361975 0.6249 0.355753125 0.6282203125 0.3536796875 0.633615625 0.3536796875 0.6385968750000001 0.35533750000000003 0.6469 0.3574125000000001 0.6522953125 0.35990000000000005 0.6605984374999999 0.3644625 0.6705609375 0.37234375000000003 0.6855046874999999 0.3793953125 0.6942218750000001 0.3875703125 0.7029015625 0.3976453125 0.7021078125
1 0.6050296875000001 0.6373515625 0.6187156250000001 0.64606875 0.6257671875 0.6514656249999999 0.6311593750000001 0.6568624999999999 0.6377953125 0.6572765625000001 0.64775 0.6527109375000001 0.6485796875000001 0.6456546875 0.64775 0.639428125 0.6423578125 0.63403125 0.6332328125000001 0.6282203125 0.620790625 0.6203328124999999 0.6066875 0.609125 0.5975625 0.6028984374999999 0.5905125 0.599578125 0.585534375 0.597503125 0.58263125 0.5987484375 0.57806875 0.59999375 0.575165625 0.604559375 0.5743359375 0.6074656249999999 0.5743359375 0.6116156249999999 0.576409375 0.6157671875 0.576825 0.6170125 0.5834609375 0.6211640625 0.5880734375000001 0.625053125 0.6050296875000001 0.6373515625
5 0.5601851851851852 0.6319444444444444 0.5601851851851852 0.6412037037037037 0.5648148148148148 0.6458333333333334 0.5625 0.6458333333333334 0.5601851851851852 0.6412037037037037 0.5601851851851852 0.6342592592592593
5 0.41898148148148145 0.6875 0.42824074074074076 0.6944444444444444 0.4351851851851852 0.6921296296296297 0.42592592592592593 0.6944444444444444 0.41898148148148145 0.6898148148148148