4 0.09231875 0.17292343749999997 0.0466140625 0.1730625 0.0465203125 0.217075 0.09231875 0.21749218750000002 0.09231875 0.17292343749999997
4 0.08743906250000001 0.706246875 0.04069531250000001 0.7046203125 0.039475 0.75341875 0.08581250000000001 0.7521984375 0.08743906250000001 0.706246875
4 0.1439390625 0.458296875 0.0968421875 0.45917187500000006 0.09719375000000001 0.5046546875 0.14434531250000002 0.5034359375 0.1439390625 0.458296875
4 0.26262812500000005 0.5701265624999999 0.26222187500000005 0.6156718749999999 0.308965625 0.616078125 0.308965625 0.5701265624999999 0.26262812500000005 0.5701265624999999
4 0.308965625 0.301153125 0.2643125 0.3008015625 0.2646609375 0.3475109375 0.3097796875 0.3475109375 0.308965625 0.301153125
4 0.522634375 0.177690625 0.4782421875 0.17444062500000002 0.47715937500000005 0.22101874999999999 0.522634375 0.22101874999999999 0.522634375 0.177690625
4 0.9589750000000001 0.1701078125 0.9156656249999999 0.167940625 0.9178312500000002 0.21560312499999998 0.9600578125 0.21451875 0.9589750000000001 0.1701078125
4 0.9698015625000002 0.45932500000000004 0.92516875 0.458490625 0.9264937500000001 0.505903125 0.9719671875000001 0.5069875 0.9698015625000002 0.45932500000000004
4 0.975215625 0.695465625 0.9319578125 0.6970562499999999 0.9329890625000002 0.7442109375000001 0.9762984375000001 0.7442109375000001 0.975215625 0.695465625
4 0.7911515625000001 0.6423890625 0.7478421875000001 0.6423890625 0.7478421875000001 0.6857171875 0.792234375 0.6857171875 0.7911515625000001 0.6423890625
4 0.7521734375000001 0.46365781250000004 0.7079390625 0.4623703125 0.7088640625000001 0.5069875 0.7521734375000001 0.505903125 0.7521734375000001 0.46365781250000004
4 0.521090625 0.4656921875000001 0.47610312500000007 0.464965625 0.47593906250000007 0.5129171875 0.5200640625 0.511890625 0.521090625 0.4656921875000001
0 0.11342592592592593 0.7152777777777778 0.12037037037037036 0.7152777777777778 0.12037037037037036 0.7314814814814815 0.11574074074074074 0.7291666666666666 0.11342592592592593 0.7175925925925926
0 0.1875 0.4861111111111111 0.013888888888888888 0.020833333333333332
0 0.10648148148148148 0.16898148148148148 0.1087962962962963 0.16898148148148148 0.1087962962962963 0.18287037037037038 0.1111111111111111 0.18518518518518517 0.1087962962962963 0.1875 0.10185185185185185 0.18518518518518517 0.10648148148148148 0.1712962962962963
0 0.33564814814814814 0.2569444444444444 0.3402777777777778 0.2569444444444444 0.3402777777777778 0.2662037037037037 0.33564814814814814 0.27314814814814814 0.3333333333333333 0.27314814814814814 0.3333333333333333 0.26157407407407407 0.33564814814814814 0.25925925925925924
0 0.5856481481481481 0.3611111111111111 0.5833333333333334 0.36342592592592593 0.5856481481481481 0.36574074074074076 0.5833333333333334 0.3773148148148148 0.5810185185185185 0.37962962962962965 0.5787037037037037 0.3773148148148148 0.5810185185185185 0.3773148148148148 0.5856481481481481 0.37037037037037035 0.5856481481481481 0.36574074074074076 0.5833333333333334 0.36342592592592593
0 0.8541666666666666 0.2037037037037037 0.8541666666666666 0.20833333333333334 0.8587962962962963 0.2152777777777778 0.8518518518518519 0.20601851851851852
0 0.9560185185185185 0.6203703703703703 0.020833333333333332 0.016203703703703703
0 0.5439814814814815 0.5416666666666666 0.5509259259259259 0.5370370370370371 0.5625 0.5486111111111112 0.5625 0.5509259259259259 0.5578703703703703 0.5509259259259259 0.5555555555555556 0.5486111111111112 0.5578703703703703 0.5439814814814815 0.5509259259259259 0.5370370370370371 0.5462962962962963 0.5393518518518519