4 0.09231875 0.8270765625000001 0.09231875 0.7825078124999999 0.0465203125 0.7829250000000001 0.0466140625 0.8269374999999999 0.09231875 0.8270765625000001
4 0.08743906250000001 0.29375312499999995 0.08581250000000001 0.2478015625 0.039475 0.24658125 0.04069531250000001 0.29537968749999993 0.08743906250000001 0.29375312499999995
4 0.1439390625 0.541703125 0.14434531250000002 0.49656406249999996 0.09719375000000001 0.49534531249999997 0.0968421875 0.540828125 0.1439390625 0.541703125
4 0.26262812500000005 0.4298734375 0.308965625 0.4298734375 0.308965625 0.38392187499999997 0.26222187500000005 0.3843281250000001 0.26262812500000005 0.4298734375
4 0.308965625 0.698846875 0.3097796875 0.6524890624999999 0.2646609375 0.6524890624999999 0.2643125 0.6991984375 0.308965625 0.698846875
4 0.522634375 0.8223093750000001 0.522634375 0.7789812500000001 0.47715937500000005 0.7789812500000001 0.4782421875 0.8255593750000001 0.522634375 0.8223093750000001
4 0.9589750000000001 0.8298921874999999 0.9600578125 0.78548125 0.9178312500000002 0.7843968750000001 0.9156656249999999 0.832059375 0.9589750000000001 0.8298921874999999
4 0.9698015625000002 0.540675 0.9719671875000001 0.49301249999999996 0.9264937500000001 0.494096875 0.92516875 0.541509375 0.9698015625000002 0.540675
4 0.975215625 0.304534375 0.9762984375000001 0.2557890624999999 0.9329890625000002 0.2557890624999999 0.9319578125 0.30294375000000007 0.975215625 0.304534375
4 0.7911515625000001 0.3576109374999999 0.792234375 0.3142828125 0.7478421875000001 0.3142828125 0.7478421875000001 0.3576109374999999 0.7911515625000001 0.3576109374999999
4 0.7521734375000001 0.5363421875 0.7521734375000001 0.494096875 0.7088640625000001 0.49301249999999996 0.7079390625 0.5376296875 0.7521734375000001 0.5363421875
4 0.521090625 0.5343078124999999 0.5200640625 0.488109375 0.47593906250000007 0.48708281249999996 0.47610312500000007 0.535034375 0.521090625 0.5343078124999999
3 0.18518518518518517 0.7314814814814815 0.1875 0.7337962962962963 0.19212962962962962 0.7337962962962963 0.19907407407407407 0.7430555555555556 0.19212962962962962 0.7569444444444444 0.18518518518518517 0.7638888888888888 0.16666666666666666 0.7916666666666666 0.16203703703703703 0.8032407407407407 0.1574074074074074 0.8101851851851852 0.1527777777777778 0.8125 0.15046296296296297 0.8125 0.14351851851851852 0.8032407407407407 0.1388888888888889 0.8032407407407407 0.13194444444444445 0.7986111111111112 0.13194444444444445 0.7916666666666666 0.1597222222222222 0.7523148148148148 0.16898148148148148 0.7337962962962963 0.1736111111111111 0.7291666666666666 0.18055555555555555 0.7291666666666666 0.18287037037037038 0.7314814814814815
3 0.5231481481481481 0.6296296296296297 0.5231481481481481 0.6319444444444444 0.5277777777777778 0.6342592592592593 0.5277777777777778 0.6365740740740741 0.5324074074074074 0.6388888888888888 0.5439814814814815 0.6527777777777778 0.5462962962962963 0.6527777777777778 0.5462962962962963 0.6597222222222222 0.5416666666666666 0.6666666666666666 0.5347222222222222 0.6712962962962963 0.5324074074074074 0.6759259259259259 0.49537037037037035 0.7129629629629629 0.48148148148148145 0.7037037037037037 0.48148148148148145 0.7013888888888888 0.47685185185185186 0.6990740740740741 0.4652777777777778 0.6851851851851852 0.46296296296296297 0.6851851851851852 0.46064814814814814 0.6759259259259259 0.4722222222222222 0.6643518518518519 0.4722222222222222 0.6620370370370371 0.47453703703703703 0.6620370370370371 0.47685185185185186 0.6574074074074074 0.4791666666666667 0.6574074074074074 0.48148148148148145 0.6527777777777778 0.5115740740740741 0.625 0.5162037037037037 0.625 0.5208333333333334 0.6296296296296297
3 0.8611111111111112 0.7523148148148148 0.09259259259259259 0.08101851851851852
3 0.06712962962962964 0.4305555555555556 0.08564814814814815 0.4305555555555556 0.09722222222222222 0.4351851851851852 0.09490740740740741 0.46064814814814814 0.09259259259259259 0.46296296296296297 0.09259259259259259 0.47453703703703703 0.09027777777777778 0.47685185185185186 0.09027777777777778 0.5 0.08796296296296297 0.5023148148148148 0.08796296296296297 0.5115740740740741 0.08564814814814815 0.5162037037037037 0.08101851851851852 0.5162037037037037 0.07407407407407407 0.5115740740740741 0.05787037037037037 0.5115740740740741 0.05787037037037037 0.48842592592592593 0.06018518518518518 0.4861111111111111 0.06018518518518518 0.47685185185185186 0.0625 0.47453703703703703 0.06018518518518518 0.4699074074074074 0.0625 0.4675925925925926 0.0625 0.44907407407407407 0.06481481481481481 0.44675925925925924 0.06481481481481481 0.4351851851851852 0.06712962962962964 0.43287037037037035
3 0.4837962962962963 0.3125 0.5046296296296297 0.33564814814814814 0.5092592592592593 0.3425925925925926 0.5092592592592593 0.3472222222222222 0.4930555555555556 0.36342592592592593 0.49074074074074076 0.36342592592592593 0.47453703703703703 0.37962962962962965 0.46296296296296297 0.38657407407407407 0.46064814814814814 0.3912037037037037 0.4537037037037037 0.3958333333333333 0.44907407407407407 0.3958333333333333 0.44907407407407407 0.39351851851851855 0.4444444444444444 0.3912037037037037 0.4444444444444444 0.3888888888888889 0.42824074074074076 0.3726851851851852 0.42824074074074076 0.3680555555555556 0.4236111111111111 0.36574074074074076 0.41898148148148145 0.35648148148148145 0.4398148148148148 0.33796296296296297 0.4513888888888889 0.33101851851851855 0.4537037037037037 0.3263888888888889 0.45601851851851855 0.3263888888888889 0.4652777777777778 0.31712962962962965 0.47453703703703703 0.3125 0.47685185185185186 0.30787037037037035 0.4791666666666667 0.30787037037037035 0.48148148148148145 0.3125
1 0.17824074074074073 0.2222222222222222 0.18055555555555555 0.22453703703703703 0.1875 0.22453703703703703 0.19675925925925927 0.2337962962962963 0.19675925925925927 0.25 0.19212962962962962 0.2569444444444444 0.1875 0.25925925925925924 0.1875 0.26157407407407407 0.20601851851851852 0.2777777777777778 0.2037037037037037 0.2800925925925926 0.1875 0.2708333333333333 0.18287037037037038 0.2708333333333333 0.18287037037037038 0.26851851851851855 0.17824074074074073 0.2662037037037037 0.17824074074074073 0.2569444444444444 0.18518518518518517 0.24768518518518517 0.18518518518518517 0.2361111111111111 0.17824074074074073 0.22916666666666666 0.16898148148148148 0.22685185185185186 0.1574074074074074 0.23842592592592593 0.1574074074074074 0.24074074074074073 0.15046296296296297 0.24537037037037038 0.14583333333333334 0.24537037037037038 0.13194444444444445 0.2361111111111111 0.13194444444444445 0.2337962962962963 0.1388888888888889 0.2337962962962963 0.14814814814814814 0.23842592592592593 0.15046296296296297 0.2361111111111111 0.15046296296296297 0.23148148148148148 0.1574074074074074 0.22453703703703703 0.16203703703703703 0.2222222222222222 0.16898148148148148 0.2222222222222222 0.1712962962962963 0.22453703703703703 0.17592592592592593 0.2222222222222222
2 0.16435185185185186 0.5625 0.16666666666666666 0.5625 0.16898148148148148 0.5578703703703703 0.18518518518518517 0.5439814814814815 0.1875 0.5439814814814815 0.1875 0.5462962962962963 0.17824074074074073 0.5555555555555556 0.17824074074074073 0.5578703703703703 0.1736111111111111 0.5601851851851852 0.1712962962962963 0.5648148148148148 0.16898148148148148 0.5648148148148148 0.16666666666666666 0.5694444444444444 0.16435185185185186 0.5694444444444444 0.16203703703703703 0.5740740740740741 0.1527777777777778 0.5810185185185185 0.1527777777777778 0.5833333333333334 0.15046296296296297 0.5833333333333334 0.12731481481481483 0.6064814814814815 0.125 0.6064814814814815 0.11805555555555555 0.6157407407407407 0.1111111111111111 0.6111111111111112 0.1111111111111111 0.6087962962962963 0.11805555555555555 0.6064814814814815 0.12268518518518519 0.5995370370370371 0.125 0.5995370370370371 0.16435185185185186 0.5648148148148148
2 0.22916666666666666 0.8287037037037037 0.23148148148148148 0.8194444444444444 0.24074074074074073 0.8055555555555556 0.24074074074074073 0.8009259259259259 0.25 0.7893518518518519 0.25 0.7847222222222222 0.2569444444444444 0.7777777777777778 0.2569444444444444 0.7731481481481481 0.2662037037037037 0.7615740740740741 0.27314814814814814 0.7430555555555556 0.2777777777777778 0.7430555555555556 0.2800925925925926 0.7453703703703703 0.27314814814814814 0.7615740740740741 0.2638888888888889 0.7731481481481481 0.25925925925925924 0.7847222222222222 0.25462962962962965 0.7893518518518519 0.25462962962962965 0.7939814814814815 0.24305555555555555 0.8078703703703703 0.24305555555555555 0.8125 0.23842592592592593 0.8171296296296297 0.23842592592592593 0.8217592592592593 0.2337962962962963 0.8287037037037037 0.22685185185185186 0.8310185185185185
2 0.6180555555555556 0.7430555555555556 0.6226851851851852 0.7407407407407407 0.6273148148148148 0.7476851851851852 0.6273148148148148 0.7523148148148148 0.6342592592592593 0.7615740740740741 0.6342592592592593 0.7662037037037037 0.6388888888888888 0.7708333333333334 0.6388888888888888 0.7754629629629629 0.6435185185185185 0.7800925925925926 0.6435185185185185 0.7847222222222222 0.6527777777777778 0.7962962962962963 0.6527777777777778 0.8032407407407407 0.6458333333333334 0.7986111111111112 0.6458333333333334 0.7939814814814815 0.6319444444444444 0.7731481481481481 0.6319444444444444 0.7685185185185185 0.6180555555555556 0.7523148148148148 0.6180555555555556 0.7453703703703703
2 0.8333333333333334 0.6342592592592593 0.8379629629629629 0.6342592592592593 0.8449074074074074 0.6388888888888888 0.8518518518518519 0.6481481481481481 0.8773148148148148 0.6666666666666666 0.8912037037037037 0.6805555555555556 0.8935185185185185 0.6805555555555556 0.9004629629629629 0.6898148148148148 0.9074074074074074 0.6921296296296297 0.9097222222222222 0.6967592592592593 0.9074074074074074 0.7013888888888888 0.9027777777777778 0.7013888888888888 0.8333333333333334 0.6365740740740741
2 0.6458333333333334 0.4699074074074074 0.6527777777777778 0.4675925925925926 0.6574074074074074 0.47453703703703703 0.6574074074074074 0.48148148148148145 0.6620370370370371 0.4837962962962963 0.6620370370370371 0.49074074074074076 0.6666666666666666 0.4930555555555556 0.6666666666666666 0.4976851851851852 0.6944444444444444 0.5509259259259259 0.6944444444444444 0.5532407407407407 0.6921296296296297 0.5532407407407407 0.6828703703703703 0.5416666666666666 0.6828703703703703 0.5370370370370371 0.6689814814814815 0.5162037037037037 0.6689814814814815 0.5115740740740741 0.6643518518518519 0.5069444444444444 0.6597222222222222 0.4976851851851852 0.6597222222222222 0.4930555555555556 0.6550925925925926 0.48842592592592593 0.6550925925925926 0.4837962962962963 0.6458333333333334 0.4722222222222222
5 0.5734375 0.396875 0.5765625000000001 0.3999999999999999 0.5875 0.3999999999999999 0.59375 0.3921874999999999 0.5921875000000001 0.3828125 0.5859375000000001 0.37812500000000004 0.5765625000000001 0.37812500000000004 0.571875 0.3843749999999999 0.5703125000000001 0.38593750000000004 0.5734375 0.396875
5 0.8078125 0.5125 0.8109375000000001 0.5046875 0.8093750000000001 0.4984375 0.8046875 0.49374999999999997 0.8 0.4921875 0.790625 0.4953125 0.7859375000000001 0.5015624999999999 0.7875000000000001 0.5125 0.7937500000000001 0.5171874999999999 0.7984375 0.5171874999999999 0.8 0.5171874999999999 0.8078125 0.5125
5 0.64375 0.6296875 0.6421875 0.6234375 0.6312500000000001 0.6171875 0.625 0.61875 0.6203125 0.6234375 0.6203125 0.634375 0.628125 0.640625 0.6328125 0.640625 0.6390625000000001 0.6375 0.640625 0.6375 0.64375 0.6296875
5 0.12187500000000001 0.671875 0.1203125 0.6640625 0.115625 0.659375 0.11093750000000001 0.6578125 0.10312500000000001 0.659375 0.096875 0.6671875 0.096875 0.6734375 0.1 0.6796875 0.109375 0.6828125 0.11093750000000001 0.6828125 0.12187500000000001 0.671875
5 0.19375 0.41837187499999995 0.19375 0.40743437499999996 0.1875 0.401184375 0.187096875 0.4008203124999999 0.17687031250000002 0.4011984375 0.1723265625 0.4072578124999999 0.17156875 0.41748437499999996 0.1765625 0.42149687499999994 0.18125000000000002 0.424621875 0.1875 0.42305937499999996 0.18906250000000002 0.42305937499999996 0.19375 0.41837187499999995
1 0.6768578125 0.35330468749999994 0.6826234375 0.350903125 0.6894218750000001 0.3496406249999999 0.7081718750000001 0.3402656249999999 0.7144218750000001 0.3340156249999999 0.7144218750000001 0.3246406249999999 0.7081718750000001 0.3183906249999999 0.7003593750000001 0.3183906249999999 0.6925468750000001 0.323078125 0.6831718750000001 0.3246406249999999 0.6769218750000001 0.32932812499999986 0.6597343750000001 0.33557812499999995 0.6378593750000001 0.3480781249999999 0.6362968750000001 0.3558906249999999 0.639421875 0.362140625 0.6441093750000001 0.3652656249999999 0.6503593750000001 0.3637031249999999 0.6547609375000001 0.3624328124999999 0.662928125 0.35955000000000004 0.6672515625000001 0.3590687499999999 0.6768578125 0.35330468749999994
1 0.6109375 0.5546875 0.6140625000000001 0.54375 0.6218750000000001 0.5328124999999999 0.627859375 0.51855625 0.628125 0.4953125 0.6312500000000001 0.48906249999999996 0.6312500000000001 0.484375 0.6234375000000001 0.4765625 0.6171875 0.4765625 0.609375 0.4828125 0.603125 0.5015624999999999 0.6057625000000001 0.5137531249999999 0.6024 0.5204781249999999 0.59855625 0.530565625 0.5906250000000001 0.5484374999999999 0.5953125 0.5578124999999999 0.603125 0.559375 0.6046875 0.559375 0.6109375 0.5546875
1 0.434375 0.5359375 0.4453125 0.5453125 0.453125 0.5453125 0.45300000000000007 0.544496875 0.45156250000000003 0.5359375 0.4505984375 0.537771875 0.45107812500000005 0.5406546875 0.4472359375 0.537290625 0.4419515625 0.5324875 0.43858906250000007 0.534409375 0.43714843750000004 0.531046875 0.4318640625 0.530565625 0.4280203125 0.5368109375 0.41697187500000005 0.5435359375 0.40448125 0.5392125 0.40015781250000004 0.5296046875 0.403125 0.521875 0.4109375 0.5046875 0.403125 0.4953125 0.3953125 0.490625 0.390625 0.4921875 0.390625 0.4984375 0.40156250000000004 0.5093749999999999 0.40156250000000004 0.5125 0.39687500000000003 0.5187499999999999 0.39375000000000004 0.528125 0.39375000000000004 0.5406249999999999 0.4 0.5484374999999999 0.40625 0.5515625 0.4140625 0.5515625 0.415625 0.5515625 0.434375 0.5359375
1 0.26875000000000004 0.5245531080531453 0.268053125 0.5243203125 0.268534375 0.527203125 0.27237656250000003 0.5324875 0.28054375000000004 0.541134375 0.2738171875 0.55314375 0.26325 0.5526640625 0.24375000000000002 0.5390625 0.240625 0.5406249999999999 0.23125 0.5499999999999999 0.2265625 0.559375 0.22812500000000002 0.5609375 0.2390625 0.5546875 0.2421875 0.5546875 0.25 0.5578124999999999 0.2546875 0.5625 0.26406250000000003 0.5656249999999999 0.2703125 0.5640624999999999 0.27187500000000003 0.5640624999999999 0.275 0.5609375 0.28125000000000006 0.559375 0.2859375 0.5546875 0.290625 0.5406249999999999 0.290625 0.5375 0.28125000000000006 0.521875 0.28125000000000006 0.5171874999999999 0.290625 0.50625 0.2859375 0.5015624999999999 0.28125000000000006 0.5031249999999999 0.27343750000000006 0.5109374999999999 0.26875000000000004 0.5187499999999999 0.26875000000000004 0.5245531080531453
0 0.13425925925925927 0.7060185185185185 0.15046296296296297 0.7060185185185185 0.14814814814814814 0.7083333333333334 0.14351851851851852 0.7083333333333334 0.1388888888888889 0.7129629629629629 0.13425925925925927 0.7129629629629629 0.13425925925925927 0.7083333333333334
0 0.7060185185185185 0.6296296296296297 0.7083333333333334 0.6296296296296297 0.7060185185185185 0.6319444444444444 0.6921296296296297 0.6319444444444444 0.6944444444444444 0.6273148148148148 0.7037037037037037 0.6296296296296297
0 0.4236111111111111 0.6087962962962963 0.42592592592592593 0.6087962962962963 0.4351851851851852 0.5995370370370371 0.4375 0.6018518518518519 0.4398148148148148 0.5995370370370371 0.4398148148148148 0.5972222222222222 0.4398148148148148 0.6018518518518519 0.4351851851851852 0.5995370370370371 0.4305555555555556 0.6041666666666666 0.43287037037037035 0.6087962962962963 0.4351851851851852 0.6064814814814815 0.43287037037037035 0.6087962962962963 0.43287037037037035 0.6157407407407407 0.43287037037037035 0.6087962962962963 0.4305555555555556 0.6064814814814815 0.4236111111111111 0.6111111111111112 0.42592592592592593 0.6157407407407407 0.4236111111111111 0.6157407407407407 0.4236111111111111 0.6111111111111112
0 0.8240740740740741 0.4675925925925926 0.8333333333333334 0.46064814814814814 0.8333333333333334 0.4652777777777778 0.8310185185185185 0.46064814814814814 0.8263888888888888 0.4652777777777778 0.8263888888888888 0.4675925925925926 0.8310185185185185 0.4699074074074074 0.8263888888888888 0.47453703703703703 0.8263888888888888 0.48148148148148145 0.8217592592592593 0.48148148148148145 0.8171296296296297 0.47685185185185186 0.8171296296296297 0.47453703703703703 0.8171296296296297 0.47685185185185186 0.8240740740740741 0.48148148148148145 0.8287037037037037 0.4722222222222222 0.8263888888888888 0.4675925925925926
0 0.3402777777777778 0.3263888888888889 0.3402777777777778 0.3287037037037037 0.33564814814814814 0.3287037037037037 0.3333333333333333 0.31712962962962965 0.33796296296296297 0.3194444444444444 0.3472222222222222 0.3194444444444444 0.33796296296296297 0.3194444444444444 0.33564814814814814 0.31712962962962965 0.3333333333333333 0.32175925925925924 0.33796296296296297 0.3287037037037037