4 0.09231875 0.21749218750000002 0.09231875 0.17292343749999997 0.0466140625 0.1730625 0.0465203125 0.217075 0.09231875 0.21749218750000002
4 0.08581250000000001 0.7521984375 0.08743906250000001 0.706246875 0.04069531250000001 0.7046203125 0.039475 0.75341875 0.08581250000000001 0.7521984375
4 0.14434531250000002 0.5034359375 0.1439390625 0.458296875 0.0968421875 0.45917187500000006 0.09719375000000001 0.5046546875 0.14434531250000002 0.5034359375
4 0.308965625 0.5701265624999999 0.26262812500000005 0.5701265624999999 0.26222187500000005 0.6156718749999999 0.308965625 0.616078125 0.308965625 0.5701265624999999
4 0.30911562500000006 0.3078203125 0.30911562500000006 0.3025 0.2642671875 0.30180625 0.2638046875 0.33673125000000004 0.30911562500000006 0.3078203125
4 0.522634375 0.22101874999999999 0.522634375 0.177690625 0.4782421875 0.17444062500000002 0.47715937500000005 0.22101874999999999 0.522634375 0.22101874999999999
4 0.9589750000000001 0.1701078125 0.9175343750000001 0.17025 0.9175343750000001 0.1809578125 0.924296875 0.1770625 0.9391484375 0.2008796875 0.9245156250000002 0.213553125 0.9600578125 0.21451875 0.9589750000000001 0.1701078125
4 0.9719671875000001 0.5069875 0.9698015625000002 0.45932500000000004 0.92516875 0.458490625 0.9264937500000001 0.505903125 0.9719671875000001 0.5069875
4 0.9762984375000001 0.7442109375000001 0.975215625 0.695465625 0.9319578125 0.6970562499999999 0.9329890625000002 0.7442109375000001 0.9762984375000001 0.7442109375000001
4 0.7478421875000001 0.6857171875 0.7694921875 0.6860828125 0.7904625000000001 0.6470375000000002 0.79026875 0.6412109375 0.7478421875000001 0.6423890625 0.7478421875000001 0.6857171875
4 0.7521734375000001 0.505903125 0.7521734375000001 0.46365781250000004 0.7079390625 0.4623703125 0.7088640625000001 0.5069875 0.7521734375000001 0.505903125
4 0.5200640625 0.511890625 0.521090625 0.4656921875000001 0.47610312500000007 0.464965625 0.47593906250000007 0.5129171875 0.5200640625 0.511890625
3 0.34841718750000006 0.34366875 0.33708906250000004 0.3290984375 0.3368578125 0.3251671875 0.3380140625 0.321696875 0.332234375 0.318690625 0.3232171875 0.29995625 0.25455625 0.3434375 0.266115625 0.36309687500000004 0.26634687500000004 0.367028125 0.267503125 0.36749218749999996 0.27050781250000006 0.36957343750000005 0.28137343750000005 0.386225 0.34841718750000006 0.34366875
3 0.42824074074074076 0.3541666666666667 0.44212962962962965 0.3726851851851852 0.4513888888888889 0.37962962962962965 0.4583333333333333 0.3912037037037037 0.4722222222222222 0.3819444444444444 0.4583333333333333 0.3912037037037037 0.44907407407407407 0.3773148148148148 0.44212962962962965 0.3726851851851852 0.4305555555555556 0.35648148148148145
3 0.7685185185185185 0.6851851851851852 0.7685185185185185 0.6898148148148148 0.7592592592592593 0.7037037037037037 0.7638888888888888 0.7106481481481481 0.7592592592592593 0.7037037037037037 0.7662037037037037 0.6944444444444444 0.7662037037037037 0.6898148148148148 0.7685185185185185 0.6875
3 0.926271875 0.1805203125 0.9243062500000001 0.17833593749999999 0.9225593750000001 0.1781171875 0.8581250000000001 0.2279375 0.85878125 0.23252656249999998 0.8609640625000002 0.2329640625 0.8762546875 0.25153749999999997 0.9393765625000001 0.2014984375 0.9269265625 0.184453125 0.926271875 0.1805203125
3 0.255490625 0.7720140625 0.19483593749999997 0.7176234375 0.18854843750000003 0.7165125000000001 0.187253125 0.7165125000000001 0.1852203125 0.7202125 0.1866984375 0.7231734375000001 0.1707953125 0.7388984375000001 0.23255937499999998 0.7951406249999999 0.255490625 0.7720140625
5 0.16898148148148148 0.3472222222222222 0.17592592592592593 0.3472222222222222 0.18518518518518517 0.3541666666666667 0.18518518518518517 0.3587962962962963 0.18055555555555555 0.3680555555555556 0.17824074074074073 0.3680555555555556 0.18287037037037038 0.36342592592592593 0.18518518518518517 0.35648148148148145 0.18287037037037038 0.35185185185185186 0.17592592592592593 0.3472222222222222 0.1712962962962963 0.3472222222222222 0.16898148148148148 0.34953703703703703
5 0.39351851851851855 0.6666666666666666 0.38425925925925924 0.6759259259259259 0.375 0.6759259259259259 0.3726851851851852 0.6736111111111112 0.375 0.6759259259259259 0.38425925925925924 0.6759259259259259 0.3912037037037037 0.6689814814814815
5 0.5787037037037037 0.35648148148148145 0.5879629629629629 0.36342592592592593 0.5949074074074074 0.36342592592592593 0.6041666666666666 0.35648148148148145 0.6041666666666666 0.3587962962962963 0.5949074074074074 0.36342592592592593 0.5856481481481481 0.36342592592592593 0.5810185185185185 0.3587962962962963
5 0.6944444444444444 0.4097222222222222 0.7013888888888888 0.4097222222222222 0.7060185185185185 0.4166666666666667 0.6990740740740741 0.4097222222222222 0.6875 0.41203703703703703 0.6805555555555556 0.41898148148148145 0.6805555555555556 0.4305555555555556 0.6851851851851852 0.4351851851851852 0.6828703703703703 0.4351851851851852 0.6805555555555556 0.4305555555555556 0.6805555555555556 0.41898148148148145 0.6828703703703703 0.41435185185185186 0.6921296296296297 0.41203703703703703
5 0.8726851851851852 0.2986111111111111 0.8796296296296297 0.30092592592592593 0.875 0.2986111111111111 0.8657407407407407 0.3055555555555556 0.8657407407407407 0.3125 0.8726851851851852 0.32175925925925924 0.8703703703703703 0.32175925925925924 0.8657407407407407 0.3148148148148148 0.8657407407407407 0.3055555555555556 0.8703703703703703 0.30092592592592593
2 0.8634259259259259 0.30324074074074076 0.016203703703703703 0.09953703703703703
2 0.9120370370370371 0.3425925925925926 0.9027777777777778 0.35648148148148145 0.8842592592592593 0.3773148148148148 0.8796296296296297 0.38657407407407407 0.8842592592592593 0.3888888888888889 0.8865740740740741 0.38425925925925924 0.8958333333333334 0.3773148148148148 0.9004629629629629 0.36574074074074076 0.9097222222222222 0.3587962962962963 0.9097222222222222 0.35648148148148145 0.9120370370370371 0.3541666666666667 0.9097222222222222 0.3587962962962963 0.8981481481481481 0.37037037037037035 0.8958333333333334 0.3773148148148148 0.8842592592592593 0.3888888888888889 0.8796296296296297 0.3888888888888889 0.8842592592592593 0.3773148148148148 0.9097222222222222 0.3449074074074074
2 0.26157407407407407 0.6689814814814815 0.26851851851851855 0.6736111111111112 0.2800925925925926 0.6967592592592593 0.2708333333333333 0.6782407407407407 0.2638888888888889 0.6712962962962963
2 0.6203703703703703 0.5833333333333334 0.6226851851851852 0.5833333333333334 0.6180555555555556 0.5902777777777778 0.6157407407407407 0.5902777777777778 0.5787037037037037 0.6273148148148148 0.5787037037037037 0.625 0.5810185185185185 0.625 0.5833333333333334 0.6203703703703703 0.5856481481481481 0.6203703703703703 0.5879629629629629 0.6157407407407407 0.5902777777777778 0.6157407407407407 0.5925925925925926 0.6111111111111112 0.5949074074074074 0.6111111111111112 0.6111111111111112 0.5949074074074074 0.6111111111111112 0.5925925925925926 0.6203703703703703 0.5856481481481481
2 0.26851851851851855 0.41435185185185186 0.2708333333333333 0.41435185185185186 0.2662037037037037 0.41898148148148145 0.2638888888888889 0.42592592592592593 0.25462962962962965 0.43287037037037035 0.25 0.44212962962962965 0.23148148148148148 0.46296296296296297 0.23842592592592593 0.45601851851851855 0.24074074074074073 0.44907407407407407 0.25 0.44212962962962965 0.25 0.4375 0.2569444444444444 0.42824074074074076 0.25925925925925924 0.42824074074074076 0.26851851851851855 0.4166666666666667
1 0.8837046875000001 0.582553125 0.8865312500000001 0.5858515625 0.8905359375 0.5865593750000001 0.896659375 0.5860875000000001 0.8990140625000002 0.5839671875 0.9034890625 0.5801968750000001 0.9091421875000001 0.57901875 0.9195062500000001 0.5771328125 0.9265718749999999 0.5733625 0.9331671874999999 0.56935625 0.9407046875000001 0.56629375 0.9444734375 0.5634656250000001 0.9470640625000001 0.5578109375000001 0.9442375000000001 0.5561609375000001 0.9470640625000001 0.5540406250000001 0.9510671875000001 0.552390625 0.9553078125000001 0.5462640625 0.9581343750000001 0.5399015625 0.9548359375000002 0.533775 0.9470640625000001 0.529534375 0.9425890625 0.529534375 0.937171875 0.5321250000000001 0.931046875 0.5363671875 0.9268078125000001 0.5417875000000001 0.925865625 0.5469703125 0.9216265625000001 0.5526265625 0.9140890625000002 0.5566328125000001 0.9030187500000001 0.557575 0.898071875 0.5582812500000001 0.8931265625000001 0.55993125 0.8898281250000001 0.5620515625000001 0.883234375 0.5674718750000001 0.88135 0.572184375 0.8815843750000001 0.5787828125 0.8837046875000001 0.582553125
1 0.7526625000000001 0.231334375 0.7580984375 0.22992500000000002 0.7655484375000001 0.22932031249999998 0.7693734375 0.2281109375 0.773803125 0.22468749999999998 0.777025 0.2200546875 0.7798437500000001 0.2142125 0.7814546875 0.2077671875 0.7816546875000001 0.203134375 0.7806484375000001 0.1983 0.7780312500000001 0.19487500000000002 0.7760171875 0.19225625 0.7744078125 0.19084687500000003 0.7717890625000001 0.189034375 0.7681656250000001 0.1880265625 0.7641390625 0.187825 0.755884375 0.1894375 0.7492390624999999 0.19084687500000003 0.7440046875 0.191653125 0.7411859375 0.18742187500000002 0.7405812500000001 0.18339375 0.740984375 0.17835781250000002 0.7434000000000002 0.17453125000000003 0.7450109375000001 0.17251718749999997 0.74621875 0.169696875 0.74621875 0.16566875 0.744809375 0.16405625 0.7423937500000001 0.16445937500000002 0.7413875 0.16586874999999998 0.7399781250000002 0.169696875 0.7383671875 0.1731203125 0.7377625000000001 0.17473281250000003 0.73575 0.1817828125 0.7365546875 0.1880265625 0.736353125 0.1918546875 0.7393734375000001 0.19467343750000002 0.7419906250000001 0.1980984375 0.747025 0.19850156249999998 0.7609171875000001 0.19467343750000002 0.7669578125000001 0.19568125 0.771990625 0.198703125 0.7729984375000001 0.2003140625 0.7734000000000001 0.20252968750000003 0.7734000000000001 0.20232812500000003 0.7742062500000001 0.20635625 0.7734000000000001 0.2103859375 0.771990625 0.21723437499999998 0.7693734375 0.22267343750000002 0.7661515625 0.223478125 0.7546750000000001 0.22549218749999997 0.75165625 0.226903125 0.7482328125000001 0.22932031249999998 0.7458171875 0.2337515625 0.743803125 0.23616875 0.7429984374999999 0.2381828125 0.7432000000000001 0.2412046875 0.7444078125 0.244628125 0.744809375 0.24583750000000001 0.7476281250000001 0.248859375 0.7504468750000001 0.2504703125 0.7534671875000001 0.24624062499999996 0.7534671875000001 0.240196875 0.7526625000000001 0.23717656250000002 0.7522593750000001 0.233953125 0.7526625000000001 0.231334375
1 0.18826875 0.2448796875 0.192534375 0.238478125 0.19658593750000003 0.23442500000000002 0.2002125 0.2327171875 0.20362500000000003 0.23442500000000002 0.209384375 0.238265625 0.21407656249999998 0.24274687500000003 0.21492968750000005 0.24808125000000003 0.21556875000000003 0.2523484375 0.2106640625 0.257896875 0.20554375000000003 0.262378125 0.20490468750000002 0.26813906249999997 0.206184375 0.2713390625 0.20895781250000003 0.27347343749999997 0.21365 0.277528125 0.2168484375 0.27987500000000004 0.2211140625 0.283075 0.224953125 0.2847828125 0.2279390625 0.2862765625 0.22836562500000002 0.2832890625 0.22410000000000002 0.280515625 0.22132812500000001 0.279234375 0.2170625 0.27539375 0.2159953125 0.2728328125 0.21428906250000002 0.2683515625 0.2185546875 0.26344375000000003 0.22132812500000001 0.2570421875 0.22452656250000003 0.25149531249999996 0.2253796875 0.24786718750000003 0.22410000000000002 0.24274687500000003 0.219834375 0.236984375 0.2134359375 0.2333578125 0.20895781250000003 0.22994375 0.20319843750000002 0.22652968750000002 0.1968 0.22567500000000001 0.19402656250000003 0.227809375 0.18954843750000003 0.23143750000000002 0.18528125 0.236771875 0.18208281250000002 0.240825 0.1780296875 0.2433859375 0.1735515625 0.24189218750000002 0.16757968750000002 0.2395453125 0.1628859375 0.2357046875 0.15819375000000002 0.2333578125 0.1543578125 0.2317671875 0.15776718750000002 0.236984375 0.16267343750000002 0.240825 0.16736562500000002 0.2448796875 0.1746171875 0.24786718750000003 0.181015625 0.24893437499999999 0.18826875 0.2448796875
1 0.21136875000000005 0.6445203125 0.22561406250000002 0.6481593750000001 0.23410000000000006 0.6469468749999999 0.241375 0.63966875 0.24622500000000003 0.632996875 0.24683125000000003 0.622384375 0.24319375000000001 0.6141968750000001 0.24016250000000003 0.6099515625000002 0.238040625 0.6069203125 0.24592187499999998 0.602371875 0.2513765625 0.5999453125 0.2553171875 0.596609375 0.2553171875 0.5914546875000001 0.2538015625 0.5905453125000001 0.24865 0.5917578125 0.24107187500000002 0.5947906250000001 0.23167656250000002 0.5984296875 0.22622031250000005 0.60449375 0.22803906250000003 0.612075 0.23288906250000002 0.6205656249999999 0.23410000000000006 0.6296624999999999 0.23349375000000003 0.632996875 0.23046406250000004 0.63785 0.22409843750000003 0.6414875000000001 0.2183390625 0.6423984374999999 0.211671875 0.6384562500000001 0.21076250000000002 0.631784375 0.20712500000000003 0.6272359375 0.20409375000000002 0.6245078125 0.1968203125 0.622990625 0.18712031250000002 0.6226875 0.1789375 0.6278421875000001 0.17711875 0.6320875 0.1789375 0.631178125 0.18378593750000002 0.6323906250000001 0.18833281250000003 0.6308750000000001 0.19500156250000003 0.628753125 0.20106250000000003 0.6336046875 0.203790625 0.63785 0.21136875000000005 0.6445203125
1 0.5981156249999999 0.4722421875000001 0.6014890625 0.4740421875 0.6037375000000001 0.4774171875 0.6050859375000001 0.484840625 0.6059859375000001 0.487990625 0.6057609375 0.4929390625 0.6053109375 0.4951890625 0.6044125 0.5001390625000001 0.6068859375000001 0.5050875 0.6080093750000001 0.5077875000000001 0.608234375 0.5113859375 0.6104828125 0.5179109375000001 0.6161046875000001 0.524209375 0.6221765625000001 0.5239843750000001 0.626 0.5233093750000001 0.6302718750000001 0.5197109375000001 0.6318453125 0.5143109375 0.6320703125 0.5082375 0.630946875 0.5041875 0.6289218750000001 0.5001390625000001 0.6282484375 0.49743906250000003 0.6282484375 0.4927140625 0.6286984375000001 0.489790625 0.6280234375 0.484840625 0.6273484375 0.48056562500000005 0.6268984375000001 0.47854218750000005 0.6251 0.4740421875 0.6230765625000001 0.46976718750000007 0.6210515625 0.46369375000000007 0.6161046875000001 0.46099375000000004 0.61475625 0.45559531249999996 0.61475625 0.4519953125 0.6127328125 0.4477203125 0.6109328125 0.44479687500000004 0.6084593749999999 0.44232187500000003 0.6059859375000001 0.441646875 0.5985859375000001 0.44138906250000004 0.5920437500000001 0.445471875 0.5913703124999999 0.45244531250000003 0.59294375 0.46009375 0.5951921875000001 0.46616875 0.5963171875 0.47044218750000005 0.5981156249999999 0.4722421875000001
0 0.15046296296296297 0.5 0.1574074074074074 0.5 0.1574074074074074 0.5046296296296297 0.16203703703703703 0.5115740740740741 0.1597222222222222 0.5092592592592593 0.1574074074074074 0.5115740740740741 0.16203703703703703 0.5185185185185185 0.1597222222222222 0.5185185185185185 0.1597222222222222 0.5162037037037037 0.15046296296296297 0.5069444444444444 0.14814814814814814 0.5069444444444444 0.15046296296296297 0.5023148148148148
0 0.3055555555555556 0.41898148148148145 0.30787037037037035 0.4236111111111111 0.3101851851851852 0.41898148148148145 0.3101851851851852 0.4236111111111111 0.30324074074074076 0.4305555555555556 0.30324074074074076 0.4351851851851852 0.2962962962962963 0.4305555555555556 0.2962962962962963 0.42824074074074076 0.2962962962962963 0.4305555555555556 0.30092592592592593 0.43287037037037035 0.30324074074074076 0.4305555555555556 0.30092592592592593 0.42592592592592593 0.30324074074074076 0.42824074074074076 0.30787037037037035 0.42592592592592593 0.30787037037037035 0.4236111111111111 0.30324074074074076 0.4212962962962963
0 0.5694444444444444 0.22453703703703703 0.5787037037037037 0.22685185185185186 0.5787037037037037 0.22916666666666666 0.5740740740740741 0.22453703703703703 0.5694444444444444 0.22685185185185186 0.5787037037037037 0.24074074074074073 0.5810185185185185 0.24074074074074073 0.5833333333333334 0.23842592592592593 0.5833333333333334 0.2337962962962963 0.5856481481481481 0.2337962962962963 0.5856481481481481 0.2361111111111111 0.5763888888888888 0.24305555555555555 0.5763888888888888 0.2361111111111111 0.5694444444444444 0.22685185185185186
0 0.8287037037037037 0.5532407407407407 0.8356481481481481 0.5532407407407407 0.8333333333333334 0.5578703703703703 0.8356481481481481 0.5648148148148148 0.8333333333333334 0.5601851851851852 0.8310185185185185 0.5625 0.8310185185185185 0.5671296296296297 0.8356481481481481 0.5694444444444444 0.8356481481481481 0.5717592592592593 0.8310185185185185 0.5671296296296297 0.8310185185185185 0.5625 0.8263888888888888 0.5555555555555556
0 0.5254629629629629 0.5208333333333334 0.5277777777777778 0.5300925925925926 0.5277777777777778 0.5254629629629629 0.5254629629629629 0.5231481481481481 0.5208333333333334 0.5300925925925926 0.5277777777777778 0.5347222222222222 0.5208333333333334 0.5324074074074074 0.5185185185185185 0.5277777777777778 0.5254629629629629 0.5231481481481481