4 0.90768125 0.8270765625000001 0.9533859375 0.8269374999999999 0.9534796875 0.7829250000000001 0.90768125 0.7825078124999999 0.90768125 0.8270765625000001
4 0.9125609374999999 0.29375312499999995 0.9593046875 0.29537968749999993 0.960525 0.24658125 0.9141874999999999 0.2478015625 0.9125609374999999 0.29375312499999995
4 0.8560609375 0.541703125 0.9031578125 0.540828125 0.9028062499999999 0.49534531249999997 0.8556546875000001 0.49656406249999996 0.8560609375 0.541703125
4 0.737371875 0.4298734375 0.737778125 0.3843281250000001 0.691034375 0.38392187499999997 0.691034375 0.4298734375 0.737371875 0.4298734375
4 0.691034375 0.698846875 0.7356875 0.6991984375 0.7353390625 0.6524890624999999 0.6902203124999999 0.6524890624999999 0.691034375 0.698846875
4 0.47736562499999996 0.8223093750000001 0.5217578125 0.8255593750000001 0.522840625 0.7789812500000001 0.47736562499999996 0.7789812500000001 0.47736562499999996 0.8223093750000001
4 0.04102499999999988 0.8298921874999999 0.08433437500000004 0.832059375 0.08216874999999983 0.7843968750000001 0.039942187499999976 0.78548125 0.04102499999999988 0.8298921874999999
4 0.03019843749999988 0.540675 0.07483125000000007 0.541509375 0.0735062499999999 0.494096875 0.02803281249999993 0.49301249999999996 0.03019843749999988 0.540675
4 0.024784374999999942 0.304534375 0.06804218750000002 0.30294375000000007 0.0670109374999998 0.2557890624999999 0.0237015624999999 0.2557890624999999 0.024784374999999942 0.304534375
4 0.2088484374999999 0.3576109374999999 0.2521578124999999 0.3576109374999999 0.2521578124999999 0.3142828125 0.207765625 0.3142828125 0.2088484374999999 0.3576109374999999
4 0.2478265624999999 0.5363421875 0.2920609375 0.5376296875 0.29113593749999994 0.49301249999999996 0.2478265624999999 0.494096875 0.2478265624999999 0.5363421875
4 0.47890937499999997 0.5343078124999999 0.5238968749999999 0.535034375 0.5240609374999999 0.48708281249999996 0.4799359374999999 0.488109375 0.47890937499999997 0.5343078124999999
0 0.8402777777777778 0.7708333333333334 0.8472222222222222 0.7685185185185185 0.8449074074074074 0.7754629629629629 0.8402777777777778 0.7800925925925926 0.8379629629629629 0.7754629629629629 0.8310185185185185 0.7800925925925926 0.8379629629629629 0.7754629629629629 0.8425925925925926 0.7777777777777778 0.8449074074074074 0.7754629629629629 0.8425925925925926 0.7708333333333334
0 0.6666666666666666 0.6666666666666666 0.6759259259259259 0.6643518518518519 0.6782407407407407 0.6828703703703703 0.6759259259259259 0.6805555555555556 0.6782407407407407 0.6759259259259259 0.6759259259259259 0.6736111111111112 0.6736111111111112 0.6759259259259259 0.6666666666666666 0.6712962962962963 0.6736111111111112 0.6759259259259259 0.6759259259259259 0.6736111111111112 0.6759259259259259 0.6666666666666666 0.6736111111111112 0.6643518518518519 0.6689814814814815 0.6666666666666666
0 0.8310185185185185 0.5277777777777778 0.8333333333333334 0.5300925925925926 0.8333333333333334 0.5347222222222222 0.8310185185185185 0.5370370370370371 0.8263888888888888 0.5347222222222222 0.8263888888888888 0.5324074074074074 0.8310185185185185 0.5370370370370371 0.8333333333333334 0.5347222222222222 0.8333333333333334 0.5300925925925926
0 0.44675925925925924 0.7870370370370371 0.4513888888888889 0.7847222222222222 0.44675925925925924 0.7824074074074074 0.4513888888888889 0.7824074074074074 0.4537037037037037 0.7847222222222222 0.4513888888888889 0.7847222222222222 0.44907407407407407 0.7893518518518519 0.4537037037037037 0.7939814814814815 0.44907407407407407 0.7893518518518519
0 0.4513888888888889 0.5115740740740741 0.45601851851851855 0.5092592592592593 0.4537037037037037 0.5069444444444444 0.44907407407407407 0.5069444444444444 0.4537037037037037 0.5069444444444444 0.4583333333333333 0.5138888888888888 0.46296296296296297 0.5138888888888888 0.4583333333333333 0.5138888888888888 0.45601851851851855 0.5162037037037037 0.45601851851851855 0.5208333333333334 0.45601851851851855 0.5162037037037037 0.4583333333333333 0.5138888888888888 0.4537037037037037 0.5115740740740741
0 0.2175925925925926 0.5069444444444444 0.21296296296296297 0.5046296296296297 0.21296296296296297 0.5023148148148148 0.2152777777777778 0.5 0.2222222222222222 0.5 0.2152777777777778 0.5 0.21296296296296297 0.5023148148148148 0.2152777777777778 0.5046296296296297
0 0.13194444444444445 0.2962962962962963 0.12962962962962962 0.2916666666666667 0.13194444444444445 0.2916666666666667 0.13425925925925927 0.2962962962962963 0.12962962962962962 0.3055555555555556 0.12962962962962962 0.30092592592592593 0.13194444444444445 0.2986111111111111
0 0.09490740740740741 0.7893518518518519 0.09027777777777778 0.7824074074074074 0.09259259259259259 0.7824074074074074 0.09259259259259259 0.7847222222222222 0.10185185185185185 0.7916666666666666 0.10185185185185185 0.7939814814814815 0.09722222222222222 0.7893518518518519