4 0.90768125 0.8270765625000001 0.9533859375 0.8269374999999999 0.9534796875 0.7829250000000001 0.90768125 0.7825078124999999 0.90768125 0.8270765625000001
4 0.9125609374999999 0.29375312499999995 0.9593046875 0.29537968749999993 0.960525 0.24658125 0.9141874999999999 0.2478015625 0.9125609374999999 0.29375312499999995
4 0.8560609375 0.541703125 0.9031578125 0.540828125 0.9028062499999999 0.49534531249999997 0.8556546875000001 0.49656406249999996 0.8560609375 0.541703125
4 0.737371875 0.4298734375 0.737778125 0.3843281250000001 0.691034375 0.38392187499999997 0.691034375 0.4298734375 0.737371875 0.4298734375
4 0.691034375 0.698846875 0.7356875 0.6991984375 0.7353390625 0.6524890624999999 0.6902203124999999 0.6524890624999999 0.691034375 0.698846875
4 0.47736562499999996 0.8223093750000001 0.5217578125 0.8255593750000001 0.522840625 0.7789812500000001 0.47736562499999996 0.7789812500000001 0.47736562499999996 0.8223093750000001
4 0.04102499999999988 0.8298921874999999 0.08433437500000004 0.832059375 0.08216874999999983 0.7843968750000001 0.039942187499999976 0.78548125 0.04102499999999988 0.8298921874999999
4 0.03019843749999988 0.540675 0.07483125000000007 0.541509375 0.0735062499999999 0.494096875 0.02803281249999993 0.49301249999999996 0.03019843749999988 0.540675
4 0.024784374999999942 0.304534375 0.06804218750000002 0.30294375000000007 0.0670109374999998 0.2557890624999999 0.0237015624999999 0.2557890624999999 0.024784374999999942 0.304534375
4 0.2088484374999999 0.3576109374999999 0.2521578124999999 0.3576109374999999 0.2521578124999999 0.3142828125 0.207765625 0.3142828125 0.2088484374999999 0.3576109374999999
4 0.2478265624999999 0.5363421875 0.2920609375 0.5376296875 0.29113593749999994 0.49301249999999996 0.2478265624999999 0.494096875 0.2478265624999999 0.5363421875
4 0.47890937499999997 0.5343078124999999 0.5238968749999999 0.535034375 0.5240609374999999 0.48708281249999996 0.4799359374999999 0.488109375 0.47890937499999997 0.5343078124999999
5 0.8495370370370371 0.25925925925925924 0.8587962962962963 0.2569444444444444 0.8611111111111112 0.25925925925925924 0.8657407407407407 0.25925925925925924 0.8680555555555556 0.2638888888888889 0.8680555555555556 0.27314814814814814 0.8634259259259259 0.2800925925925926 0.8495370370370371 0.2800925925925926 0.8495370370370371 0.2777777777777778 0.8449074074074074 0.27546296296296297 0.8449074074074074 0.2638888888888889 0.8495370370370371 0.26157407407407407
5 0.7870370370370371 0.3125 0.027777777777777776 0.02546296296296296
5 0.9120370370370371 0.3425925925925926 0.9166666666666666 0.3402777777777778 0.9282407407407407 0.3402777777777778 0.9351851851851852 0.3472222222222222 0.9351851851851852 0.35648148148148145 0.9305555555555556 0.3611111111111111 0.9259259259259259 0.36342592592592593 0.9166666666666666 0.36342592592592593 0.9120370370370371 0.3611111111111111 0.9097222222222222 0.35648148148148145 0.9097222222222222 0.3472222222222222 0.9120370370370371 0.3449074074074074
5 0.8842592592592593 0.4166666666666667 0.8912037037037037 0.41203703703703703 0.8958333333333334 0.41203703703703703 0.9004629629629629 0.41435185185185186 0.9050925925925926 0.4212962962962963 0.9050925925925926 0.4305555555555556 0.9004629629629629 0.4351851851851852 0.8912037037037037 0.4375 0.8888888888888888 0.4351851851851852 0.8842592592592593 0.4351851851851852 0.8842592592592593 0.4305555555555556 0.8819444444444444 0.42824074074074076 0.8819444444444444 0.4212962962962963 0.8842592592592593 0.41898148148148145
5 0.8842592592592593 0.6064814814814815 0.02546296296296296 0.02546296296296296
5 0.9189814814814815 0.6967592592592593 0.9189814814814815 0.6990740740740741 0.9236111111111112 0.7013888888888888 0.9236111111111112 0.7129629629629629 0.9189814814814815 0.7175925925925926 0.9050925925925926 0.7175925925925926 0.9004629629629629 0.7106481481481481 0.9004629629629629 0.7037037037037037 0.9050925925925926 0.6967592592592593 0.9166666666666666 0.6967592592592593
5 0.7777777777777778 0.6990740740740741 0.7824074074074074 0.7013888888888888 0.7847222222222222 0.7060185185185185 0.7847222222222222 0.7152777777777778 0.7777777777777778 0.7222222222222222 0.7708333333333334 0.7222222222222222 0.7638888888888888 0.7175925925925926 0.7638888888888888 0.7037037037037037 0.7731481481481481 0.6967592592592593 0.7754629629629629 0.6990740740740741
5 0.6408796875 0.6875875 0.6383875000000001 0.6872328125 0.6319812499999999 0.6907921875 0.6277109375 0.69969375 0.6298468749999999 0.7071703125 0.6360765625 0.7125 0.6408796875 0.7153609375000001 0.6501390625 0.7125 0.6522671874999999 0.7082390625 0.654046875 0.7053906249999999 0.6533359375000001 0.7000500000000001 0.6529796875 0.6968453124999999 0.6512 0.6925734375 0.6469296874999999 0.6883 0.6408796875 0.6875875
5 0.5578703703703703 0.7384259259259259 0.5601851851851852 0.7476851851851852 0.5578703703703703 0.7523148148148148 0.5509259259259259 0.7569444444444444 0.5416666666666666 0.7569444444444444 0.5370370370370371 0.7523148148148148 0.5347222222222222 0.7430555555555556 0.5416666666666666 0.7337962962962963 0.5532407407407407 0.7337962962962963 0.5555555555555556 0.7384259259259259
5 0.8356481481481481 0.7708333333333334 0.8356481481481481 0.7685185185185185 0.8310185185185185 0.7662037037037037 0.8310185185185185 0.7523148148148148 0.8379629629629629 0.7476851851851852 0.8495370370370371 0.75 0.8541666666666666 0.7592592592592593 0.8518518518518519 0.7662037037037037 0.8472222222222222 0.7708333333333334 0.8379629629629629 0.7708333333333334
5 0.3958333333333333 0.8101851851851852 0.39351851851851855 0.8055555555555556 0.39351851851851855 0.7939814814814815 0.3958333333333333 0.7916666666666666 0.41203703703703703 0.7916666666666666 0.4166666666666667 0.8009259259259259 0.41435185185185186 0.8032407407407407 0.41435185185185186 0.8078703703703703 0.4097222222222222 0.8125 0.4027777777777778 0.8148148148148148 0.39814814814814814 0.8101851851851852
5 0.2962962962962963 0.7916666666666666 0.3055555555555556 0.7870370370370371 0.3101851851851852 0.7870370370370371 0.31712962962962965 0.7962962962962963 0.3148148148148148 0.8078703703703703 0.3055555555555556 0.8125 0.2962962962962963 0.8078703703703703 0.29398148148148145 0.8032407407407407 0.29398148148148145 0.7962962962962963 0.2962962962962963 0.7939814814814815