4 0.09231875 0.17292343749999997 0.0466140625 0.1730625 0.0465203125 0.217075 0.09231875 0.21749218750000002 0.09231875 0.17292343749999997
4 0.08743906250000001 0.706246875 0.04069531250000001 0.7046203125 0.039475 0.75341875 0.08581250000000001 0.7521984375 0.08743906250000001 0.706246875
4 0.1439390625 0.458296875 0.0968421875 0.45917187500000006 0.09719375000000001 0.5046546875 0.14434531250000002 0.5034359375 0.1439390625 0.458296875
4 0.26262812500000005 0.5701265624999999 0.26222187500000005 0.6156718749999999 0.308965625 0.616078125 0.308965625 0.5701265624999999 0.26262812500000005 0.5701265624999999
4 0.308965625 0.301153125 0.2643125 0.3008015625 0.2646609375 0.3475109375 0.3097796875 0.3475109375 0.308965625 0.301153125
4 0.522634375 0.177690625 0.4782421875 0.17444062500000002 0.47715937500000005 0.22101874999999999 0.522634375 0.22101874999999999 0.522634375 0.177690625
4 0.9589750000000001 0.1701078125 0.9156656249999999 0.167940625 0.9178312500000002 0.21560312499999998 0.9600578125 0.21451875 0.9589750000000001 0.1701078125
4 0.9698015625000002 0.45932500000000004 0.92516875 0.458490625 0.9264937500000001 0.505903125 0.9719671875000001 0.5069875 0.9698015625000002 0.45932500000000004
4 0.975215625 0.695465625 0.9319578125 0.6970562499999999 0.9329890625000002 0.7442109375000001 0.9762984375000001 0.7442109375000001 0.975215625 0.695465625
4 0.7911515625000001 0.6423890625 0.7478421875000001 0.6423890625 0.7478421875000001 0.6857171875 0.792234375 0.6857171875 0.7911515625000001 0.6423890625
4 0.7521734375000001 0.46365781250000004 0.7079390625 0.4623703125 0.7088640625000001 0.5069875 0.7521734375000001 0.505903125 0.7521734375000001 0.46365781250000004
4 0.521090625 0.4656921875000001 0.47610312500000007 0.464965625 0.47593906250000007 0.5129171875 0.5200640625 0.511890625 0.521090625 0.4656921875000001
2 0.24537037037037038 0.3773148148148148 0.25462962962962965 0.3888888888888889 0.25462962962962965 0.39351851851851855 0.26851851851851855 0.41898148148148145 0.26851851851851855 0.4236111111111111 0.27314814814814814 0.42824074074074076 0.27314814814814814 0.4351851851851852 0.2777777777777778 0.4398148148148148 0.2777777777777778 0.4444444444444444 0.28703703703703703 0.4583333333333333 0.28703703703703703 0.4652777777777778 0.2800925925925926 0.4652777777777778 0.2800925925925926 0.4583333333333333 0.2708333333333333 0.44212962962962965 0.2708333333333333 0.4375 0.2662037037037037 0.43287037037037035 0.2662037037037037 0.42824074074074076 0.2569444444444444 0.41203703703703703 0.25462962962962965 0.4027777777777778 0.25 0.39814814814814814 0.25 0.39351851851851855 0.24305555555555555 0.37962962962962965
2 0.30324074074074076 0.5277777777777778 0.30787037037037035 0.5277777777777778 0.3101851851851852 0.5300925925925926 0.32407407407407407 0.5486111111111112 0.3263888888888889 0.5555555555555556 0.33101851851851855 0.5578703703703703 0.33564814814814814 0.5694444444444444 0.3402777777777778 0.5763888888888888 0.3449074074074074 0.5787037037037037 0.3611111111111111 0.6041666666666666 0.3611111111111111 0.6111111111111112 0.35185185185185186 0.6041666666666666 0.3449074074074074 0.5949074074074074 0.3425925925925926 0.5879629629629629 0.33796296296296297 0.5856481481481481 0.33796296296296297 0.5810185185185185 0.3194444444444444 0.5532407407407407 0.30324074074074076 0.5347222222222222 0.30324074074074076 0.5300925925925926
2 0.3449074074074074 0.2361111111111111 0.34953703703703703 0.24537037037037038 0.34953703703703703 0.2916666666666667 0.35185185185185186 0.29398148148148145 0.3541666666666667 0.33564814814814814 0.3472222222222222 0.33564814814814814 0.3472222222222222 0.30324074074074076 0.3449074074074074 0.30092592592592593 0.3449074074074074 0.27314814814814814 0.3425925925925926 0.2708333333333333 0.3425925925925926 0.2361111111111111
2 0.41203703703703703 0.3333333333333333 0.4166666666666667 0.3333333333333333 0.4212962962962963 0.3402777777777778 0.42592592592592593 0.3425925925925926 0.4305555555555556 0.34953703703703703 0.4351851851851852 0.35185185185185186 0.4351851851851852 0.3541666666666667 0.4398148148148148 0.35648148148148145 0.47685185185185186 0.3958333333333333 0.4791666666666667 0.3958333333333333 0.48148148148148145 0.40046296296296297 0.48148148148148145 0.4050925925925926 0.47453703703703703 0.4027777777777778 0.4675925925925926 0.39351851851851855 0.4583333333333333 0.38657407407407407 0.4537037037037037 0.37962962962962965 0.44212962962962965 0.3680555555555556 0.4398148148148148 0.3680555555555556 0.4398148148148148 0.36574074074074076 0.41435185185185186 0.3402777777777778 0.41203703703703703 0.3402777777777778 0.41203703703703703 0.33564814814814814
2 0.6203703703703703 0.30092592592592593 0.625 0.30324074074074076 0.625 0.3333333333333333 0.6273148148148148 0.33564814814814814 0.6273148148148148 0.3402777777777778 0.625 0.3425925925925926 0.6273148148148148 0.39814814814814814 0.6203703703703703 0.39814814814814814 0.6203703703703703 0.30324074074074076
2 0.7430555555555556 0.3194444444444444 0.7476851851851852 0.3194444444444444 0.7476851851851852 0.32175925925925924 0.7523148148148148 0.32407407407407407 0.7546296296296297 0.33101851851851855 0.7592592592592593 0.33564814814814814 0.7592592592592593 0.3402777777777778 0.7638888888888888 0.3425925925925926 0.7870370370370371 0.3773148148148148 0.7870370370370371 0.3819444444444444 0.7986111111111112 0.3958333333333333 0.7962962962962963 0.40046296296296297 0.7893518518518519 0.39814814814814814 0.7893518518518519 0.3912037037037037 0.7847222222222222 0.3888888888888889 0.7800925925925926 0.3773148148148148 0.7569444444444444 0.3449074074074074 0.7546296296296297 0.33796296296296297 0.75 0.33564814814814814 0.75 0.33101851851851855 0.7430555555555556 0.32175925925925924
2 0.8032407407407407 0.5208333333333334 0.8101851851851852 0.5208333333333334 0.8194444444444444 0.5162037037037037 0.8333333333333334 0.5162037037037037 0.8402777777777778 0.5115740740740741 0.8541666666666666 0.5115740740740741 0.8634259259259259 0.5069444444444444 0.875 0.5069444444444444 0.8773148148148148 0.5046296296296297 0.8842592592592593 0.5046296296296297 0.8912037037037037 0.5 0.8981481481481481 0.5 0.8981481481481481 0.5092592592592593 0.8819444444444444 0.5092592592592593 0.8796296296296297 0.5115740740740741 0.8703703703703703 0.5115740740740741 0.8680555555555556 0.5138888888888888 0.8564814814814815 0.5138888888888888 0.8449074074074074 0.5185185185185185 0.8333333333333334 0.5185185185185185 0.8240740740740741 0.5231481481481481 0.8032407407407407 0.5231481481481481
2 0.6643518518518519 0.5254629629629629 0.6736111111111112 0.5254629629629629 0.6736111111111112 0.5416666666666666 0.6712962962962963 0.5439814814814815 0.6712962962962963 0.6203703703703703 0.6689814814814815 0.6226851851851852 0.6643518518518519 0.6180555555555556 0.6643518518518519 0.5324074074074074 0.6666666666666666 0.5300925925925926 0.6643518518518519 0.5277777777777778
2 0.6458333333333334 0.6898148148148148 0.6504629629629629 0.6898148148148148 0.6574074074074074 0.6944444444444444 0.6666666666666666 0.6944444444444444 0.6875 0.7037037037037037 0.6967592592592593 0.7037037037037037 0.7037037037037037 0.7083333333333334 0.7106481481481481 0.7083333333333334 0.7175925925925926 0.7129629629629629 0.7361111111111112 0.7152777777777778 0.7384259259259259 0.7175925925925926 0.7361111111111112 0.7222222222222222 0.7291666666666666 0.7175925925925926 0.7129629629629629 0.7152777777777778 0.7083333333333334 0.7106481481481481 0.6990740740740741 0.7106481481481481 0.6921296296296297 0.7060185185185185 0.6828703703703703 0.7060185185185185 0.6759259259259259 0.7013888888888888 0.6689814814814815 0.7013888888888888 0.6620370370370371 0.6967592592592593 0.6550925925925926 0.6967592592592593 0.6458333333333334 0.6921296296296297