4 0.09231875 0.21749218750000002 0.09231875 0.17292343749999997 0.0466140625 0.1730625 0.0465203125 0.217075 0.09231875 0.21749218750000002
4 0.08581250000000001 0.7521984375 0.08743906250000001 0.706246875 0.04069531250000001 0.7046203125 0.039475 0.75341875 0.08581250000000001 0.7521984375
4 0.14434531250000002 0.5034359375 0.1439390625 0.458296875 0.0968421875 0.45917187500000006 0.09719375000000001 0.5046546875 0.14434531250000002 0.5034359375
4 0.308965625 0.5701265624999999 0.26262812500000005 0.5701265624999999 0.26222187500000005 0.6156718749999999 0.308965625 0.616078125 0.308965625 0.5701265624999999
4 0.3097796875 0.3475109375 0.308965625 0.301153125 0.2643125 0.3008015625 0.2646609375 0.3475109375 0.3097796875 0.3475109375
4 0.522634375 0.22101874999999999 0.522634375 0.177690625 0.4782421875 0.17444062500000002 0.47715937500000005 0.22101874999999999 0.522634375 0.22101874999999999
4 0.9600578125 0.21451875 0.9589750000000001 0.1701078125 0.9156656249999999 0.167940625 0.9178312500000002 0.21560312499999998 0.9600578125 0.21451875
4 0.9719671875000001 0.5069875 0.9698015625000002 0.45932500000000004 0.92516875 0.458490625 0.9264937500000001 0.505903125 0.9719671875000001 0.5069875
4 0.9762984375000001 0.7442109375000001 0.975215625 0.695465625 0.9319578125 0.6970562499999999 0.9329890625000002 0.7442109375000001 0.9762984375000001 0.7442109375000001
4 0.792234375 0.6857171875 0.7911515625000001 0.6423890625 0.7478421875000001 0.6423890625 0.7478421875000001 0.6857171875 0.792234375 0.6857171875
4 0.7521734375000001 0.505903125 0.7521734375000001 0.46365781250000004 0.7079390625 0.4623703125 0.7088640625000001 0.5069875 0.7521734375000001 0.505903125
4 0.5200640625 0.511890625 0.521090625 0.4656921875000001 0.47610312500000007 0.464965625 0.47593906250000007 0.5129171875 0.5200640625 0.511890625
0 0.06944444444444445 0.4351851851851852 0.07175925925925926 0.4305555555555556 0.07175925925925926 0.4212962962962963 0.07407407407407407 0.41898148148148145 0.0763888888888889 0.41898148148148145 0.0763888888888889 0.4351851851851852 0.07175925925925926 0.4351851851851852
0 0.06944444444444445 0.47685185185185186 0.0763888888888889 0.47685185185185186 0.0763888888888889 0.4837962962962963 0.07175925925925926 0.4930555555555556 0.06944444444444445 0.4930555555555556 0.06944444444444445 0.4791666666666667
0 0.07407407407407407 0.5324074074074074 0.08101851851851852 0.5347222222222222 0.09027777777777778 0.5416666666666666 0.08796296296296297 0.5462962962962963 0.08333333333333333 0.5462962962962963 0.08333333333333333 0.5439814814814815 0.0787037037037037 0.5416666666666666 0.07407407407407407 0.5347222222222222
0 0.12037037037037036 0.5416666666666666 0.12962962962962962 0.5439814814814815 0.12962962962962962 0.5462962962962963 0.12731481481481483 0.5462962962962963 0.11805555555555555 0.5555555555555556 0.11574074074074074 0.5555555555555556 0.11574074074074074 0.5532407407407407 0.12037037037037036 0.5439814814814815
0 0.18287037037037038 0.5370370370370371 0.1875 0.5370370370370371 0.18981481481481483 0.5393518518518519 0.18981481481481483 0.5462962962962963 0.19212962962962962 0.5486111111111112 0.19212962962962962 0.5532407407407407 0.18287037037037038 0.5532407407407407 0.18287037037037038 0.5393518518518519
0 0.1736111111111111 0.4722222222222222 0.18055555555555555 0.4722222222222222 0.18055555555555555 0.48842592592592593 0.17824074074074073 0.48842592592592593 0.1736111111111111 0.4791666666666667 0.1736111111111111 0.47453703703703703
0 0.16666666666666666 0.4236111111111111 0.1712962962962963 0.4236111111111111 0.17592592592592593 0.42824074074074076 0.17592592592592593 0.43287037037037035 0.17824074074074073 0.4351851851851852 0.17824074074074073 0.44212962962962965 0.1736111111111111 0.44212962962962965 0.1736111111111111 0.4375 0.16898148148148148 0.43287037037037035 0.16666666666666666 0.42592592592592593
0 0.12037037037037036 0.42824074074074076 0.12268518518518519 0.42824074074074076 0.12962962962962962 0.41898148148148145 0.13425925925925927 0.41898148148148145 0.12731481481481483 0.4351851851851852 0.12037037037037036 0.4305555555555556