4 0.09231875 0.17292343749999997 0.0466140625 0.1730625 0.0465203125 0.217075 0.09231875 0.21749218750000002 0.09231875 0.17292343749999997
4 0.08743906250000001 0.706246875 0.04069531250000001 0.7046203125 0.039475 0.75341875 0.08581250000000001 0.7521984375 0.08743906250000001 0.706246875
4 0.1439390625 0.458296875 0.0968421875 0.45917187500000006 0.09719375000000001 0.5046546875 0.14434531250000002 0.5034359375 0.1439390625 0.458296875
4 0.26262812500000005 0.5701265624999999 0.26222187500000005 0.6156718749999999 0.308965625 0.616078125 0.308965625 0.5701265624999999 0.26262812500000005 0.5701265624999999
4 0.308965625 0.301153125 0.2643125 0.3008015625 0.2646609375 0.3475109375 0.3097796875 0.3475109375 0.308965625 0.301153125
4 0.522634375 0.177690625 0.4782421875 0.17444062500000002 0.47715937500000005 0.22101874999999999 0.522634375 0.22101874999999999 0.522634375 0.177690625
4 0.9589750000000001 0.1701078125 0.9156656249999999 0.167940625 0.9178312500000002 0.21560312499999998 0.9600578125 0.21451875 0.9589750000000001 0.1701078125
4 0.9698015625000002 0.45932500000000004 0.92516875 0.458490625 0.9264937500000001 0.505903125 0.9719671875000001 0.5069875 0.9698015625000002 0.45932500000000004
4 0.975215625 0.695465625 0.9319578125 0.6970562499999999 0.9329890625000002 0.7442109375000001 0.9762984375000001 0.7442109375000001 0.975215625 0.695465625
4 0.7911515625000001 0.6423890625 0.7478421875000001 0.6423890625 0.7478421875000001 0.6857171875 0.792234375 0.6857171875 0.7911515625000001 0.6423890625
4 0.7521734375000001 0.46365781250000004 0.7079390625 0.4623703125 0.7088640625000001 0.5069875 0.7521734375000001 0.505903125 0.7521734375000001 0.46365781250000004
4 0.521090625 0.4656921875000001 0.47610312500000007 0.464965625 0.47593906250000007 0.5129171875 0.5200640625 0.511890625 0.521090625 0.4656921875000001
1 0.5694444444444444 0.3263888888888889 0.5787037037037037 0.33101851851851855 0.5879629629629629 0.33101851851851855 0.5972222222222222 0.33796296296296297 0.6018518518518519 0.33796296296296297 0.6087962962962963 0.3449074074074074 0.6087962962962963 0.34953703703703703 0.6134259259259259 0.35185185185185186 0.6203703703703703 0.3611111111111111 0.6226851851851852 0.3611111111111111 0.625 0.36574074074074076 0.6226851851851852 0.37962962962962965 0.6087962962962963 0.37962962962962965 0.5856481481481481 0.3541666666666667 0.5763888888888888 0.34953703703703703 0.5648148148148148 0.34953703703703703 0.5578703703703703 0.3449074074074074 0.5578703703703703 0.3425925925925926 0.5532407407407407 0.3402777777777778 0.5532407407407407 0.33101851851851855 0.5601851851851852 0.3263888888888889 0.5671296296296297 0.3263888888888889
1 0.8009259259259259 0.2847222222222222 0.8101851851851852 0.28935185185185186 0.8171296296296297 0.2986111111111111 0.8287037037037037 0.30092592592592593 0.8310185185185185 0.3055555555555556 0.8402777777777778 0.3125 0.8402777777777778 0.31712962962962965 0.8425925925925926 0.3194444444444444 0.8402777777777778 0.33564814814814814 0.8472222222222222 0.3425925925925926 0.8449074074074074 0.3541666666666667 0.8402777777777778 0.35648148148148145 0.8287037037037037 0.3541666666666667 0.8078703703703703 0.32175925925925924 0.7893518518518519 0.30092592592592593 0.7893518518518519 0.29398148148148145 0.7986111111111112 0.28703703703703703
1 0.42824074074074076 0.3472222222222222 0.44212962962962965 0.3472222222222222 0.44675925925925924 0.3541666666666667 0.44675925925925924 0.3611111111111111 0.44212962962962965 0.3680555555555556 0.44212962962962965 0.375 0.4351851851851852 0.3912037037037037 0.4351851851851852 0.40046296296296297 0.4305555555555556 0.4097222222222222 0.4305555555555556 0.4212962962962963 0.42592592592592593 0.42592592592592593 0.4166666666666667 0.42824074074074076 0.4097222222222222 0.4236111111111111 0.4097222222222222 0.4050925925925926 0.41203703703703703 0.4027777777777778 0.4097222222222222 0.40046296296296297 0.4097222222222222 0.3958333333333333 0.41203703703703703 0.39351851851851855 0.41435185185185186 0.3819444444444444 0.41898148148148145 0.3773148148148148 0.41898148148148145 0.36574074074074076 0.4236111111111111 0.3611111111111111 0.4236111111111111 0.35648148148148145 0.42824074074074076 0.34953703703703703
1 0.6388888888888888 0.5277777777777778 0.6435185185185185 0.5370370370370371 0.6481481481481481 0.5393518518518519 0.6550925925925926 0.5486111111111112 0.6574074074074074 0.5486111111111112 0.6666666666666666 0.5671296296296297 0.6666666666666666 0.5787037037037037 0.6712962962962963 0.5833333333333334 0.6712962962962963 0.5949074074074074 0.6689814814814815 0.5949074074074074 0.6666666666666666 0.5995370370370371 0.6597222222222222 0.5995370370370371 0.6504629629629629 0.5949074074074074 0.6504629629629629 0.5879629629629629 0.6458333333333334 0.5856481481481481 0.6458333333333334 0.5810185185185185 0.6365740740740741 0.5694444444444444 0.6319444444444444 0.5578703703703703 0.625 0.5509259259259259 0.625 0.5462962962962963 0.6203703703703703 0.5416666666666666 0.6203703703703703 0.5300925925925926 0.6273148148148148 0.5254629629629629 0.6342592592592593 0.5254629629629629 0.6365740740740741 0.5277777777777778
1 0.8726851851851852 0.5115740740740741 0.875 0.5162037037037037 0.8958333333333334 0.5300925925925926 0.9120370370370371 0.5486111111111112 0.9120370370370371 0.5555555555555556 0.9097222222222222 0.5578703703703703 0.9166666666666666 0.5694444444444444 0.9166666666666666 0.5740740740740741 0.9120370370370371 0.5810185185185185 0.9004629629629629 0.5810185185185185 0.8912037037037037 0.5717592592592593 0.8912037037037037 0.5694444444444444 0.8865740740740741 0.5671296296296297 0.8865740740740741 0.5625 0.8726851851851852 0.5439814814814815 0.8611111111111112 0.5324074074074074 0.8611111111111112 0.5300925925925926 0.8564814814814815 0.5277777777777778 0.8564814814814815 0.5231481481481481 0.8541666666666666 0.5208333333333334 0.8564814814814815 0.5185185185185185 0.8564814814814815 0.5138888888888888 0.8587962962962963 0.5115740740740741 0.8703703703703703 0.5115740740740741