4 0.90768125 0.17292343749999997 0.90768125 0.21749218750000002 0.9534796875 0.217075 0.9533859375 0.1730625 0.90768125 0.17292343749999997
4 0.9125609374999999 0.706246875 0.9141874999999999 0.7521984375 0.960525 0.75341875 0.9593046875 0.7046203125 0.9125609374999999 0.706246875
4 0.8560609375 0.458296875 0.8556546875000001 0.5034359375 0.9028062499999999 0.5046546875 0.9031578125 0.45917187500000006 0.8560609375 0.458296875
4 0.737371875 0.5701265624999999 0.691034375 0.5701265624999999 0.691034375 0.616078125 0.737778125 0.6156718749999999 0.737371875 0.5701265624999999
4 0.691034375 0.301153125 0.6902203124999999 0.3475109375 0.7353390625 0.3475109375 0.7356875 0.3008015625 0.691034375 0.301153125
4 0.47736562499999996 0.177690625 0.47736562499999996 0.22101874999999999 0.522840625 0.22101874999999999 0.5217578125 0.17444062500000002 0.47736562499999996 0.177690625
4 0.04102499999999988 0.1701078125 0.039942187499999976 0.21451875 0.08216874999999983 0.21560312499999998 0.08433437500000004 0.167940625 0.04102499999999988 0.1701078125
4 0.03019843749999988 0.45932500000000004 0.02803281249999993 0.5069875 0.0735062499999999 0.505903125 0.07483125000000007 0.458490625 0.03019843749999988 0.45932500000000004
4 0.024784374999999942 0.695465625 0.0237015624999999 0.7442109375000001 0.0670109374999998 0.7442109375000001 0.06804218750000002 0.6970562499999999 0.024784374999999942 0.695465625
4 0.2088484374999999 0.6423890625 0.207765625 0.6857171875 0.2521578124999999 0.6857171875 0.2521578124999999 0.6423890625 0.2088484374999999 0.6423890625
4 0.2478265624999999 0.46365781250000004 0.2478265624999999 0.505903125 0.29113593749999994 0.5069875 0.2920609375 0.4623703125 0.2478265624999999 0.46365781250000004
4 0.47890937499999997 0.4656921875000001 0.4799359374999999 0.511890625 0.5240609374999999 0.5129171875 0.5238968749999999 0.464965625 0.47890937499999997 0.4656921875000001
1 0.630128125 0.42469375000000004 0.6279234375 0.4335125 0.6281687499999999 0.4389015625 0.6254734375 0.44159531250000006 0.6171453124999999 0.4447796875 0.6102874999999999 0.44967968750000004 0.6024484375 0.4555578125 0.599509375 0.462415625 0.5992640625 0.47000937500000006 0.6017140625 0.47711406250000005 0.6041640625 0.4805421875 0.611021875 0.4837265625 0.61420625 0.48666562500000005 0.621065625 0.4881359375 0.6274328124999999 0.48862656250000003 0.6338015625 0.48862656250000003 0.6355171874999999 0.4930343750000001 0.6362515625 0.5008734375 0.6379656249999999 0.504303125 0.6411500000000001 0.5050375 0.6443343749999999 0.5013625 0.6443343749999999 0.4957296875 0.644825 0.49009531250000005 0.6431109375 0.48593125000000004 0.6426203125 0.47980781250000004 0.6389453124999999 0.47784843750000006 0.6330671875 0.47686875 0.6230249999999999 0.47686875 0.6169000000000001 0.475153125 0.6105328125 0.46780468750000004 0.608328125 0.46266093750000004 0.6115125 0.457271875 0.6178812499999999 0.45384375000000005 0.62571875 0.45065937500000003 0.6318421875 0.448209375 0.6367421875 0.4413515625 0.6367421875 0.43743125 0.6382109375 0.43057343750000004 0.6374765625 0.4249390625 0.6347812500000001 0.4216328125 0.630128125 0.42469375000000004
1 0.7106481481481481 0.4236111111111111 0.7106481481481481 0.4351851851851852 0.7129629629629629 0.4375 0.7129629629629629 0.44212962962962965 0.7199074074074074 0.44675925925925924 0.7291666666666666 0.44675925925925924 0.7314814814814815 0.4444444444444444 0.7314814814814815 0.4398148148148148 0.7245370370370371 0.43287037037037035 0.7245370370370371 0.42824074074074076 0.7245370370370371 0.43287037037037035 0.7314814814814815 0.4398148148148148 0.7314814814814815 0.44675925925925924 0.7199074074074074 0.44675925925925924 0.7152777777777778 0.4444444444444444 0.7106481481481481 0.4351851851851852 0.7106481481481481 0.42592592592592593
1 0.6319444444444444 0.28935185185185186 0.6319444444444444 0.31712962962962965 0.625 0.32175925925925924 0.6157407407407407 0.32175925925925924 0.6087962962962963 0.31712962962962965 0.6064814814814815 0.3125 0.5972222222222222 0.3125 0.5949074074074074 0.3148148148148148 0.5972222222222222 0.3125 0.6064814814814815 0.3125 0.6134259259259259 0.3194444444444444 0.625 0.32175925925925924 0.6319444444444444 0.3148148148148148 0.6319444444444444 0.2916666666666667
1 0.81875 0.26406250000000003 0.8203125 0.28125 0.825 0.28437500000000004 0.8484375 0.2859375 0.8546875 0.296875 0.8546875 0.30781250000000004 0.8515625 0.3109375 0.846875 0.3109375 0.840625 0.3171875 0.8328125 0.31875 0.828125 0.32343750000000004 0.8296875 0.33906250000000004 0.834375 0.3453125 0.8375 0.3453125 0.840625 0.3421875 0.840625 0.33906250000000004 0.8395109374999999 0.33637812500000003 0.8389031250000001 0.332725 0.8379906249999999 0.32846406250000004 0.840625 0.325 0.8578125 0.31562500000000004 0.8671875 0.3046875 0.86875 0.290625 0.8671875 0.2859375 0.859375 0.278125 0.853125 0.27656250000000004 0.85 0.278125 0.8359375 0.278125 0.8296875 0.2703125 0.828125 0.2609375 0.8265625 0.259375 0.8234375 0.2609375 0.821875 0.2609375 0.81875 0.26406250000000003
1 0.6967592592592593 0.25 0.7060185185185185 0.24537037037037038 0.7175925925925926 0.24537037037037038 0.7222222222222222 0.25 0.7222222222222222 0.25925925925925924 0.7291666666666666 0.2662037037037037 0.7384259259259259 0.2662037037037037 0.7430555555555556 0.26157407407407407 0.7430555555555556 0.23842592592592593 0.7453703703703703 0.2361111111111111 0.75 0.2361111111111111 0.7615740740740741 0.22685185185185186 0.7731481481481481 0.22685185185185186 0.7662037037037037 0.23842592592592593 0.7615740740740741 0.24074074074074073 0.7569444444444444 0.25 0.7569444444444444 0.25925925925925924 0.7523148148148148 0.26851851851851855 0.75 0.26851851851851855 0.7476851851851852 0.27314814814814814 0.7430555555555556 0.27314814814814814 0.7361111111111112 0.2777777777777778 0.7199074074074074 0.2777777777777778 0.7106481481481481 0.26851851851851855 0.7106481481481481 0.26157407407407407 0.7083333333333334 0.25925925925925924 0.7013888888888888 0.25925925925925924 0.6990740740740741 0.25462962962962965 0.6944444444444444 0.25462962962962965 0.6967592592592593 0.2523148148148148