4 0.90768125 0.17292343749999997 0.90768125 0.21749218750000002 0.9534796875 0.217075 0.9533859375 0.1730625 0.90768125 0.17292343749999997
4 0.9125609374999999 0.706246875 0.9141874999999999 0.7521984375 0.960525 0.75341875 0.9593046875 0.7046203125 0.9125609374999999 0.706246875
4 0.8560609375 0.458296875 0.8556546875000001 0.5034359375 0.9028062499999999 0.5046546875 0.9031578125 0.45917187500000006 0.8560609375 0.458296875
4 0.737371875 0.5701265624999999 0.691034375 0.5701265624999999 0.691034375 0.616078125 0.737778125 0.6156718749999999 0.737371875 0.5701265624999999
4 0.691034375 0.301153125 0.6902203124999999 0.3475109375 0.7353390625 0.3475109375 0.7356875 0.3008015625 0.691034375 0.301153125
4 0.47736562499999996 0.177690625 0.47736562499999996 0.22101874999999999 0.522840625 0.22101874999999999 0.5217578125 0.17444062500000002 0.47736562499999996 0.177690625
4 0.04102499999999988 0.1701078125 0.039942187499999976 0.21451875 0.08216874999999983 0.21560312499999998 0.08433437500000004 0.167940625 0.04102499999999988 0.1701078125
4 0.03019843749999988 0.45932500000000004 0.02803281249999993 0.5069875 0.0735062499999999 0.505903125 0.07483125000000007 0.458490625 0.03019843749999988 0.45932500000000004
4 0.024784374999999942 0.695465625 0.0237015624999999 0.7442109375000001 0.0670109374999998 0.7442109375000001 0.06804218750000002 0.6970562499999999 0.024784374999999942 0.695465625
4 0.2088484374999999 0.6423890625 0.207765625 0.6857171875 0.2521578124999999 0.6857171875 0.2521578124999999 0.6423890625 0.2088484374999999 0.6423890625
4 0.2478265624999999 0.46365781250000004 0.2478265624999999 0.505903125 0.29113593749999994 0.5069875 0.2920609375 0.4623703125 0.2478265624999999 0.46365781250000004
4 0.47890937499999997 0.4656921875000001 0.4799359374999999 0.511890625 0.5240609374999999 0.5129171875 0.5238968749999999 0.464965625 0.47890937499999997 0.4656921875000001
1 0.7435125 0.201946875 0.73648125 0.2058515625 0.7343984375 0.2110609375 0.7362203125 0.22095468750000002 0.7440328125 0.22876718750000002 0.749240625 0.23032968750000002 0.7518453125 0.23605781250000002 0.7536671875000001 0.24569218750000002 0.7539281250000001 0.2542859375 0.752365625 0.26079531250000004 0.7528859374999999 0.26782656250000003 0.753146875 0.2743359375 0.7567921874999999 0.2805859375 0.7614796875000001 0.28345 0.767728125 0.2847515625 0.7744984375 0.2821484375 0.777103125 0.27615937500000004 0.777103125 0.26808593750000004 0.774759375 0.260534375 0.7734578125 0.25636875 0.7734578125 0.25324375 0.7758015625 0.250640625 0.7776234375 0.2430890625 0.7758015625 0.23631875 0.773196875 0.22850625 0.7698124999999999 0.2222578125 0.7646031249999999 0.218871875 0.7606984374999999 0.217309375 0.7586140625 0.213403125 0.7575734375000001 0.20793593750000003 0.7544484374999999 0.20481093750000004 0.7500218750000001 0.20207656250000003 0.7435125 0.201946875
1 0.8289218749999999 0.274075 0.8244937499999999 0.2743359375 0.8185046874999999 0.276940625 0.8132968749999999 0.2821484375 0.8117359375 0.286575 0.8127765625 0.2936046875 0.8161625 0.29803125 0.8205890625 0.297771875 0.825275 0.30115625 0.8289218749999999 0.30532343749999996 0.8336078124999999 0.31313437499999996 0.837253125 0.3199046875 0.8393375 0.32563281250000004 0.83855625 0.32875781249999997 0.837253125 0.33370625000000004 0.837253125 0.34099687500000003 0.8406390625 0.346725 0.844284375 0.35219374999999997 0.8507937499999999 0.35479687499999996 0.8557421874999999 0.35531875 0.8606890625 0.3532359375 0.863553125 0.346725 0.8622515624999999 0.34047656249999997 0.8596484374999999 0.3357890625 0.8562624999999999 0.33292499999999997 0.8557421874999999 0.32823750000000007 0.8583453124999999 0.32302968750000005 0.8593875 0.31782187500000003 0.857825 0.3118328125 0.8552203125 0.30610468750000003 0.852096875 0.2990734375 0.849753125 0.29464687500000003 0.8453265624999999 0.29178281250000004 0.83855625 0.2896984375 0.83699375 0.28579375 0.8362124999999999 0.2821484375 0.8349109374999999 0.278371875 0.8289218749999999 0.274075
1 0.7094 0.3870859375000001 0.7023703124999999 0.3863046875000001 0.695859375 0.390471875 0.6924749999999998 0.39594062500000005 0.6927359375000001 0.4019296875000001 0.697421875 0.4094796875 0.7026296875 0.412865625 0.7135671875 0.415209375 0.7224203125 0.41625 0.7299718749999999 0.4206765625 0.7377828125 0.427446875 0.74195 0.432915625 0.74585625 0.43656093749999997 0.748459375 0.43812343750000005 0.753146875 0.44046718749999997 0.7586140625 0.44176875 0.7646031249999999 0.44176875 0.7698124999999999 0.436821875 0.773196875 0.42927031250000003 0.7695515625 0.42406250000000006 0.7614796875000001 0.419896875 0.7557499999999999 0.415990625 0.752625 0.411303125 0.7461156250000001 0.4060953125 0.7390859375 0.39984531250000005 0.7299718749999999 0.39646093750000005 0.7234609375 0.3956796875 0.7172125 0.39385625 0.7135671875 0.39008125000000005 0.7094 0.3870859375000001
1 0.6018578124999999 0.44255 0.5963890625 0.43968593750000007 0.588578125 0.44098750000000003 0.5844109375000001 0.44463281250000003 0.5820671875 0.44984218750000005 0.5833703125 0.45609062499999997 0.5859734375 0.4612984375 0.5948265625 0.46338125 0.5982124999999999 0.4659859375 0.6031593749999999 0.4667671875 0.6073265625 0.46832968750000004 0.6153984375 0.47275625000000004 0.6213875 0.47666250000000004 0.62685625 0.48134843749999995 0.6323234375 0.4834328125 0.634146875 0.4868171875 0.6383125 0.487859375 0.64378125 0.49228593750000005 0.6476875 0.4938484375 0.6523734375000001 0.49306718749999995 0.6570609374999999 0.48837968750000005 0.6601859375000001 0.4821296875 0.6570609374999999 0.4764015625 0.6510718750000001 0.47119375 0.6482078124999999 0.4698921875 0.6435203125 0.46572500000000006 0.63753125 0.4597359375 0.6305015625 0.4555703125 0.624771875 0.45270625000000003 0.6164390625 0.44906093750000003 0.6120125000000001 0.44880000000000003 0.6081078125 0.44632656249999997 0.6018578124999999 0.44255
1 0.6187828125 0.32511249999999997 0.6156578124999998 0.32276875000000005 0.6138359375 0.320165625 0.6075859375 0.31886406250000005 0.6013374999999999 0.3183421875 0.5945671875 0.318603125 0.588578125 0.318603125 0.5844109375000001 0.319384375 0.5805046875000001 0.32120624999999997 0.57738125 0.32198750000000004 0.5729546874999999 0.32172812500000003 0.565403125 0.32146718750000003 0.5588921874999999 0.3245921875 0.556028125 0.331621875 0.5570703124999999 0.3389140625 0.5604546874999999 0.3436 0.56488125 0.34490312500000003 0.57269375 0.34594375 0.57738125 0.34438124999999997 0.5859734375 0.341778125 0.5948265625 0.341778125 0.6034203125 0.343340625 0.6091484374999999 0.343340625 0.6164390625 0.34438124999999997 0.6203453125 0.348028125 0.6284171875 0.34906875000000004 0.633625 0.347246875 0.63909375 0.34307968749999995 0.6416984375 0.33735156250000004 0.6403953124999999 0.33058125000000005 0.6357093749999999 0.32589375000000004 0.630240625 0.32498281250000005 0.6187828125 0.32511249999999997