4 0.90768125 0.8270765625000001 0.9533859375 0.8269374999999999 0.9534796875 0.7829250000000001 0.90768125 0.7825078124999999 0.90768125 0.8270765625000001
4 0.9125609374999999 0.29375312499999995 0.9593046875 0.29537968749999993 0.960525 0.24658125 0.9141874999999999 0.2478015625 0.9125609374999999 0.29375312499999995
4 0.8560609375 0.541703125 0.9031578125 0.540828125 0.9028062499999999 0.49534531249999997 0.8556546875000001 0.49656406249999996 0.8560609375 0.541703125
4 0.737371875 0.4298734375 0.737778125 0.3843281250000001 0.691034375 0.38392187499999997 0.691034375 0.4298734375 0.737371875 0.4298734375
4 0.691034375 0.698846875 0.7356875 0.6991984375 0.7353390625 0.6524890624999999 0.6902203124999999 0.6524890624999999 0.691034375 0.698846875
4 0.47736562499999996 0.8223093750000001 0.5217578125 0.8255593750000001 0.522840625 0.7789812500000001 0.47736562499999996 0.7789812500000001 0.47736562499999996 0.8223093750000001
4 0.04102499999999988 0.8298921874999999 0.08433437500000004 0.832059375 0.08216874999999983 0.7843968750000001 0.039942187499999976 0.78548125 0.04102499999999988 0.8298921874999999
4 0.03019843749999988 0.540675 0.07483125000000007 0.541509375 0.0735062499999999 0.494096875 0.02803281249999993 0.49301249999999996 0.03019843749999988 0.540675
4 0.024784374999999942 0.304534375 0.06804218750000002 0.30294375000000007 0.0670109374999998 0.2557890624999999 0.0237015624999999 0.2557890624999999 0.024784374999999942 0.304534375
4 0.2088484374999999 0.3576109374999999 0.2521578124999999 0.3576109374999999 0.2521578124999999 0.3142828125 0.207765625 0.3142828125 0.2088484374999999 0.3576109374999999
4 0.2478265624999999 0.5363421875 0.2920609375 0.5376296875 0.29113593749999994 0.49301249999999996 0.2478265624999999 0.494096875 0.2478265624999999 0.5363421875
4 0.47890937499999997 0.5343078124999999 0.5238968749999999 0.535034375 0.5240609374999999 0.48708281249999996 0.4799359374999999 0.488109375 0.47890937499999997 0.5343078124999999
1 0.773196875 0.77149375 0.7758015625 0.76368125 0.7776234375 0.7569109374999999 0.7758015625 0.749359375 0.7734578125 0.74675625 0.7734578125 0.74363125 0.774759375 0.7394656250000001 0.777103125 0.7319140625 0.777103125 0.7238406249999999 0.7744984375 0.7178515625 0.767728125 0.7152484375 0.7614796875000001 0.71655 0.7567921874999999 0.7194140625000001 0.753146875 0.7256640625 0.7528859374999999 0.7321734375 0.752365625 0.7392046874999999 0.7539281250000001 0.7457140624999999 0.7536671875000001 0.7543078125 0.7518453125 0.7639421874999999 0.749240625 0.7696703125 0.7440328125 0.7712328125 0.7362203125 0.7790453125 0.7343984375 0.7889390625 0.73648125 0.7941484375000001 0.7435125 0.798053125 0.7500218750000001 0.7979234374999999 0.7544484374999999 0.7951890624999999 0.7575734375000001 0.7920640624999999 0.7586140625 0.786596875 0.7606984374999999 0.782690625 0.7646031249999999 0.7811281250000001 0.7698124999999999 0.7777421875 0.773196875 0.77149375
1 0.8552203125 0.6938953124999999 0.857825 0.6881671875 0.8593875 0.682178125 0.8583453124999999 0.6769703125 0.8557421874999999 0.6717624999999999 0.8562624999999999 0.667075 0.8596484374999999 0.6642109374999999 0.8622515624999999 0.6595234375 0.863553125 0.6532749999999999 0.8606890625 0.6467640625 0.8557421874999999 0.64468125 0.8507937499999999 0.645203125 0.844284375 0.64780625 0.8406390625 0.6532749999999999 0.837253125 0.659003125 0.837253125 0.6662937499999999 0.83855625 0.6712421875 0.8393375 0.6743671874999999 0.837253125 0.6800953125 0.8336078124999999 0.686865625 0.8289218749999999 0.6946765625 0.825275 0.6988437499999999 0.8205890625 0.702228125 0.8161625 0.7019687499999999 0.8127765625 0.7063953125 0.8117359375 0.713425 0.8132968749999999 0.7178515625 0.8185046874999999 0.723059375 0.8244937499999999 0.7256640625 0.8289218749999999 0.725925 0.8349109374999999 0.721628125 0.8362124999999999 0.7178515625 0.83699375 0.71420625 0.83855625 0.7103015625 0.8453265624999999 0.7082171875 0.849753125 0.7053531249999999 0.852096875 0.7009265625 0.8552203125 0.6938953124999999
1 0.7557499999999999 0.5840093749999999 0.7614796875000001 0.5801031249999999 0.7695515625 0.5759375 0.773196875 0.5707296875 0.7698124999999999 0.563178125 0.7646031249999999 0.55823125 0.7586140625 0.55823125 0.753146875 0.5595328125 0.748459375 0.5618765625 0.74585625 0.5634390625 0.74195 0.567084375 0.7377828125 0.572553125 0.7299718749999999 0.5793234374999999 0.7224203125 0.58375 0.7135671875 0.584790625 0.7026296875 0.587134375 0.697421875 0.5905203124999999 0.6927359375000001 0.5980703124999999 0.6924749999999998 0.604059375 0.695859375 0.609528125 0.7023703124999999 0.6136953124999999 0.7094 0.6129140624999999 0.7135671875 0.60991875 0.7172125 0.6061437500000001 0.7234609375 0.6043203125 0.7299718749999999 0.6035390625 0.7390859375 0.6001546875 0.7461156250000001 0.5939046875 0.752625 0.588696875 0.7557499999999999 0.5840093749999999
1 0.6482078124999999 0.5301078124999999 0.6510718750000001 0.52880625 0.6570609374999999 0.5235984375 0.6601859375000001 0.5178703125 0.6570609374999999 0.5116203125 0.6523734375000001 0.5069328125 0.6476875 0.5061515625 0.64378125 0.5077140625 0.6383125 0.512140625 0.634146875 0.5131828125 0.6323234375 0.5165671875 0.62685625 0.5186515625 0.6213875 0.5233375 0.6153984375 0.52724375 0.6073265625 0.5316703125 0.6031593749999999 0.5332328125 0.5982124999999999 0.5340140624999999 0.5948265625 0.53661875 0.5859734375 0.5387015625 0.5833703125 0.543909375 0.5820671875 0.5501578125 0.5844109375000001 0.5553671875 0.588578125 0.5590124999999999 0.5963890625 0.5603140624999999 0.6018578124999999 0.55745 0.6081078125 0.5536734375 0.6120125000000001 0.5511999999999999 0.6164390625 0.5509390625 0.624771875 0.5472937499999999 0.6305015625 0.5444296875 0.63753125 0.5402640624999999 0.6435203125 0.5342749999999999 0.6482078124999999 0.5301078124999999
1 0.6203453125 0.651971875 0.6164390625 0.65561875 0.6091484374999999 0.656659375 0.6034203125 0.656659375 0.5948265625 0.6582218750000001 0.5859734375 0.6582218750000001 0.57738125 0.65561875 0.57269375 0.65405625 0.56488125 0.655096875 0.5604546874999999 0.6564 0.5570703124999999 0.6610859374999999 0.556028125 0.668378125 0.5588921874999999 0.6754078124999999 0.565403125 0.6785328125 0.5729546874999999 0.678271875 0.57738125 0.6780124999999999 0.5805046875000001 0.67879375 0.5844109375000001 0.680615625 0.588578125 0.681396875 0.5945671875 0.681396875 0.6013374999999999 0.6816578125 0.6075859375 0.6811359375 0.6138359375 0.679834375 0.6156578124999998 0.67723125 0.6187828125 0.6748875 0.630240625 0.6750171875 0.6357093749999999 0.6741062499999999 0.6403953124999999 0.66941875 0.6416984375 0.6626484374999999 0.63909375 0.6569203125 0.633625 0.652753125 0.6284171875 0.65093125 0.6203453125 0.651971875